HOLE:	1249A
LEG:	204
TOP:	0.1460
BOTTOM:	64.0016
DEPTH_WMSF	DCAL
m	in
0.1460	0.1001
0.2984	0.0642
0.4508	0.0873
0.6032	0.0760
0.7556	0.2006
0.9080	0.8432
1.0604	0.7480
1.2128	0.3613
1.3652	0.3528
1.5176	0.3743
1.6700	0.2802
1.8224	0.3843
1.9748	0.3448
2.1272	0.2493
2.2796	0.4062
2.4320	0.7875
2.5844	0.7894
2.7368	0.4648
2.8892	0.1629
3.0416	0.4071
3.1940	1.0864
3.3464	1.5433
3.4988	1.5488
3.6512	1.6213
3.8036	1.5034
3.9560	1.3366
4.1084	0.9583
4.2608	0.7799
4.4132	0.3880
4.5656	0.6599
4.7180	0.9914
4.8704	1.2239
5.0228	1.4404
5.1752	1.5383
5.3276	1.3967
5.4800	1.3508
5.6324	1.1833
5.7848	1.0437
5.9372	1.2193
6.0896	1.0328
6.2420	0.8741
6.3944	0.7108
6.5468	0.9196
6.6992	0.8668
6.8516	0.9758
7.0040	1.0726
7.1564	1.0810
7.3088	0.9878
7.4612	0.9962
7.6136	0.9872
7.7660	0.8778
7.9184	0.7292
8.0708	0.7030
8.2232	0.6041
8.3756	0.5593
8.5280	0.3733
8.6804	0.2975
8.8328	0.2672
8.9852	0.2795
9.1376	0.3305
9.2900	0.2619
9.4424	0.1150
9.5948	0.0803
9.7472	0.2601
9.8996	0.4594
10.0520	0.2470
10.2044	0.0865
10.3568	0.2298
10.5092	0.3905
10.6616	0.2583
10.8140	0.3169
10.9664	0.3899
11.1188	0.2232
11.2712	0.1501
11.4236	0.2134
11.5760	0.1153
11.7284	0.1706
11.8808	0.3059
12.0332	0.3331
12.1856	0.3811
12.3380	0.2894
12.4904	0.0683
12.6428	0.2498
12.7952	0.2594
12.9476	0.3283
13.1000	0.4125
13.2524	0.3907
13.4048	0.4457
13.5572	0.4504
13.7096	0.5798
13.8620	0.6241
14.0144	0.5837
14.1668	0.5233
14.3192	0.4969
14.4716	0.4515
14.6240	0.4599
14.7764	0.1733
14.9288	0.2219
15.0812	0.2172
15.2336	0.3623
15.3860	0.1231
15.5384	0.1458
15.6908	0.4173
15.8432	0.4650
15.9956	0.3224
16.1480	0.4410
16.3004	0.7438
16.4528	0.8855
16.6052	0.9132
16.7576	0.8314
16.9100	0.7022
17.0624	0.6350
17.2148	0.7019
17.3672	0.7280
17.5196	0.6021
17.6720	0.5073
17.8244	0.6183
17.9768	0.6919
18.1292	0.7622
18.2816	0.6351
18.4340	0.5267
18.5864	0.4269
18.7388	0.4282
18.8912	0.4834
19.0436	0.4913
19.1960	0.4858
19.3484	0.4872
19.5008	0.5975
19.6532	0.6165
19.8056	0.6742
19.9580	0.6276
20.1104	0.6580
20.2628	0.7319
20.4152	0.7684
20.5676	0.8545
20.7200	0.8425
20.8724	0.8548
21.0248	0.7676
21.1772	0.7935
21.3296	0.6664
21.4820	0.4468
21.6344	0.2911
21.7868	0.2751
21.9392	0.2681
22.0916	0.3349
22.2440	0.3511
22.3964	0.3974
22.5488	0.2570
22.7012	0.1539
22.8536	0.0618
23.0060	0.2394
23.1584	0.3308
23.3108	0.2972
23.4632	0.2794
23.6156	0.2291
23.7680	0.1493
23.9204	0.2085
24.0728	0.3116
24.2252	0.3970
24.3776	0.4802
24.5300	0.3518
24.6824	0.2237
24.8348	0.1899
24.9872	0.1205
25.1396	0.0986
25.2920	0.2448
25.4444	0.3778
25.5968	0.3552
25.7492	0.4659
25.9016	0.4102
26.0540	0.4875
26.2064	0.4932
26.3588	0.5461
26.5112	0.5186
26.6636	0.4807
26.8160	0.4015
26.9684	0.4321
27.1208	0.4362
27.2732	0.4265
27.4256	0.2973
27.5780	0.2446
27.7304	0.2078
27.8828	0.3198
28.0352	0.3099
28.1876	0.1831
28.3400	0.0941
28.4924	0.0876
28.6448	0.2152
28.7972	0.3483
28.9496	0.3917
29.1020	0.4291
29.2544	0.4172
29.4068	0.4807
29.5592	0.5080
29.7116	0.4495
29.8640	0.3137
30.0164	0.2267
30.1688	0.2990
30.3212	0.4128
30.4736	0.3542
30.6260	0.3700
30.7784	0.3327
30.9308	0.3273
31.0832	0.1805
31.2356	0.1255
31.3880	0.1079
31.5404	0.1428
31.6928	0.1919
31.8452	0.2245
31.9976	0.2432
32.1500	0.3802
32.3024	0.4101
32.4548	0.4306
32.6072	0.2083
32.7596	0.1616
32.9120	0.1666
33.0644	0.2804
33.2168	0.3173
33.3692	0.3290
33.5216	0.2652
33.6740	0.2437
33.8264	0.2354
33.9788	0.2330
34.1312	0.2126
34.2836	0.2346
34.4360	0.3380
34.5884	0.4502
34.7408	0.6250
34.8932	0.6654
35.0456	0.4790
35.1980	0.2261
35.3504	0.1235
35.5028	0.1937
35.6552	0.1897
35.8076	0.1559
35.9600	0.1402
36.1124	0.1693
36.2648	0.1216
36.4172	0.2001
36.5696	0.1954
36.7220	0.1925
36.8744	0.1203
37.0268	0.2168
37.1792	0.3136
37.3316	0.4349
37.4840	0.3154
37.6364	0.2009
37.7888	0.0935
37.9412	0.0681
38.0936	0.1843
38.2460	0.3415
38.3984	0.4169
38.5508	0.4013
38.7032	0.4004
38.8556	0.3733
39.0080	0.4290
39.1604	0.2990
39.3128	0.2641
39.4652	0.1172
39.6176	0.1830
39.7700	0.2644
39.9224	0.3194
40.0748	0.2768
40.2272	0.1830
40.3796	0.0776
40.5320	0.0254
40.6844	0.0830
40.8368	0.0837
40.9892	0.1600
41.1416	0.2412
41.2940	0.2611
41.4464	0.3467
41.5988	0.3155
41.7512	0.3680
41.9036	0.4235
42.0560	0.3556
42.2084	0.1761
42.3608	0.1726
42.5132	0.4167
42.6656	0.5053
42.8180	0.4142
42.9704	0.2816
43.1228	0.2610
43.2752	0.3159
43.4276	0.2522
43.5800	0.2662
43.7324	0.3553
43.8848	0.3727
44.0372	0.3514
44.1896	0.2686
44.3420	0.3051
44.4944	0.3554
44.6468	0.3852
44.7992	0.3094
44.9516	0.3109
45.1040	0.4197
45.2564	0.4007
45.4088	0.2550
45.5612	0.1925
45.7136	0.1569
45.8660	0.1517
46.0184	0.3593
46.1708	0.5119
46.3232	0.4916
46.4756	0.2479
46.6280	0.2449
46.7804	0.3981
46.9328	0.4026
47.0852	0.4195
47.2376	0.4735
47.3900	0.3903
47.5424	0.3868
47.6948	0.3414
47.8472	0.3520
47.9996	0.3107
48.1520	0.2553
48.3044	0.2180
48.4568	0.1378
48.6092	0.1559
48.7616	0.1679
48.9140	0.2359
49.0664	0.2290
49.2188	0.1765
49.3712	0.1449
49.5236	0.0706
49.6760	0.1428
49.8284	0.3028
49.9808	0.4040
50.1332	0.1938
50.2856	0.1101
50.4380	0.4816
50.5904	0.6018
50.7428	0.5388
50.8952	0.3334
51.0476	0.2107
51.2000	0.2059
51.3524	0.2055
51.5048	0.2518
51.6572	0.3602
51.8096	0.4463
51.9620	0.5087
52.1144	0.3913
52.2668	0.3531
52.4192	0.3634
52.5716	0.3862
52.7240	0.2616
52.8764	0.1773
53.0288	0.2123
53.1812	0.2309
53.3336	0.1927
53.4860	0.2093
53.6384	0.2903
53.7908	0.3442
53.9432	0.3232
54.0956	0.1934
54.2480	0.1806
54.4004	0.1435
54.5528	0.2324
54.7052	0.2948
54.8576	0.3276
55.0100	0.2378
55.1624	0.1839
55.3148	0.1582
55.4672	0.1877
55.6196	0.1819
55.7720	0.2503
55.9244	0.2776
56.0768	0.1722
56.2292	0.0868
56.3816	0.2037
56.5340	0.2659
56.6864	0.2821
56.8388	0.1556
56.9912	0.1201
57.1436	0.1990
57.2960	0.2882
57.4484	0.2420
57.6008	0.1385
57.7532	0.1037
57.9056	0.1936
58.0580	0.2044
58.2104	0.2222
58.3628	0.2321
58.5152	0.1373
58.6676	0.1251
58.8200	0.1293
58.9724	0.1500
59.1248	0.2105
59.2772	0.2324
59.4296	0.1701
59.5820	0.1585
59.7344	0.1225
59.8868	0.2059
60.0392	0.3369
60.1916	0.4308
60.3440	0.3339
60.4964	0.1750
60.6488	0.1125
60.8012	0.1918
60.9536	0.3285
61.1060	0.4957
61.2584	0.3988
61.4108	0.3412
61.5632	0.2588
61.7156	0.2788
61.8680	0.3531
62.0204	0.3943
62.1728	0.4194
62.3252	0.3735
62.4776	0.3288
62.6300	0.2576
62.7824	0.2559
62.9348	0.2712
63.0872	0.3735
63.2396	0.3269
63.3920	0.3755
63.5444	0.3138
63.6968	0.3590
63.8492	0.3309
64.0016	0.2797