HOLE:	1249A
LEG:	204
TOP:	0.1460
BOTTOM:	64.0016
DEPTH_LSF	RHOB	DRHO	DRRT	PEF
m	g/cm3	g/cm3	g/cm3	barns/e-
0.1460	1.0222	-0.0472	0.0238	1.9413
0.2984	1.0232	-0.0468	0.0152	2.0022
0.4508	1.0306	-0.0437	0.0204	2.1315
0.6032	1.0591	-0.0371	0.0167	2.2855
0.7556	1.1091	-0.0313	0.0389	2.4527
0.9080	1.2156	-0.0116	0.1188	2.6241
1.0604	1.3215	0.0175	0.1209	2.7093
1.2128	1.4059	0.0488	0.0737	2.7810
1.3652	1.4045	0.0617	0.0717	2.8311
1.5176	1.4120	0.0686	0.0774	2.8993
1.6700	1.4389	0.0858	0.0617	2.9563
1.8224	1.4802	0.0984	0.0926	2.9185
1.9748	1.4979	0.1011	0.0862	2.8303
2.1272	1.5014	0.0951	0.0627	2.7092
2.2796	1.4860	0.0732	0.0991	2.6815
2.4320	1.4829	0.0596	0.1908	2.7061
2.5844	1.5067	0.0732	0.2007	2.6144
2.7368	1.4222	0.0574	0.0986	2.7573
2.8892	1.3706	0.0504	0.0303	2.6126
3.0416	1.3112	0.0256	0.0637	2.7633
3.1940	1.3396	0.0208	0.1855	2.7019
3.3464	1.3679	0.0171	0.2853	2.6319
3.4988	1.3799	0.0223	0.2956	2.7492
3.6512	1.3607	0.0201	0.2938	2.9580
3.8036	1.3582	0.0215	0.2706	3.0440
3.9560	1.3275	0.0144	0.2200	3.0315
4.1084	1.3234	0.0189	0.1558	2.9017
4.2608	1.2999	0.0210	0.1177	2.8832
4.4132	1.2921	0.0209	0.0570	2.7131
4.5656	1.2958	0.0204	0.0982	2.4036
4.7180	1.2929	0.0159	0.1461	2.4299
4.8704	1.3025	0.0158	0.1862	2.4713
5.0228	1.3334	0.0253	0.2414	2.8540
5.1752	1.3706	0.0286	0.2865	2.9335
5.3276	1.4023	0.0402	0.2822	2.9982
5.4800	1.3753	0.0323	0.2547	3.0440
5.6324	1.3129	0.0219	0.1862	3.0696
5.7848	1.2760	0.0170	0.1450	3.0499
5.9372	1.2581	0.0103	0.1584	3.0679
6.0896	1.2460	0.0079	0.1298	3.0248
6.2420	1.2040	-0.0106	0.1282	3.0440
6.3944	1.1929	-0.0153	0.1082	2.9921
6.5468	1.2430	-0.0132	0.1169	3.0211
6.6992	1.3425	0.0047	0.1492	3.0020
6.8516	1.4168	0.0257	0.2043	3.0195
7.0040	1.4296	0.0368	0.2314	2.9711
7.1564	1.4077	0.0345	0.2213	3.0256
7.3088	1.3999	0.0306	0.1984	2.9011
7.4612	1.3986	0.0341	0.1994	2.9191
7.6136	1.4107	0.0436	0.2036	3.1037
7.7660	1.4163	0.0475	0.1835	3.1250
7.9184	1.4266	0.0528	0.1562	3.0156
8.0708	1.3976	0.0393	0.1404	2.7528
8.2232	1.3885	0.0396	0.1179	2.6785
8.3756	1.3783	0.0327	0.1063	2.6154
8.5280	1.4164	0.0441	0.0780	2.5784
8.6804	1.4489	0.0488	0.0670	2.6313
8.8328	1.4888	0.0593	0.0655	2.7592
8.9852	1.5122	0.0628	0.0718	2.7452
9.1376	1.5292	0.0654	0.0877	2.8312
9.2900	1.5313	0.0674	0.0698	2.8654
9.4424	1.5267	0.0696	0.0304	3.0940
9.5948	1.5105	0.0658	0.0206	3.0834
9.7472	1.4044	0.0315	0.0528	3.2176
9.8996	1.2432	-0.0073	0.0584	2.9656
10.0520	1.1012	-0.0328	0.0489	2.5640
10.2044	1.0704	-0.0341	0.0185	2.3330
10.3568	1.1476	-0.0301	0.0402	2.5724
10.5092	1.3083	-0.0067	0.0605	2.8262
10.6616	1.4398	0.0230	0.0570	2.9385
10.8140	1.4761	0.0420	0.0757	3.1830
10.9664	1.4750	0.0471	0.0929	3.2820
11.1188	1.4625	0.0405	0.0518	3.2885
11.2712	1.4611	0.0395	0.0347	3.0668
11.4236	1.4607	0.0374	0.0494	3.0299
11.5760	1.4717	0.0393	0.0273	2.9366
11.7284	1.4874	0.0463	0.0417	2.9610
11.8808	1.4904	0.0481	0.0753	2.9948
12.0332	1.4951	0.0490	0.0828	2.9650
12.1856	1.4945	0.0470	0.0946	2.8498
12.3380	1.4947	0.0458	0.0718	2.7967
12.4904	1.4753	0.0448	0.0163	2.7110
12.6428	1.4675	0.0475	0.0586	2.8447
12.7952	1.4810	0.0541	0.0626	2.8884
12.9476	1.5050	0.0590	0.0832	2.8793
13.1000	1.5118	0.0588	0.1059	2.9361
13.2524	1.4936	0.0457	0.0968	2.9760
13.4048	1.4915	0.0400	0.1099	3.0821
13.5572	1.4881	0.0310	0.1103	3.0385
13.7096	1.4889	0.0311	0.1423	2.9194
13.8620	1.4909	0.0292	0.1538	2.8784
14.0144	1.4978	0.0273	0.1458	2.8298
14.1668	1.5149	0.0335	0.1352	2.7663
14.3192	1.5269	0.0374	0.1314	2.6962
14.4716	1.5434	0.0479	0.1231	2.7886
14.6240	1.5066	0.0372	0.1169	2.7885
14.7764	1.4842	0.0399	0.0421	2.8738
14.9288	1.4610	0.0326	0.0513	3.0114
15.0812	1.3712	0.0175	0.0405	3.1457
15.2336	1.2036	-0.0178	0.0532	2.9542
15.3860	1.0975	-0.0279	0.0246	2.5707
15.5384	1.0816	-0.0384	0.0303	2.9065
15.6908	1.2069	-0.0288	0.0606	3.1788
15.8432	1.3542	-0.0129	0.0828	3.4927
15.9956	1.5141	0.0243	0.0832	3.2591
16.1480	1.5230	0.0288	0.1157	3.2029
16.3004	1.4605	0.0162	0.1719	3.2963
16.4528	1.4567	0.0166	0.2030	3.2755
16.6052	1.4608	0.0146	0.2112	3.1570
16.7576	1.5069	0.0295	0.2114	2.9435
16.9100	1.5106	0.0357	0.1799	2.9786
17.0624	1.4958	0.0461	0.1580	3.1810
17.2148	1.4231	0.0334	0.1491	3.1486
17.3672	1.3591	0.0189	0.1314	2.9308
17.5196	1.3333	0.0060	0.1009	2.7851
17.6720	1.3976	0.0206	0.1013	2.8059
17.8244	1.4580	0.0308	0.1422	2.9222
17.9768	1.4921	0.0370	0.1709	2.9602
18.1292	1.5009	0.0435	0.1916	3.1149
18.2816	1.5197	0.0477	0.1656	3.1871
18.4340	1.5409	0.0573	0.1429	3.2164
18.5864	1.5361	0.0533	0.1148	3.1666
18.7388	1.5253	0.0426	0.1128	3.0325
18.8912	1.5286	0.0438	0.1282	3.1270
19.0436	1.5327	0.0475	0.1313	2.9914
19.1960	1.5258	0.0469	0.1282	3.0608
19.3484	1.4997	0.0367	0.1222	3.0831
19.5008	1.4446	0.0262	0.1334	3.0974
19.6532	1.4055	0.0189	0.1256	3.0368
19.8056	1.4043	0.0153	0.1369	2.9773
19.9580	1.4520	0.0181	0.1424	3.0618
20.1104	1.5001	0.0265	0.1651	3.2038
20.2628	1.5024	0.0221	0.1845	3.0963
20.4152	1.5046	0.0190	0.1946	3.0843
20.5676	1.5027	0.0094	0.2155	3.0362
20.7200	1.5307	0.0222	0.2243	3.1640
20.8724	1.5411	0.0246	0.2320	3.1881
21.0248	1.5579	0.0281	0.2148	3.2741
21.1772	1.5672	0.0299	0.2258	3.3923
21.3296	1.5712	0.0337	0.1909	3.5478
21.4820	1.5680	0.0406	0.1273	3.4607
21.6344	1.5533	0.0404	0.0808	3.2273
21.7868	1.5319	0.0334	0.0734	2.9384
21.9392	1.5135	0.0256	0.0691	2.8434
22.0916	1.5172	0.0273	0.0869	2.9799
22.2440	1.5393	0.0336	0.0950	3.1329
22.3964	1.5476	0.0331	0.1092	3.2572
22.5488	1.5550	0.0367	0.0716	3.2336
22.7012	1.5552	0.0367	0.0429	3.2603
22.8536	1.5576	0.0347	0.0173	3.0568
23.0060	1.5495	0.0263	0.0660	2.9413
23.1584	1.5544	0.0253	0.0920	3.0216
23.3108	1.5706	0.0288	0.0851	3.1591
23.4632	1.5913	0.0382	0.0828	3.0854
23.6156	1.5871	0.0367	0.0675	2.9175
23.7680	1.5740	0.0306	0.0430	3.0045
23.9204	1.5725	0.0278	0.0599	3.2078
24.0728	1.5761	0.0278	0.0900	3.3138
24.2252	1.5858	0.0350	0.1166	3.2549
24.3776	1.5869	0.0355	0.1414	3.0237
24.5300	1.5857	0.0330	0.1033	3.0815
24.6824	1.5894	0.0355	0.0661	3.0356
24.8348	1.5734	0.0362	0.0546	3.1132
24.9872	1.5591	0.0325	0.0338	3.0349
25.1396	1.5347	0.0164	0.0265	3.0441
25.2920	1.5490	0.0153	0.0674	3.0592
25.4444	1.5483	0.0167	0.1039	3.0118
25.5968	1.5469	0.0243	0.0974	2.9923
25.7492	1.5360	0.0257	0.1253	2.9916
25.9016	1.5331	0.0252	0.1097	3.0759
26.0540	1.5376	0.0231	0.1315	3.0128
26.2064	1.5293	0.0199	0.1310	3.0241
26.3588	1.5379	0.0246	0.1474	3.0388
26.5112	1.5413	0.0296	0.1408	3.1469
26.6636	1.5407	0.0281	0.1304	3.2290
26.8160	1.5296	0.0203	0.1067	3.3786
26.9684	1.5235	0.0200	0.1135	3.4913
27.1208	1.5173	0.0205	0.1132	3.4403
27.2732	1.5252	0.0225	0.1124	3.1719
27.4256	1.5227	0.0195	0.0780	3.1766
27.5780	1.5348	0.0207	0.0656	3.0436
27.7304	1.5373	0.0217	0.0560	2.9680
27.8828	1.5447	0.0242	0.0874	2.7657
28.0352	1.5417	0.0235	0.0842	2.8068
28.1876	1.5378	0.0230	0.0494	2.9160
28.3400	1.5248	0.0197	0.0248	2.9855
28.4924	1.5193	0.0181	0.0228	3.0219
28.6448	1.5150	0.0162	0.0556	3.0800
28.7972	1.5130	0.0121	0.0896	3.0862
28.9496	1.5210	0.0105	0.1024	2.9269
29.1020	1.5301	0.0143	0.1141	3.0423
29.2544	1.5481	0.0200	0.1147	3.0846
29.4068	1.5540	0.0299	0.1336	3.4010
29.5592	1.5485	0.0248	0.1398	3.1548
29.7116	1.5422	0.0220	0.1223	3.1238
29.8640	1.5475	0.0211	0.0861	2.9882
30.0164	1.5458	0.0252	0.0621	3.1929
30.1688	1.5527	0.0295	0.0829	3.2903
30.3212	1.5514	0.0246	0.1142	3.2533
30.4736	1.5630	0.0257	0.1000	3.1040
30.6260	1.5600	0.0238	0.1039	3.0201
30.7784	1.5635	0.0281	0.0940	3.1083
30.9308	1.5625	0.0293	0.0923	3.2475
31.0832	1.5724	0.0356	0.0518	3.3487
31.2356	1.5770	0.0345	0.0363	3.2772
31.3880	1.5860	0.0348	0.0317	3.2481
31.5404	1.5842	0.0267	0.0419	3.0944
31.6928	1.5854	0.0256	0.0563	3.2514
31.8452	1.5916	0.0246	0.0666	3.3474
31.9976	1.6130	0.0353	0.0747	3.3780
32.1500	1.5984	0.0291	0.1141	3.3700
32.3024	1.5761	0.0273	0.1185	3.1591
32.4548	1.5531	0.0217	0.1195	3.4009
32.6072	1.5552	0.0288	0.0580	3.3932
32.7596	1.5563	0.0309	0.0451	3.5584
32.9120	1.5531	0.0303	0.0462	3.4489
33.0644	1.5442	0.0221	0.0766	3.3260
33.2168	1.5455	0.0216	0.0868	3.3805
33.3692	1.5513	0.0249	0.0910	3.3671
33.5216	1.5465	0.0291	0.0727	3.4525
33.6740	1.5366	0.0263	0.0656	3.3838
33.8264	1.5300	0.0202	0.0626	3.3562
33.9788	1.5383	0.0209	0.0629	3.3428
34.1312	1.5387	0.0199	0.0575	3.3356
34.2836	1.5380	0.0202	0.0633	3.3757
34.4360	1.5289	0.0132	0.0897	3.2469
34.5884	1.5142	0.0077	0.1162	3.2292
34.7408	1.5041	0.0075	0.1581	3.1908
34.8932	1.4987	0.0115	0.1665	3.2560
35.0456	1.5108	0.0223	0.1228	3.3053
35.1980	1.5240	0.0277	0.0594	3.3065
35.3504	1.5308	0.0332	0.0329	3.4066
35.5028	1.5319	0.0328	0.0517	3.3479
35.6552	1.5352	0.0376	0.0509	3.4030
35.8076	1.5427	0.0354	0.0424	3.2772
35.9600	1.5491	0.0360	0.0386	3.1937
36.1124	1.5554	0.0311	0.0472	3.0311
36.2648	1.5616	0.0314	0.0342	3.0968
36.4172	1.5670	0.0284	0.0569	3.3280
36.5696	1.5547	0.0218	0.0544	3.4780
36.7220	1.5385	0.0092	0.0520	3.3975
36.8744	1.5355	0.0078	0.0323	3.1667
37.0268	1.5513	0.0171	0.0600	3.0670
37.1792	1.5641	0.0237	0.0887	3.0750
37.3316	1.5646	0.0214	0.1232	3.0604
37.4840	1.5572	0.0119	0.0882	3.0811
37.6364	1.5605	0.0103	0.0565	2.9520
37.7888	1.5671	0.0156	0.0266	3.0071
37.9412	1.5645	0.0183	0.0193	3.1191
38.0936	1.5574	0.0174	0.0515	3.2888
38.2460	1.5516	0.0100	0.0945	3.2928
38.3984	1.5494	0.0074	0.1149	3.3307
38.5508	1.5554	0.0079	0.1118	3.3373
38.7032	1.5472	0.0072	0.1099	3.2748
38.8556	1.5471	0.0082	0.1024	3.1300
39.0080	1.5431	0.0070	0.1169	3.1239
39.1604	1.5523	0.0112	0.0829	3.0584
39.3128	1.5482	0.0082	0.0726	3.1348
39.4652	1.5579	0.0109	0.0328	3.2166
39.6176	1.5751	0.0151	0.0528	3.4016
39.7700	1.6066	0.0212	0.0804	3.5264
39.9224	1.6314	0.0169	0.1011	3.4813
40.0748	1.6550	0.0100	0.0909	3.3712
40.2272	1.6713	0.0155	0.0616	3.3399
40.3796	1.6691	0.0229	0.0260	3.3832
40.5320	1.6300	0.0182	0.0080	3.4406
40.6844	1.5903	0.0062	0.0246	3.3824
40.8368	1.5606	-0.0023	0.0235	3.4139
40.9892	1.5500	-0.0036	0.0441	3.4951
41.1416	1.5449	-0.0079	0.0659	3.3784
41.2940	1.5486	-0.0094	0.0719	3.2603
41.4464	1.5549	-0.0087	0.0965	3.1943
41.5988	1.5638	0.0005	0.0892	3.2056
41.7512	1.5486	0.0003	0.1013	3.0713
41.9036	1.5503	0.0064	0.1169	2.8683
42.0560	1.5370	-0.0025	0.0958	2.6068
42.2084	1.5383	-0.0004	0.0476	2.8070
42.3608	1.5318	-0.0013	0.0461	2.9224
42.5132	1.5458	0.0125	0.1141	3.1909
42.6656	1.5490	0.0126	0.1392	3.0553
42.8180	1.5431	0.0123	0.1128	3.0588
42.9704	1.5381	0.0132	0.0760	3.0296
43.1228	1.5322	0.0121	0.0697	3.1195
43.2752	1.5411	0.0156	0.0858	3.1267
43.4276	1.5411	0.0153	0.0685	3.0874
43.5800	1.5478	0.0166	0.0732	2.9571
43.7324	1.5514	0.0146	0.0983	2.9115
43.8848	1.5672	0.0214	0.1060	2.9845
44.0372	1.5811	0.0309	0.1024	3.2388
44.1896	1.5947	0.0312	0.0801	3.3451
44.3420	1.5896	0.0223	0.0902	3.3923
44.4944	1.5901	0.0184	0.1052	3.2498
44.6468	1.5845	0.0195	0.1129	3.1609
44.7992	1.5888	0.0243	0.0914	3.0811
44.9516	1.5862	0.0198	0.0914	3.0232
45.1040	1.5829	0.0162	0.1227	3.0072
45.2564	1.5775	0.0114	0.1161	2.9467
45.4088	1.5780	0.0112	0.0739	3.0226
45.5612	1.5837	0.0159	0.0563	3.2357
45.7136	1.5808	0.0170	0.0457	3.3475
45.8660	1.5720	0.0172	0.0435	3.3877
46.0184	1.5697	0.0151	0.1027	3.4189
46.1708	1.5674	0.0138	0.1457	3.5177
46.3232	1.5612	0.0148	0.1384	3.4329
46.4756	1.5442	0.0160	0.0677	3.1415
46.6280	1.5345	0.0245	0.0657	3.0466
46.7804	1.5260	0.0241	0.1050	3.0277
46.9328	1.5272	0.0267	0.1065	3.2620
47.0852	1.5179	0.0246	0.1090	3.2383
47.2376	1.4916	0.0209	0.1168	3.2701
47.3900	1.4712	0.0187	0.0923	3.1564
47.5424	1.4801	0.0155	0.0932	3.1051
47.6948	1.5177	0.0241	0.0887	3.1438
47.8472	1.5465	0.0275	0.0965	3.2526
47.9996	1.5483	0.0342	0.0855	3.3541
48.1520	1.5356	0.0358	0.0686	3.3818
48.3044	1.5314	0.0372	0.0581	3.3500
48.4568	1.5420	0.0432	0.0375	3.3877
48.6092	1.5490	0.0411	0.0429	3.2986
48.7616	1.5538	0.0366	0.0467	3.2494
48.9140	1.5525	0.0283	0.0654	3.2010
49.0664	1.5561	0.0260	0.0639	3.2756
49.2188	1.5624	0.0268	0.0498	3.3397
49.3712	1.5611	0.0173	0.0408	3.2747
49.5236	1.5669	0.0205	0.0201	3.2948
49.6760	1.5633	0.0197	0.0403	3.2952
49.8284	1.5669	0.0253	0.0861	3.2874
49.9808	1.5683	0.0165	0.1152	3.1148
50.1332	1.5819	0.0171	0.0566	3.0863
50.2856	1.5977	0.0235	0.0330	3.2177
50.4380	1.6129	0.0294	0.1480	3.3814
50.5904	1.6158	0.0318	0.1858	3.5004
50.7428	1.6270	0.0360	0.1694	3.4278
50.8952	1.6323	0.0320	0.1057	3.4292
51.0476	1.6400	0.0268	0.0676	3.2934
51.2000	1.6310	0.0169	0.0652	3.2732
51.3524	1.6257	0.0125	0.0645	3.1925
51.5048	1.6178	0.0134	0.0780	3.2714
51.6572	1.6101	0.0091	0.1102	3.3298
51.8096	1.6093	0.0136	0.1364	3.2946
51.9620	1.6044	0.0141	0.1542	3.2725
52.1144	1.6153	0.0221	0.1207	3.2391
52.2668	1.6230	0.0234	0.1103	3.2876
52.4192	1.6217	0.0233	0.1133	3.3090
52.5716	1.6095	0.0208	0.1180	3.2627
52.7240	1.5864	0.0151	0.0769	3.3413
52.8764	1.5792	0.0110	0.0515	3.3349
53.0288	1.5836	0.0108	0.0622	3.4277
53.1812	1.6030	0.0087	0.0698	3.2971
53.3336	1.6358	0.0153	0.0614	3.4178
53.4860	1.6619	0.0121	0.0695	3.2869
53.6384	1.6777	0.0169	0.0986	3.4312
53.7908	1.6706	0.0068	0.1157	3.1678
53.9432	1.6637	0.0022	0.1076	3.2227
54.0956	1.6623	-0.0033	0.0642	3.2094
54.2480	1.6799	0.0072	0.0616	3.3406
54.4004	1.6835	0.0133	0.0492	3.3253
54.5528	1.6821	0.0191	0.0795	3.3594
54.7052	1.6565	0.0134	0.0970	3.3297
54.8576	1.6500	0.0157	0.1068	3.2257
55.0100	1.6513	0.0250	0.0777	3.2342
55.1624	1.6636	0.0319	0.0612	3.1929
55.3148	1.6725	0.0421	0.0533	3.4400
55.4672	1.6647	0.0308	0.0625	3.2689
55.6196	1.6532	0.0234	0.0596	3.4037
55.7720	1.6453	0.0135	0.0810	3.2726
55.9244	1.6431	0.0093	0.0895	3.2738
56.0768	1.6477	0.0114	0.0559	3.1043
56.2292	1.6476	0.0161	0.0282	3.0609
56.3816	1.6503	0.0271	0.0664	2.9989
56.5340	1.6444	0.0252	0.0859	3.0923
56.6864	1.6482	0.0265	0.0917	3.1337
56.8388	1.6474	0.0254	0.0505	3.2015
56.9912	1.6567	0.0362	0.0396	3.1918
57.1436	1.6451	0.0343	0.0644	3.1797
57.2960	1.6455	0.0348	0.0933	3.2091
57.4484	1.6493	0.0394	0.0788	3.2466
57.6008	1.6539	0.0381	0.0454	3.1077
57.7532	1.6560	0.0347	0.0341	2.9645
57.9056	1.6606	0.0326	0.0641	2.8730
58.0580	1.6665	0.0395	0.0683	3.0965
58.2104	1.6695	0.0391	0.0746	3.1189
58.3628	1.6667	0.0313	0.0776	3.1524
58.5152	1.6730	0.0303	0.0463	3.0474
58.6676	1.6867	0.0460	0.0431	3.3360
58.8200	1.6845	0.0468	0.0444	3.2762
58.9724	1.6829	0.0431	0.0513	3.2562
59.1248	1.6804	0.0290	0.0718	3.0598
59.2772	1.6848	0.0226	0.0798	3.1083
59.4296	1.6855	0.0197	0.0584	3.0609
59.5820	1.6900	0.0233	0.0548	3.2580
59.7344	1.6987	0.0238	0.0429	3.4145
59.8868	1.6963	0.0195	0.0719	3.5099
60.0392	1.6901	0.0095	0.1165	3.2629
60.1916	1.6866	0.0106	0.1483	3.1936
60.3440	1.6970	0.0163	0.1167	3.1156
60.4964	1.7128	0.0258	0.0625	3.1973
60.6488	1.7144	0.0264	0.0403	3.2097
60.8012	1.7229	0.0312	0.0695	3.3962
60.9536	1.7237	0.0343	0.1192	3.4522
61.1060	1.7233	0.0365	0.1797	3.4398
61.2584	1.7216	0.0407	0.1443	3.2643
61.4108	1.7091	0.0467	0.1213	3.1426
61.5632	1.7088	0.0542	0.0920	3.1306
61.7156	1.6937	0.0483	0.0970	3.2071
61.8680	1.6921	0.0395	0.1225	3.3081
62.0204	1.6961	0.0342	0.1376	3.1730
62.1728	1.7123	0.0379	0.1497	3.0813
62.3252	1.7311	0.0426	0.1369	2.9426
62.4776	1.7303	0.0415	0.1204	3.0613
62.6300	1.7213	0.0360	0.0931	2.9662
62.7824	1.7084	0.0322	0.0909	2.9635
62.9348	1.7109	0.0285	0.0966	2.9293
63.0872	1.7221	0.0258	0.1352	2.9320
63.2396	1.7448	0.0329	0.1220	2.9704
63.3920	1.7722	0.0403	0.1453	2.9901
63.5444	1.7775	0.0432	0.1223	3.0764
63.6968	1.7739	0.0401	0.1392	3.0081
63.8492	1.7504	0.0331	0.1244	3.0127
64.0016	1.7464	0.0342	0.1046	3.0686