HOLE:	1249A
LEG:	204
TOP:	0.1460
BOTTOM:	88.2332
DEPTH_LSF	GR
m	gAPI
0.1460	6.7896
0.2984	9.9071
0.4508	17.2967
0.6032	25.9424
0.7556	33.3568
0.9080	37.5217
1.0604	37.5848
1.2128	38.7282
1.3652	40.2384
1.5176	42.2337
1.6700	43.3663
1.8224	43.9181
1.9748	46.8263
2.1272	48.9891
2.2796	51.2056
2.4320	50.3406
2.5844	49.1696
2.7368	46.8906
2.8892	46.4573
3.0416	47.5622
3.1940	49.3902
3.3464	48.3708
3.4988	47.1442
3.6512	45.5135
3.8036	49.0532
3.9560	47.9181
4.1084	47.3879
4.2608	42.3484
4.4132	40.4848
4.5656	38.9230
4.7180	39.8675
4.8704	40.9946
5.0228	42.6600
5.1752	45.3495
5.3276	44.5716
5.4800	40.3828
5.6324	35.7720
5.7848	37.2701
5.9372	38.1870
6.0896	37.3197
6.2420	34.4218
6.3944	35.1081
6.5468	38.6148
6.6992	41.2684
6.8516	43.6200
7.0040	45.3001
7.1564	46.7713
7.3088	45.6306
7.4612	45.0440
7.6136	44.7548
7.7660	44.6136
7.9184	45.1909
8.0708	44.6218
8.2232	45.5247
8.3756	45.0546
8.5280	46.2090
8.6804	45.7295
8.8328	46.0273
8.9852	45.5460
9.1376	47.4441
9.2900	44.0998
9.4424	42.4537
9.5948	36.4203
9.7472	33.0712
9.8996	26.9636
10.0520	24.7166
10.2044	26.1635
10.3568	33.3095
10.5092	39.0505
10.6616	42.1118
10.8140	41.9812
10.9664	43.2726
11.1188	44.4700
11.2712	44.1019
11.4236	42.9681
11.5760	42.4706
11.7284	43.2080
11.8808	46.5117
12.0332	47.3333
12.1856	48.8087
12.3380	47.9181
12.4904	49.0485
12.6428	46.9244
12.7952	47.2223
12.9476	46.1703
13.1000	47.4602
13.2524	46.4775
13.4048	47.3263
13.5572	48.1962
13.7096	48.7681
13.8620	48.0728
14.0144	48.2071
14.1668	48.9954
14.3192	48.6038
14.4716	47.1739
14.6240	44.2493
14.7764	42.1999
14.9288	37.2269
15.0812	33.6654
15.2336	31.3252
15.3860	35.5303
15.5384	37.9323
15.6908	42.3679
15.8432	41.0486
15.9956	42.7082
16.1480	41.3957
16.3004	43.5125
16.4528	43.9429
16.6052	45.1825
16.7576	45.3912
16.9100	48.1187
17.0624	47.8730
17.2148	48.0068
17.3672	44.6411
17.5196	45.1721
17.6720	44.8526
17.8244	47.0720
17.9768	47.5124
18.1292	47.5841
18.2816	48.0030
18.4340	49.0508
18.5864	48.0656
18.7388	45.9665
18.8912	42.5613
19.0436	43.5987
19.1960	43.8217
19.3484	45.5951
19.5008	47.0211
19.6532	48.3716
19.8056	49.4124
19.9580	47.8679
20.1104	47.4500
20.2628	46.9664
20.4152	48.9420
20.5676	48.5408
20.7200	48.9443
20.8724	49.5757
21.0248	52.1318
21.1772	53.7907
21.3296	53.2151
21.4820	52.3251
21.6344	51.5241
21.7868	50.5861
21.9392	53.0247
22.0916	52.2733
22.2440	53.9748
22.3964	50.4093
22.5488	51.5304
22.7012	50.8633
22.8536	50.8599
23.0060	49.9335
23.1584	50.2975
23.3108	52.0925
23.4632	53.3632
23.6156	54.1537
23.7680	53.3110
23.9204	52.9436
24.0728	50.1127
24.2252	50.0017
24.3776	51.5636
24.5300	52.5767
24.6824	52.7976
24.8348	51.8780
24.9872	51.4644
25.1396	51.4330
25.2920	49.1958
25.4444	46.6625
25.5968	45.8746
25.7492	47.9844
25.9016	50.5459
26.0540	51.9727
26.2064	51.6589
26.3588	52.7448
26.5112	52.8542
26.6636	53.6587
26.8160	54.6130
26.9684	54.3280
27.1208	50.8975
27.2732	49.3923
27.4256	49.7010
27.5780	51.5904
27.7304	51.3256
27.8828	50.1215
28.0352	49.2659
28.1876	48.4955
28.3400	47.3094
28.4924	44.6784
28.6448	45.7579
28.7972	47.7328
28.9496	49.8688
29.1020	48.2910
29.2544	46.7856
29.4068	48.5845
29.5592	50.5503
29.7116	52.6026
29.8640	52.9835
30.0164	50.8543
30.1688	48.6722
30.3212	46.8760
30.4736	49.9380
30.6260	50.9101
30.7784	50.2109
30.9308	49.2700
31.0832	51.7122
31.2356	54.9682
31.3880	53.8366
31.5404	53.0052
31.6928	50.5570
31.8452	52.5288
31.9976	53.1496
32.1500	54.3658
32.3024	52.4401
32.4548	50.2290
32.6072	48.8466
32.7596	50.7338
32.9120	49.8580
33.0644	50.8156
33.2168	47.1632
33.3692	44.9009
33.5216	44.1769
33.6740	46.9148
33.8264	49.0582
33.9788	49.9123
34.1312	49.5357
34.2836	50.8961
34.4360	47.9938
34.5884	47.8627
34.7408	47.3454
34.8932	49.6451
35.0456	49.0561
35.1980	49.4179
35.3504	49.6788
35.5028	49.7018
35.6552	50.9337
35.8076	51.1069
35.9600	50.0516
36.1124	48.3158
36.2648	48.0126
36.4172	50.5390
36.5696	51.9715
36.7220	52.6252
36.8744	50.4164
37.0268	49.5311
37.1792	49.1584
37.3316	49.8262
37.4840	48.9063
37.6364	50.8682
37.7888	53.0606
37.9412	51.0720
38.0936	50.0670
38.2460	49.4931
38.3984	52.4300
38.5508	49.9001
38.7032	49.5053
38.8556	50.4535
39.0080	54.6084
39.1604	55.3007
39.3128	59.1479
39.4652	62.9841
39.6176	68.1964
39.7700	67.8277
39.9224	63.7918
40.0748	57.3748
40.2272	52.7084
40.3796	51.1572
40.5320	50.8119
40.6844	51.1582
40.8368	51.5163
40.9892	53.2343
41.1416	53.6132
41.2940	53.0430
41.4464	51.7763
41.5988	50.9977
41.7512	51.4399
41.9036	54.6442
42.0560	55.7043
42.2084	55.4391
42.3608	50.7819
42.5132	48.9086
42.6656	47.3236
42.8180	50.4424
42.9704	52.1743
43.1228	53.2528
43.2752	54.3249
43.4276	55.1383
43.5800	57.2489
43.7324	57.7180
43.8848	57.9823
44.0372	58.7972
44.1896	53.8815
44.3420	53.9677
44.4944	53.9049
44.6468	58.1950
44.7992	58.7396
44.9516	57.0313
45.1040	58.8879
45.2564	58.3337
45.4088	57.8597
45.5612	53.5799
45.7136	52.3786
45.8660	53.6932
46.0184	55.6991
46.1708	57.6918
46.3232	56.1442
46.4756	54.5160
46.6280	53.5541
46.7804	53.0828
46.9328	51.3290
47.0852	49.8292
47.2376	49.1407
47.3900	51.7463
47.5424	53.3329
47.6948	53.4265
47.8472	52.5471
47.9996	50.0012
48.1520	50.2283
48.3044	49.3648
48.4568	51.7511
48.6092	52.2425
48.7616	54.0583
48.9140	54.7168
49.0664	54.6418
49.2188	52.3975
49.3712	50.0577
49.5236	51.4821
49.6760	55.8360
49.8284	56.8533
49.9808	58.5846
50.1332	55.9845
50.2856	56.6093
50.4380	54.1640
50.5904	54.5883
50.7428	55.1426
50.8952	57.2337
51.0476	58.1063
51.2000	56.7563
51.3524	56.4746
51.5048	54.8516
51.6572	53.6847
51.8096	55.9667
51.9620	59.4423
52.1144	61.4012
52.2668	60.6787
52.4192	61.3882
52.5716	63.0733
52.7240	65.5584
52.8764	64.3963
53.0288	64.5301
53.1812	64.2454
53.3336	64.0593
53.4860	64.2787
53.6384	59.8747
53.7908	58.7093
53.9432	54.7991
54.0956	54.8443
54.2480	55.3359
54.4004	59.6545
54.5528	61.3636
54.7052	57.1523
54.8576	55.9130
55.0100	54.0340
55.1624	58.1754
55.3148	58.1556
55.4672	58.4091
55.6196	58.4660
55.7720	57.3504
55.9244	58.4556
56.0768	57.9732
56.2292	59.2438
56.3816	56.2193
56.5340	54.9145
56.6864	52.6906
56.8388	53.8013
56.9912	55.8270
57.1436	58.2543
57.2960	59.3921
57.4484	57.7106
57.6008	55.6636
57.7532	56.0014
57.9056	57.1762
58.0580	58.2224
58.2104	57.9122
58.3628	59.0814
58.5152	58.4562
58.6676	57.8937
58.8200	58.0123
58.9724	56.8859
59.1248	56.1421
59.2772	53.0198
59.4296	54.9226
59.5820	57.0384
59.7344	58.3648
59.8868	59.1613
60.0392	57.8100
60.1916	60.5320
60.3440	58.0454
60.4964	57.7923
60.6488	56.7586
60.8012	58.3815
60.9536	58.7087
61.1060	56.4219
61.2584	55.3350
61.4108	55.5230
61.5632	54.7788
61.7156	57.0924
61.8680	55.7594
62.0204	58.7211
62.1728	58.2562
62.3252	59.8870
62.4776	58.6991
62.6300	58.6165
62.7824	60.6280
62.9348	60.4332
63.0872	60.9515
63.2396	59.6478
63.3920	61.2278
63.5444	62.5050
63.6968	64.9657
63.8492	65.0602
64.0016	65.9198
64.1540	65.2423
64.3064	65.2523
64.4588	62.3539
64.6112	62.9605
64.7636	62.3291
64.9160	66.9441
65.0684	67.6503
65.2208	67.4426
65.3732	65.2449
65.5256	63.7625
65.6780	68.0825
65.8304	66.7821
65.9828	66.4377
66.1352	60.5679
66.2876	60.5358
66.4400	60.2801
66.5924	58.3423
66.7448	56.3162
66.8972	52.6010
67.0496	56.2439
67.2020	57.0908
67.3544	59.6934
67.5068	61.8600
67.6592	61.3653
67.8116	59.8382
67.9640	55.6495
68.1164	56.8882
68.2688	56.7083
68.4212	56.5656
68.5736	54.2909
68.7260	54.1244
68.8784	57.7952
69.0308	59.1482
69.1832	60.6634
69.3356	58.7803
69.4880	59.8451
69.6404	58.0797
69.7928	56.6873
69.9452	55.6857
70.0976	58.1185
70.2500	58.1980
70.4024	59.7620
70.5548	57.5614
70.7072	59.0480
70.8596	58.1416
71.0120	59.2760
71.1644	58.8021
71.3168	57.6393
71.4692	58.3067
71.6216	57.9191
71.7740	56.6461
71.9264	55.7068
72.0788	55.7730
72.2312	55.9593
72.3836	56.9218
72.5360	58.2259
72.6884	59.7295
72.8408	57.8207
72.9932	56.5290
73.1456	55.6568
73.2980	56.1561
73.4504	57.1416
73.6028	59.8284
73.7552	61.2818
73.9076	60.5961
74.0600	59.0452
74.2124	60.9702
74.3648	60.0956
74.5172	61.6222
74.6696	59.2746
74.8220	61.4669
74.9744	61.5612
75.1268	60.1096
75.2792	59.6017
75.4316	57.4934
75.5840	60.6041
75.7364	61.2639
75.8888	62.9339
76.0412	62.1132
76.1936	63.3400
76.3460	61.8043
76.4984	61.5400
76.6508	59.0531
76.8032	59.7331
76.9556	61.4355
77.1080	61.2699
77.2604	61.4592
77.4128	60.6395
77.5652	60.6392
77.7176	63.0380
77.8700	61.7571
78.0224	62.8746
78.1748	61.1532
78.3272	61.3675
78.4796	60.8426
78.6320	61.0640
78.7844	61.0786
78.9368	61.2933
79.0892	60.4091
79.2416	61.4944
79.3940	60.0780
79.5464	60.2604
79.6988	58.7332
79.8512	57.7678
80.0036	57.1885
80.1560	57.0669
80.3084	58.4384
80.4608	58.9760
80.6132	58.4576
80.7656	59.7485
80.9180	60.2674
81.0704	58.8206
81.2228	58.8239
81.3752	54.7454
81.5276	53.1875
81.6800	52.5532
81.8324	55.7260
81.9848	61.4346
82.1372	62.9813
82.2896	64.2273
82.4420	63.2605
82.5944	61.5886
82.7468	59.7813
82.8992	58.2084
83.0516	58.1250
83.2040	57.8072
83.3564	56.4185
83.5088	54.8792
83.6612	54.6247
83.8136	55.4441
83.9660	56.9976
84.1184	57.1357
84.2708	57.8923
84.4232	59.1411
84.5756	59.2588
84.7280	60.0204
84.8804	59.5615
85.0328	59.7765
85.1852	58.6834
85.3376	59.6048
85.4900	60.3067
85.6424	62.0141
85.7948	61.0305
85.9472	60.3860
86.0996	60.0770
86.2520	57.5397
86.4044	56.1859
86.5568	55.7765
86.7092	56.1040
86.8616	55.7707
87.0140	53.4409
87.1664	54.1561
87.3188	57.8164
87.4712	58.3583
87.6236	58.5758
87.7760	55.1314
87.9284	56.0136
88.0808	55.8326
88.2332	58.4114