HOLE:	1249A
LEG:	204
TOP:	14.9292
BOTTOM:	76.9560
T2 	3.37	4.24	5.33	6.72	8.46	10.6	13.4	16.9	21.2	26.7	33.7	42.4	53.4	67.2	84.6	106	134	169	212	267	337	424	534	672	846	1060	1340	1690	2120	2670
DEPTH	0	1	2	3	4	5	6	7	8	9	10	11	12	13	14	15	16	17	18	19	20	21	22	23	24	25	26	27	28	29
14.9292	9.268	10.293	10.506	9.613	7.407	3.873	0.000	0.000	0.000	0.000	0.000	0.000	0.000	0.000	0.000	0.000	0.000	0.000	0.000	0.000	0.000	0.000	0.000	1.144	1.602	1.784	1.777	1.653	1.469	1.264
15.0816	7.879	8.775	9.065	8.467	6.725	3.738	0.000	0.000	0.000	0.000	0.000	0.000	0.000	0.000	0.000	0.000	0.000	0.000	0.000	0.000	0.000	0.000	1.389	1.675	1.645	1.435	1.147	0.853	0.592	0.386
15.2340	5.708	6.442	6.833	6.651	5.662	3.728	0.880	0.000	0.000	0.000	0.000	0.000	0.000	0.000	0.000	0.000	0.000	0.000	0.000	0.000	0.000	0.967	1.356	1.408	1.245	0.973	0.675	0.404	0.186	0.030
15.3864	5.002	5.695	6.134	6.099	5.351	3.746	1.305	0.000	0.000	0.000	0.000	0.000	0.000	0.000	0.000	0.000	0.000	0.000	0.000	0.000	0.000	0.000	1.915	1.615	1.166	0.678	0.232	0.000	0.000	0.000
15.5388	4.228	5.411	6.499	6.965	6.222	3.925	0.188	0.000	0.000	0.000	0.000	0.000	0.000	0.000	0.000	0.000	0.017	0.557	0.707	0.497	0.000	2.879	0.000	0.000	0.000	0.000	0.000	0.000	0.000	0.000
15.6912	4.590	5.875	6.788	6.882	5.773	3.311	0.000	0.000	0.000	0.000	0.000	0.000	0.000	0.000	0.000	0.000	0.000	2.080	1.634	0.198	0.000	0.000	0.000	0.000	0.000	0.000	0.000	0.000	0.000	0.000
15.8436	5.132	6.476	7.299	7.183	5.838	3.233	0.000	0.000	0.000	0.000	0.000	0.000	0.000	0.000	0.000	1.072	1.281	0.118	0.000	0.000	0.000	0.000	0.000	0.000	0.000	0.000	0.000	0.000	0.000	0.000
15.9960	6.216	7.602	8.326	8.009	6.436	3.660	0.049	0.000	0.000	0.000	0.000	0.000	0.000	0.000	0.804	1.039	0.000	0.000	0.000	0.000	0.000	0.000	0.000	0.000	0.000	0.000	0.000	0.000	0.000	0.000
16.1484	5.972	7.171	7.806	7.610	6.441	4.349	1.614	0.000	0.000	0.000	0.000	0.000	0.000	0.504	0.480	0.000	0.000	0.000	0.000	0.000	0.000	0.000	0.000	0.000	0.000	0.000	0.000	0.000	0.000	0.000
16.3008	5.298	6.225	6.752	6.719	6.033	4.705	2.850	0.676	0.000	0.000	0.000	0.000	0.000	0.000	0.000	0.000	0.000	0.000	0.000	0.000	0.000	0.000	0.000	0.000	0.000	0.000	0.000	0.000	0.000	0.000
16.4532	5.178	6.089	6.651	6.702	6.130	4.902	3.071	0.770	0.000	0.000	0.000	0.000	0.000	0.000	0.000	0.000	0.000	0.000	0.000	0.000	0.000	0.000	0.000	0.000	0.000	0.000	0.000	0.000	0.000	0.000
16.6056	4.794	5.727	6.369	6.551	6.147	5.109	3.476	1.375	0.000	0.000	0.000	0.000	0.000	0.000	0.000	0.000	0.000	0.000	0.000	0.000	0.000	0.000	0.000	0.000	0.000	0.000	0.000	0.000	0.000	0.000
16.7580	4.276	5.194	5.856	6.085	5.757	4.834	3.383	1.568	0.000	0.000	0.000	0.000	0.000	0.000	0.000	0.000	0.000	0.000	0.000	0.000	0.000	0.000	0.000	0.000	0.000	0.000	0.000	0.000	0.000	0.000
16.9104	4.005	5.116	5.982	6.321	5.914	4.695	2.789	0.508	0.000	0.000	0.000	0.000	0.000	0.000	0.000	0.240	0.296	0.211	0.058	0.000	0.000	0.000	0.000	0.000	0.000	0.000	0.000	0.000	0.000	0.000
17.0628	4.035	5.339	6.359	6.709	6.082	4.380	1.771	0.000	0.000	0.000	0.000	0.000	0.000	0.000	0.000	0.016	0.427	0.458	0.213	0.000	0.000	0.000	0.000	0.000	0.000	0.000	0.000	0.000	0.000	0.000
17.2152	4.435	5.685	6.594	6.798	6.017	4.167	1.416	0.000	0.000	0.000	0.000	0.000	0.000	0.000	0.000	0.000	0.198	0.393	0.201	0.000	0.000	0.000	0.000	0.000	0.000	0.000	0.000	0.000	0.000	0.000
17.3676	4.414	5.758	6.775	7.035	6.196	4.134	1.013	0.000	0.000	0.000	0.000	0.000	0.000	0.000	0.000	0.000	0.000	0.496	0.313	0.000	0.000	0.000	0.000	0.000	0.000	0.000	0.000	0.000	0.000	0.000
17.5200	5.157	6.359	7.188	7.298	6.404	4.388	1.353	0.000	0.000	0.000	0.000	0.000	0.000	0.000	0.000	0.000	0.000	0.000	0.000	0.000	0.000	0.000	0.133	0.140	0.110	0.062	0.011	0.000	0.000	0.000
17.6724	5.600	6.727	7.450	7.500	6.670	4.882	2.226	0.000	0.000	0.000	0.000	0.000	0.000	0.000	0.000	0.000	0.000	0.000	0.000	0.000	0.000	0.015	0.029	0.037	0.040	0.041	0.039	0.035	0.031	0.027
17.8248	5.766	6.956	7.756	7.892	7.146	5.419	2.781	0.000	0.000	0.000	0.000	0.000	0.000	0.000	0.000	0.000	0.000	0.000	0.000	0.000	0.000	0.000	0.000	0.000	0.000	0.000	0.000	0.000	0.000	0.000
17.9772	3.930	5.538	7.063	8.003	7.865	6.360	3.537	0.000	0.000	0.000	0.000	0.000	0.000	0.000	0.000	0.000	0.030	0.046	0.043	0.024	0.000	0.000	0.000	0.000	0.000	0.000	0.000	0.000	0.000	0.000
18.1296	3.571	5.135	6.716	7.804	7.868	6.579	3.963	0.440	0.000	0.000	0.000	0.000	0.000	0.000	0.000	0.230	0.350	0.000	0.000	0.000	0.000	0.000	0.000	0.000	0.000	0.000	0.000	0.000	0.000	0.000
18.2820	3.705	5.225	6.894	8.117	8.232	6.825	3.938	0.118	0.000	0.000	0.000	0.000	0.000	0.019	0.132	0.170	0.106	0.000	0.000	0.000	0.000	0.000	0.000	0.000	0.000	0.000	0.000	0.000	0.000	0.000
18.4344	5.297	6.331	7.098	7.367	6.956	5.794	3.961	1.669	0.000	0.000	0.000	0.000	0.000	0.000	0.000	0.077	0.118	0.088	0.000	0.000	0.000	0.000	0.000	0.000	0.000	0.000	0.000	0.000	0.000	0.000
18.5868	5.568	6.544	7.275	7.527	7.096	5.903	4.023	1.673	0.000	0.000	0.000	0.000	0.000	0.000	0.000	0.000	0.000	0.172	0.222	0.113	0.000	0.000	0.000	0.000	0.000	0.000	0.000	0.000	0.000	0.000
18.7392	5.875	6.829	7.444	7.556	7.057	5.928	4.247	2.176	0.000	0.000	0.000	0.000	0.000	0.000	0.000	0.000	0.000	0.000	0.000	0.000	0.000	0.000	0.022	0.045	0.058	0.063	0.062	0.059	0.053	0.046
18.8916	5.742	6.697	7.255	7.260	6.651	5.462	3.809	1.853	0.000	0.000	0.000	0.000	0.000	0.000	0.000	0.000	0.000	0.000	0.000	0.000	0.000	0.000	0.000	0.000	0.002	0.052	0.087	0.108	0.117	0.117
19.0440	5.059	5.921	6.428	6.449	5.935	4.924	3.521	1.870	0.131	0.000	0.000	0.000	0.000	0.000	0.000	0.000	0.000	0.000	0.000	0.000	0.000	0.000	0.000	0.000	0.000	0.100	0.181	0.229	0.250	0.250
19.1964	4.497	5.333	5.875	5.994	5.627	4.781	3.520	1.951	0.214	0.000	0.000	0.000	0.000	0.000	0.000	0.000	0.000	0.000	0.000	0.000	0.000	0.000	0.000	0.000	0.000	0.028	0.187	0.287	0.338	0.352
19.3488	4.604	5.466	5.998	6.068	5.619	4.678	3.321	1.663	0.000	0.000	0.000	0.000	0.000	0.000	0.000	0.000	0.000	0.000	0.000	0.000	0.000	0.000	0.000	0.000	0.000	0.000	0.171	0.281	0.339	0.356
19.5012	4.812	5.648	6.131	6.126	5.576	4.503	2.988	1.152	0.000	0.000	0.000	0.000	0.000	0.000	0.000	0.000	0.000	0.000	0.000	0.000	0.000	0.000	0.000	0.000	0.000	0.085	0.250	0.351	0.399	0.407
19.6536	5.229	6.057	6.527	6.494	5.869	4.631	2.827	0.573	0.000	0.000	0.000	0.000	0.000	0.000	0.000	0.000	0.000	0.000	0.000	0.000	0.000	0.000	0.000	0.000	0.000	0.055	0.314	0.472	0.547	0.563
19.8060	5.780	6.715	7.199	7.061	6.217	4.693	2.606	0.150	0.000	0.000	0.000	0.000	0.000	0.000	0.000	0.000	0.000	0.000	0.000	0.000	0.000	0.000	0.000	0.000	0.000	0.054	0.230	0.338	0.390	0.400
19.9584	6.327	7.333	7.776	7.432	6.190	4.102	1.372	0.000	0.000	0.000	0.000	0.000	0.000	0.000	0.000	0.000	0.000	0.000	0.000	0.000	0.000	0.000	0.000	0.000	0.000	0.029	0.127	0.188	0.218	0.225
20.1108	6.425	7.372	7.741	7.314	5.981	3.798	0.997	0.000	0.000	0.000	0.000	0.000	0.000	0.000	0.082	0.128	0.119	0.075	0.022	0.000	0.000	0.000	0.000	0.000	0.000	0.000	0.005	0.020	0.029	0.034
20.2632	7.469	8.068	7.916	6.944	5.245	3.066	0.752	0.000	0.000	0.000	0.000	0.000	0.505	0.549	0.007	0.000	0.000	0.000	0.000	0.000	0.000	0.000	0.000	0.000	0.000	0.000	0.000	0.000	0.000	0.000
20.4156	8.685	8.900	8.265	6.842	4.847	2.606	0.491	0.000	0.000	0.000	0.000	0.685	0.588	0.000	0.000	0.000	0.000	0.000	0.000	0.000	0.000	0.000	0.000	0.000	0.000	0.000	0.000	0.000	0.000	0.000
20.5680	9.554	8.845	7.385	5.611	4.016	3.045	3.005	0.000	0.024	0.073	0.104	0.091	0.014	0.000	0.000	0.000	0.000	0.000	0.000	0.000	0.000	0.000	0.000	0.000	0.000	0.000	0.000	0.000	0.000	0.000
20.7204	9.828	8.942	7.238	5.278	3.707	3.043	3.530	0.031	0.092	0.137	0.123	0.021	0.000	0.000	0.000	0.000	0.000	0.000	0.000	0.000	0.000	0.000	0.000	0.000	0.000	0.000	0.000	0.000	0.000	0.000
20.8728	10.016	8.981	7.159	5.144	3.592	3.007	3.590	0.040	0.104	0.147	0.126	0.021	0.000	0.000	0.000	0.000	0.000	0.000	0.000	0.000	0.000	0.000	0.000	0.000	0.000	0.000	0.000	0.000	0.000	0.299
21.0252	6.954	7.647	7.752	7.157	5.835	3.865	1.431	0.000	0.000	0.000	0.000	0.000	0.000	0.000	0.000	0.000	0.000	0.000	0.000	0.000	0.000	0.000	0.000	0.000	0.000	0.007	0.076	0.119	0.141	0.147
21.1776	6.364	7.277	7.610	7.185	5.935	3.935	1.400	0.000	0.000	0.000	0.000	0.000	0.000	0.000	0.000	0.000	0.000	0.156	0.173	0.140	0.085	0.022	0.000	0.000	0.000	0.000	0.000	0.000	0.000	0.000
21.3300	6.365	7.449	7.842	7.336	5.900	3.692	1.027	0.000	0.000	0.000	0.000	0.000	0.000	0.000	0.000	0.000	0.349	0.322	0.230	0.134	0.066	0.031	0.019	0.018	0.019	0.017	0.000	0.000	0.000	0.000
21.4824	5.818	6.853	7.336	7.073	6.013	4.256	2.032	0.000	0.000	0.000	0.000	0.000	0.000	0.000	0.000	0.000	0.000	0.000	0.000	0.000	0.000	0.000	0.000	0.009	0.081	0.134	0.167	0.182	0.183	0.173
21.6348	5.760	6.940	7.547	7.330	6.197	4.235	1.687	0.000	0.000	0.000	0.000	0.000	0.000	0.000	0.000	0.000	0.000	0.000	0.000	0.000	0.000	0.000	0.000	0.000	0.000	0.032	0.122	0.177	0.202	0.206
21.7872	5.568	6.608	7.155	7.006	6.074	4.406	2.179	0.000	0.000	0.000	0.000	0.000	0.000	0.000	0.000	0.000	0.000	0.000	0.000	0.000	0.006	0.018	0.029	0.037	0.043	0.046	0.046	0.044	0.040	0.036
21.9396	6.118	7.076	7.475	7.144	6.026	4.192	1.819	0.000	0.000	0.000	0.000	0.000	0.000	0.000	0.000	0.000	0.000	0.000	0.000	0.000	0.001	0.007	0.013	0.017	0.021	0.022	0.023	0.022	0.020	0.018
22.0920	6.482	7.489	7.862	7.407	6.066	3.926	1.203	0.000	0.000	0.000	0.000	0.000	0.000	0.000	0.000	0.000	0.000	0.000	0.000	0.000	0.000	0.000	0.000	0.000	0.000	0.006	0.021	0.029	0.032	0.032
22.2444	6.656	7.717	8.099	7.581	6.090	3.729	0.755	0.000	0.000	0.000	0.000	0.000	0.000	0.000	0.006	0.008	0.009	0.008	0.007	0.006	0.006	0.006	0.005	0.005	0.005	0.005	0.005	0.004	0.004	0.003
22.3968	6.943	7.966	8.289	7.699	6.136	3.703	0.640	0.000	0.000	0.000	0.000	0.000	0.000	0.000	0.000	0.000	0.000	0.000	0.000	0.000	0.000	0.000	0.000	0.000	0.000	0.000	0.000	0.000	0.000	0.000
22.5492	7.267	8.364	8.683	7.994	6.243	3.561	0.221	0.000	0.000	0.000	0.000	0.000	0.000	0.000	0.000	0.000	0.000	0.000	0.000	0.000	0.000	0.000	0.000	0.000	0.000	0.000	0.000	0.000	0.000	0.000
22.7016	6.999	8.229	8.718	8.176	6.482	3.712	0.103	0.000	0.000	0.000	0.000	0.000	0.000	0.000	0.000	0.000	0.000	0.000	0.000	0.000	0.000	0.000	0.000	0.000	0.000	0.000	0.000	0.000	0.000	0.000
22.8540	7.056	8.283	8.797	8.292	6.614	3.802	0.062	0.000	0.000	0.000	0.000	0.000	0.000	0.000	0.000	0.000	0.000	0.000	0.000	0.000	0.000	0.000	0.000	0.000	0.000	0.000	0.000	0.000	0.000	0.000
23.0064	7.422	8.626	9.072	8.462	6.667	3.753	0.000	0.000	0.000	0.000	0.000	0.000	0.000	0.000	0.000	0.000	0.000	0.000	0.000	0.000	0.000	0.000	0.000	0.000	0.000	0.000	0.000	0.000	0.000	0.000
23.1588	7.514	8.739	9.225	8.658	6.885	3.964	0.149	0.000	0.000	0.000	0.000	0.000	0.000	0.000	0.000	0.000	0.000	0.000	0.000	0.000	0.000	0.000	0.000	0.000	0.000	0.000	0.000	0.000	0.000	0.000
23.3112	7.153	8.271	8.771	8.364	6.887	4.358	0.984	0.000	0.000	0.000	0.000	0.000	0.000	0.000	0.000	0.000	0.000	0.000	0.000	0.000	0.000	0.000	0.000	0.000	0.000	0.000	0.000	0.000	0.000	0.000
23.4636	6.452	7.473	8.005	7.787	6.657	4.619	1.867	0.000	0.000	0.000	0.000	0.000	0.000	0.000	0.000	0.000	0.000	0.000	0.000	0.000	0.000	0.000	0.000	0.000	0.000	0.000	0.000	0.000	0.000	0.000
23.6160	6.008	7.022	7.589	7.483	6.566	4.842	2.482	0.000	0.000	0.000	0.000	0.000	0.000	0.000	0.000	0.000	0.000	0.004	0.007	0.010	0.013	0.015	0.017	0.019	0.019	0.019	0.018	0.017	0.015	0.013
23.7684	5.927	7.023	7.680	7.652	6.788	5.081	2.696	0.000	0.000	0.000	0.000	0.000	0.000	0.000	0.000	0.000	0.000	0.000	0.000	0.000	0.000	0.008	0.022	0.034	0.043	0.047	0.049	0.048	0.045	0.040
23.9208	5.545	6.747	7.534	7.623	6.829	5.136	2.721	0.000	0.000	0.000	0.000	0.000	0.000	0.000	0.000	0.000	0.000	0.000	0.144	0.161	0.147	0.114	0.067	0.013	0.000	0.000	0.000	0.000	0.000	0.000
24.0732	5.438	6.684	7.493	7.578	6.768	5.060	2.637	0.000	0.000	0.000	0.000	0.000	0.000	0.000	0.000	0.000	0.142	0.247	0.248	0.178	0.066	0.000	0.000	0.000	0.000	0.000	0.000	0.000	0.000	0.000
24.2256	5.479	6.847	7.733	7.807	6.886	5.003	2.410	0.000	0.000	0.000	0.000	0.000	0.000	0.000	0.297	0.397	0.258	0.000	0.000	0.000	0.000	0.000	0.000	0.000	0.000	0.000	0.000	0.000	0.000	0.000
24.3780	5.493	6.840	7.737	7.856	7.001	5.192	2.682	0.000	0.000	0.000	0.000	0.000	0.000	0.117	0.343	0.357	0.144	0.000	0.000	0.000	0.000	0.000	0.000	0.000	0.000	0.000	0.000	0.000	0.000	0.000
24.5304	5.436	6.773	7.723	7.945	7.198	5.437	2.855	0.000	0.000	0.000	0.000	0.000	0.000	0.000	0.000	0.000	0.545	0.416	0.000	0.000	0.000	0.000	0.000	0.000	0.000	0.000	0.000	0.000	0.000	0.000
24.6828	5.724	6.929	7.755	7.918	7.209	5.579	3.178	0.334	0.000	0.000	0.000	0.000	0.000	0.000	0.000	0.081	0.222	0.220	0.086	0.000	0.000	0.000	0.000	0.000	0.000	0.000	0.000	0.000	0.000	0.000
24.8352	6.118	7.241	7.966	8.041	7.291	5.689	3.386	0.691	0.000	0.000	0.000	0.000	0.000	0.000	0.000	0.000	0.196	0.273	0.203	0.016	0.000	0.000	0.000	0.000	0.000	0.000	0.000	0.000	0.000	0.000
24.9876	6.699	7.766	8.385	8.331	7.466	5.793	3.477	0.818	0.000	0.000	0.000	0.000	0.000	0.000	0.000	0.000	0.210	0.339	0.305	0.139	0.000	0.000	0.000	0.000	0.000	0.000	0.000	0.000	0.000	0.000
25.1400	7.274	8.311	8.819	8.608	7.594	5.823	3.462	0.778	0.000	0.000	0.000	0.000	0.000	0.000	0.000	0.000	0.447	0.386	0.000	0.000	0.000	0.000	0.000	0.000	0.000	0.000	0.000	0.000	0.000	0.000
25.2924	7.071	8.155	8.696	8.508	7.536	5.865	3.692	1.281	0.000	0.000	0.000	0.000	0.000	0.211	0.318	0.154	0.000	0.000	0.000	0.000	0.000	0.000	0.000	0.000	0.000	0.000	0.000	0.000	0.000	0.000
25.4448	6.841	7.913	8.410	8.163	7.176	5.628	3.800	2.007	0.000	0.000	0.065	0.147	0.175	0.101	0.000	0.000	0.000	0.000	0.000	0.000	0.000	0.000	0.000	0.000	0.000	0.000	0.000	0.000	0.000	0.000
25.5972	6.020	7.090	7.753	7.833	7.244	6.002	4.214	2.060	0.000	0.000	0.000	0.000	0.000	0.000	0.000	0.000	0.000	0.000	0.000	0.000	0.000	0.000	0.000	0.000	0.000	0.000	0.000	0.000	0.000	0.000
25.7496	5.712	6.786	7.516	7.705	7.219	6.018	4.162	1.796	0.000	0.000	0.000	0.000	0.000	0.000	0.000	0.000	0.000	0.000	0.000	0.000	0.000	0.000	0.000	0.000	0.000	0.000	0.000	0.000	0.000	0.000
25.9020	5.509	6.608	7.386	7.632	7.187	5.991	4.093	1.643	0.000	0.000	0.000	0.000	0.000	0.000	0.000	0.000	0.000	0.000	0.000	0.000	0.000	0.000	0.000	0.000	0.000	0.000	0.000	0.000	0.000	0.000
26.0544	5.522	6.663	7.500	7.789	7.333	6.037	3.933	1.167	0.000	0.000	0.000	0.000	0.000	0.000	0.000	0.000	0.000	0.000	0.000	0.000	0.000	0.000	0.000	0.000	0.000	0.000	0.000	0.000	0.000	0.000
26.2068	5.652	6.812	7.652	7.924	7.428	6.077	3.916	1.121	0.000	0.000	0.000	0.000	0.000	0.000	0.000	0.000	0.000	0.000	0.000	0.000	0.000	0.000	0.000	0.000	0.000	0.000	0.000	0.000	0.000	0.000
26.3592	5.946	7.140	7.970	8.185	7.590	6.108	3.804	0.892	0.000	0.000	0.000	0.000	0.000	0.000	0.000	0.000	0.000	0.000	0.000	0.004	0.013	0.020	0.024	0.027	0.028	0.027	0.025	0.023	0.020	0.017
26.5116	6.213	7.344	8.074	8.187	7.519	6.011	3.725	0.857	0.000	0.000	0.000	0.000	0.000	0.000	0.000	0.000	0.000	0.000	0.000	0.000	0.005	0.014	0.020	0.024	0.026	0.027	0.026	0.025	0.022	0.020
26.6640	5.909	6.968	7.663	7.808	7.267	5.987	4.019	1.525	0.000	0.000	0.000	0.000	0.000	0.000	0.000	0.000	0.000	0.000	0.000	0.000	0.000	0.000	0.000	0.000	0.000	0.000	0.009	0.033	0.046	0.052
26.8164	5.851	6.911	7.616	7.772	7.236	5.949	3.965	1.462	0.000	0.000	0.000	0.000	0.000	0.000	0.000	0.000	0.000	0.000	0.000	0.000	0.000	0.000	0.000	0.000	0.000	0.018	0.031	0.039	0.042	0.042
26.9688	5.581	6.611	7.279	7.409	6.890	5.695	3.901	1.684	0.000	0.000	0.000	0.000	0.000	0.000	0.000	0.000	0.000	0.000	0.000	0.000	0.000	0.000	0.000	0.000	0.017	0.040	0.057	0.065	0.068	0.066
27.1212	5.321	6.294	6.922	7.047	6.575	5.503	3.920	2.005	0.000	0.000	0.000	0.000	0.000	0.000	0.000	0.000	0.000	0.000	0.000	0.000	0.000	0.000	0.000	0.000	0.000	0.000	0.077	0.148	0.188	0.204
27.2736	5.253	6.262	6.911	7.016	6.470	5.284	3.597	1.655	0.000	0.000	0.000	0.000	0.073	0.154	0.148	0.067	0.000	0.000	0.000	0.000	0.000	0.000	0.000	0.000	0.000	0.000	0.075	0.147	0.189	0.205
27.4260	5.596	6.670	7.325	7.345	6.610	5.143	3.117	0.842	0.000	0.000	0.000	0.000	0.000	0.000	0.000	0.000	0.470	0.357	0.214	0.087	0.000	0.000	0.000	0.000	0.000	0.000	0.000	0.007	0.017	0.023
27.5784	6.141	7.177	7.732	7.608	6.712	5.094	2.944	0.571	0.000	0.000	0.000	0.000	0.000	0.085	0.197	0.225	0.189	0.122	0.051	0.000	0.000	0.000	0.000	0.144	0.106	0.073	0.000	0.000	0.000	0.000
27.7308	7.418	8.335	8.582	7.974	6.516	4.425	2.080	0.000	0.000	0.000	0.000	0.000	0.386	0.587	0.430	0.000	0.163	0.000	0.000	0.000	0.000	0.000	0.000	0.000	0.000	0.010	0.019	0.025	0.028	0.028
27.8832	6.878	7.775	8.097	7.693	6.541	4.753	2.543	0.193	0.000	0.000	0.000	0.054	0.123	0.136	0.073	0.000	0.000	0.000	0.000	0.000	0.000	0.000	0.000	0.000	0.000	0.000	0.000	0.000	0.000	0.000
28.0356	8.545	8.807	8.231	6.897	5.123	3.382	2.151	1.767	0.000	0.000	0.009	0.055	0.082	0.076	0.027	0.000	0.000	0.000	0.000	0.000	0.000	0.000	0.000	0.000	0.000	0.000	0.000	0.000	0.000	0.000
28.1880	7.188	7.941	8.040	7.386	6.027	4.146	2.015	0.000	0.000	0.000	0.000	0.142	0.311	0.357	0.229	0.000	0.000	0.000	0.000	0.000	0.000	0.000	0.000	0.000	0.000	0.000	0.000	0.000	0.000	0.000
28.3404	7.339	7.900	7.780	6.942	5.505	3.721	1.900	0.331	0.000	0.000	0.168	0.393	0.450	0.231	0.000	0.000	0.000	0.000	0.000	0.000	0.000	0.000	0.000	0.000	0.000	0.000	0.000	0.000	0.000	0.000
28.4928	7.793	7.790	7.104	5.876	4.409	3.095	2.313	2.320	0.000	0.000	0.006	0.063	0.111	0.121	0.065	0.000	0.000	0.000	0.000	0.000	0.000	0.000	0.000	0.000	0.000	0.000	0.000	0.000	0.000	0.000
28.6452	5.882	6.696	7.038	6.776	5.864	4.360	2.424	0.301	0.000	0.000	0.000	0.000	0.000	0.006	0.160	0.242	0.223	0.101	0.000	0.000	0.000	0.000	0.000	0.000	0.000	0.000	0.000	0.000	0.000	0.000
28.7976	5.783	6.745	7.229	7.059	6.159	4.571	2.449	0.047	0.000	0.000	0.000	0.000	0.000	0.000	0.000	0.000	0.144	0.290	0.274	0.127	0.000	0.000	0.000	0.000	0.000	0.000	0.000	0.000	0.000	0.000
28.9500	6.064	7.103	7.634	7.458	6.477	4.724	2.354	0.000	0.000	0.000	0.000	0.000	0.000	0.000	0.000	0.000	0.000	0.000	0.000	0.000	0.000	0.000	0.000	0.000	0.046	0.095	0.120	0.128	0.124	0.114
29.1024	6.656	7.786	8.298	7.962	6.678	4.512	1.686	0.000	0.000	0.000	0.000	0.000	0.000	0.000	0.000	0.000	0.000	0.000	0.000	0.000	0.000	0.000	0.000	0.030	0.113	0.159	0.175	0.173	0.159	0.140
29.2548	6.145	7.246	7.817	7.642	6.627	4.828	2.452	0.000	0.000	0.000	0.000	0.000	0.000	0.000	0.000	0.000	0.000	0.103	0.210	0.242	0.217	0.154	0.065	0.000	0.000	0.000	0.000	0.000	0.000	0.000
29.4072	6.378	7.555	8.132	7.867	6.676	4.662	2.100	0.000	0.000	0.000	0.000	0.000	0.000	0.066	0.360	0.408	0.182	0.000	0.000	0.000	0.000	0.000	0.000	0.000	0.000	0.000	0.000	0.000	0.000	0.000
29.5596	6.477	7.864	8.575	8.280	6.865	4.477	1.493	0.000	0.000	0.000	0.000	0.000	0.252	0.603	0.000	0.000	0.000	0.000	0.000	0.000	0.000	0.000	0.000	0.000	0.000	0.000	0.000	0.000	0.000	0.000
29.7120	5.751	7.000	7.740	7.688	6.715	4.892	2.486	0.000	0.000	0.000	0.000	0.022	0.390	0.398	0.000	0.000	0.000	0.000	0.000	0.000	0.000	0.000	0.000	0.000	0.000	0.000	0.000	0.000	0.000	0.000
29.8644	5.552	6.772	7.523	7.537	6.685	5.018	2.762	0.289	0.000	0.000	0.000	0.055	0.302	0.203	0.000	0.000	0.000	0.000	0.000	0.000	0.000	0.000	0.000	0.000	0.000	0.000	0.000	0.000	0.000	0.000
30.0168	4.859	6.736	8.008	8.205	7.166	5.078	2.461	0.075	0.000	0.000	0.000	0.079	0.120	0.029	0.000	0.000	0.000	0.000	0.000	0.000	0.000	0.000	0.000	0.000	0.000	0.000	0.000	0.000	0.000	0.000
30.1692	6.024	7.137	7.786	7.749	6.906	5.273	3.011	0.407	0.000	0.000	0.000	0.009	0.017	0.013	0.000	0.000	0.000	0.000	0.000	0.000	0.000	0.000	0.000	0.000	0.000	0.000	0.000	0.000	0.000	0.000
30.3216	5.895	6.929	7.547	7.546	6.802	5.320	3.242	0.848	0.000	0.000	0.000	0.008	0.115	0.162	0.105	0.000	0.000	0.000	0.000	0.000	0.000	0.000	0.000	0.000	0.000	0.000	0.000	0.000	0.000	0.000
30.4740	6.107	7.096	7.655	7.591	6.796	5.282	3.207	0.871	0.000	0.000	0.000	0.000	0.000	0.204	0.283	0.170	0.000	0.000	0.000	0.000	0.000	0.000	0.000	0.000	0.000	0.000	0.000	0.000	0.000	0.000
30.6264	6.336	7.365	7.934	7.840	6.969	5.328	3.064	0.462	0.000	0.000	0.000	0.000	0.000	0.000	0.000	0.000	0.417	0.325	0.000	0.000	0.000	0.000	0.000	0.000	0.000	0.000	0.000	0.000	0.000	0.000
30.7788	6.569	7.561	8.076	7.919	6.987	5.301	3.015	0.410	0.000	0.000	0.000	0.000	0.000	0.000	0.000	0.000	0.150	0.252	0.230	0.097	0.000	0.000	0.000	0.000	0.000	0.000	0.000	0.000	0.000	0.000
30.9312	6.991	7.959	8.390	8.099	7.008	5.172	2.778	0.125	0.000	0.000	0.000	0.000	0.000	0.000	0.000	0.000	0.170	0.278	0.245	0.087	0.000	0.000	0.000	0.000	0.000	0.000	0.000	0.000	0.000	0.000
31.0836	6.640	7.570	7.971	7.690	6.688	5.039	2.920	0.586	0.000	0.000	0.000	0.000	0.000	0.000	0.000	0.000	0.000	0.000	0.000	0.393	0.219	0.000	0.000	0.000	0.000	0.000	0.000	0.000	0.000	0.000
31.2360	6.174	7.089	7.539	7.377	6.547	5.088	3.131	0.883	0.000	0.000	0.000	0.000	0.000	0.000	0.000	0.000	0.000	0.000	0.000	0.000	0.000	0.000	0.000	0.025	0.055	0.070	0.074	0.072	0.065	0.057
31.3884	5.329	6.152	6.624	6.624	6.091	5.027	3.507	1.663	0.000	0.000	0.000	0.000	0.000	0.000	0.000	0.000	0.000	0.000	0.000	0.000	0.000	0.000	0.000	0.000	0.000	0.000	0.048	0.087	0.108	0.114
31.5408	3.855	4.495	4.918	5.044	4.823	4.234	3.289	2.039	0.578	0.000	0.000	0.000	0.000	0.000	0.000	0.000	0.000	0.000	0.000	0.000	0.000	0.000	0.000	0.000	0.000	0.101	0.174	0.214	0.228	0.224
31.6932	3.458	4.034	4.435	4.578	4.394	3.841	2.909	1.633	0.110	0.000	0.000	0.000	0.000	0.000	0.000	0.000	0.000	0.000	0.000	0.000	0.000	0.000	0.000	0.064	0.185	0.256	0.289	0.293	0.279	0.253
31.8456	4.350	4.918	5.340	5.454	5.036	3.886	1.906	0.000	0.000	0.000	0.000	0.000	0.000	0.000	0.000	0.000	0.000	0.000	0.000	0.000	0.000	0.000	1.111	0.604	0.048	0.000	0.000	0.000	0.000	0.000
31.9980	5.627	6.379	6.733	6.475	5.424	3.499	0.780	0.000	0.000	0.000	0.000	0.000	0.000	0.000	0.000	0.000	0.000	0.000	0.000	0.000	0.000	0.795	0.621	0.316	0.000	0.000	0.000	0.000	0.000	0.000
32.1504	7.340	8.105	8.274	7.528	5.590	2.359	0.000	0.000	0.000	0.000	0.000	0.000	0.000	0.000	0.000	0.000	0.000	0.085	0.137	0.126	0.068	0.000	1.363	0.000	0.000	0.000	0.000	0.000	0.000	0.000
32.3028	8.785	10.022	10.324	9.219	6.390	1.830	0.000	0.000	0.000	0.000	0.000	0.000	0.000	0.000	0.000	0.000	0.000	0.000	0.000	0.000	0.000	0.807	0.436	0.000	0.000	0.000	0.000	0.000	0.000	0.000
32.4552	7.913	9.150	9.628	9.011	7.112	3.968	0.000	0.000	0.000	0.000	0.000	0.000	0.000	0.000	0.000	0.000	0.000	0.245	0.391	0.331	0.145	0.000	0.000	0.000	0.000	0.000	0.000	0.000	0.000	0.000
32.6076	7.616	8.828	9.297	8.713	6.911	3.951	0.143	0.000	0.000	0.000	0.000	0.000	0.000	0.000	0.000	0.000	1.030	0.680	0.000	0.000	0.000	0.000	0.000	0.000	0.000	0.000	0.000	0.000	0.000	0.000
32.7600	6.849	7.999	8.536	8.191	6.806	4.395	1.178	0.000	0.000	0.000	0.000	0.000	0.000	0.000	0.000	0.000	0.427	0.628	0.508	0.170	0.000	0.000	0.000	0.000	0.000	0.000	0.000	0.000	0.000	0.000
32.9124	5.938	7.131	7.872	7.874	6.921	4.946	2.083	0.000	0.000	0.000	0.000	0.000	0.000	0.000	0.000	0.000	0.000	0.348	0.516	0.450	0.221	0.000	0.000	0.000	0.000	0.000	0.000	0.000	0.000	0.000
33.0648	4.635	6.006	7.375	8.249	7.952	5.892	1.877	0.000	0.000	0.000	0.000	0.000	0.000	0.000	0.000	0.000	0.000	0.188	0.313	0.265	0.084	0.000	0.484	0.000	0.000	0.000	0.000	0.000	0.000	0.000
33.2172	5.431	6.395	7.190	7.565	7.195	5.800	3.288	0.000	0.000	0.000	0.000	0.000	0.000	0.000	0.000	0.000	0.000	0.000	0.000	0.000	0.000	0.000	0.889	0.181	0.000	0.000	0.000	0.000	0.000	0.000
33.3696	5.655	6.701	7.434	7.625	7.060	5.610	3.290	0.288	0.000	0.000	0.000	0.000	0.000	0.000	0.000	0.000	0.000	0.000	0.000	0.000	0.000	0.000	0.000	0.043	0.118	0.147	0.147	0.131	0.109	0.087
33.5220	5.426	6.559	7.416	7.728	7.242	5.787	3.345	0.081	0.000	0.000	0.000	0.000	0.000	0.000	0.000	0.000	0.000	0.000	0.000	0.000	0.000	0.000	0.000	0.000	0.000	0.032	0.081	0.108	0.118	0.118
33.6744	5.201	6.368	7.318	7.750	7.361	5.930	3.391	0.000	0.000	0.000	0.000	0.000	0.000	0.000	0.000	0.000	0.000	0.000	0.000	0.000	0.000	0.000	0.000	0.000	0.000	0.000	0.000	0.011	0.184	0.278
33.8268	5.294	6.376	7.169	7.425	6.935	5.583	3.388	0.526	0.000	0.000	0.000	0.000	0.000	0.000	0.000	0.000	0.000	0.000	0.000	0.000	0.000	0.000	0.000	0.000	0.026	0.046	0.058	0.063	0.064	0.060
33.9792	5.227	6.387	7.236	7.501	6.958	5.503	3.176	0.187	0.000	0.000	0.000	0.000	0.000	0.000	0.000	0.000	0.000	0.000	0.000	0.000	0.000	0.000	0.000	0.003	0.020	0.031	0.037	0.039	0.038	0.035
34.1316	4.695	5.901	6.828	7.188	6.749	5.404	3.206	0.383	0.000	0.000	0.000	0.000	0.000	0.000	0.000	0.000	0.000	0.000	0.000	0.000	0.000	0.000	0.024	0.079	0.095	0.086	0.065	0.042	0.020	0.004
34.2840	4.700	5.676	6.333	6.483	6.004	4.874	3.193	1.184	0.000	0.000	0.000	0.000	0.000	0.000	0.000	0.000	0.000	0.219	0.316	0.306	0.214	0.071	0.000	0.000	0.000	0.000	0.000	0.000	0.000	0.000
34.4364	4.666	5.540	6.101	6.197	5.737	4.714	3.227	1.472	0.000	0.000	0.000	0.000	0.000	0.000	0.000	0.000	0.149	0.307	0.359	0.318	0.209	0.057	0.000	0.000	0.000	0.000	0.000	0.000	0.000	0.000
34.5888	4.402	5.310	5.933	6.116	5.764	4.861	3.483	1.796	0.044	0.000	0.000	0.000	0.000	0.000	0.000	0.000	0.000	0.073	0.188	0.239	0.240	0.205	0.147	0.079	0.011	0.000	0.000	0.000	0.000	0.000
34.7412	4.435	5.334	5.939	6.109	5.761	4.886	3.549	1.886	0.093	0.000	0.000	0.000	0.000	0.000	0.000	0.000	0.000	0.000	0.000	0.000	0.000	0.000	0.000	0.000	0.065	0.172	0.239	0.272	0.280	0.269
34.8936	4.547	5.422	5.993	6.118	5.718	4.790	3.402	1.685	0.000	0.000	0.000	0.000	0.000	0.000	0.000	0.000	0.000	0.000	0.000	0.000	0.000	0.000	0.000	0.000	0.000	0.077	0.255	0.366	0.420	0.431
35.0460	4.667	5.665	6.314	6.431	5.919	4.767	3.032	0.825	0.000	0.000	0.000	0.000	0.000	0.000	0.000	0.000	0.000	0.000	0.000	0.000	0.000	0.000	0.000	0.000	0.000	0.000	0.000	0.337	0.620	0.762
35.1984	4.614	5.593	6.194	6.255	5.707	4.571	2.933	0.919	0.000	0.000	0.000	0.000	0.000	0.000	0.000	0.000	0.000	0.000	0.000	0.000	0.000	0.000	0.000	0.000	0.000	0.000	0.000	0.334	0.577	0.698
35.3508	4.477	5.467	6.106	6.220	5.721	4.612	2.970	0.931	0.000	0.000	0.000	0.000	0.000	0.000	0.000	0.000	0.000	0.000	0.000	0.000	0.000	0.000	0.000	0.000	0.000	0.000	0.000	0.357	0.579	0.687
35.5032	4.331	5.385	6.131	6.366	5.950	4.847	3.129	0.976	0.000	0.000	0.000	0.000	0.000	0.000	0.000	0.000	0.000	0.000	0.000	0.000	0.000	0.000	0.000	0.000	0.000	0.121	0.255	0.333	0.366	0.367
35.6556	4.430	5.572	6.368	6.601	6.132	4.930	3.084	0.809	0.000	0.000	0.000	0.000	0.000	0.000	0.000	0.000	0.000	0.000	0.319	0.405	0.320	0.119	0.000	0.000	0.000	0.000	0.000	0.000	0.000	0.000
35.8080	4.571	5.845	6.754	7.037	6.501	5.071	2.835	0.068	0.000	0.000	0.000	0.000	0.000	0.000	0.000	0.000	0.832	0.673	0.000	0.000	0.000	0.000	0.000	0.000	0.000	0.000	0.000	0.000	0.000	0.000
35.9604	4.929	6.104	6.918	7.115	6.498	4.991	2.692	0.000	0.000	0.000	0.000	0.000	0.000	0.000	0.000	0.539	0.866	0.289	0.000	0.000	0.000	0.000	0.000	0.000	0.000	0.000	0.000	0.000	0.000	0.000
36.1128	5.634	6.708	7.316	7.248	6.387	4.739	2.452	0.000	0.000	0.000	0.000	0.000	0.000	0.000	0.107	0.653	0.586	0.000	0.000	0.000	0.000	0.000	0.000	0.000	0.000	0.000	0.000	0.000	0.000	0.000
36.2652	5.986	6.872	7.282	7.077	6.199	4.688	2.674	0.377	0.000	0.000	0.000	0.000	0.000	0.013	0.094	0.135	0.115	0.027	0.000	0.000	0.000	0.000	0.000	0.000	0.000	0.000	0.000	0.000	0.000	0.000
36.4176	6.072	6.838	7.148	6.896	6.041	4.612	2.712	0.519	0.000	0.000	0.000	0.000	0.000	0.000	0.000	0.000	0.000	0.000	0.000	0.077	0.091	0.081	0.053	0.013	0.000	0.000	0.000	0.000	0.000	0.000
36.5700	5.935	6.770	7.165	6.988	6.173	4.727	2.737	0.371	0.000	0.000	0.000	0.000	0.000	0.000	0.000	0.000	0.000	0.000	0.000	0.000	0.000	0.000	0.000	0.000	0.000	0.000	0.006	0.139	0.217	0.253
36.7224	5.725	6.728	7.312	7.278	6.496	4.934	2.676	0.000	0.000	0.000	0.000	0.000	0.000	0.000	0.000	0.000	0.000	0.000	0.000	0.000	0.000	0.000	0.000	0.000	0.000	0.000	0.052	0.115	0.151	0.165
36.8748	5.654	6.759	7.444	7.468	6.661	4.970	2.473	0.000	0.000	0.000	0.000	0.000	0.000	0.000	0.000	0.000	0.000	0.000	0.000	0.000	0.000	0.000	0.000	0.000	0.000	0.000	0.000	0.033	0.059	0.072
37.0272	5.328	6.485	7.242	7.339	6.607	5.001	2.612	0.000	0.000	0.000	0.000	0.000	0.000	0.000	0.000	0.000	0.000	0.000	0.000	0.000	0.000	0.000	0.000	0.000	0.000	0.000	0.000	0.000	0.000	0.000
37.1796	3.589	5.217	6.661	7.434	7.136	5.559	2.725	0.000	0.000	0.000	0.000	0.000	0.000	0.000	0.000	0.000	0.000	0.000	0.000	0.000	0.000	0.000	0.000	0.000	0.000	0.000	0.000	0.000	0.000	0.000
37.3320	1.540	4.226	7.037	8.906	8.831	6.186	0.840	0.000	0.000	0.000	0.000	0.000	0.000	0.000	0.000	0.000	0.000	0.000	0.000	0.000	0.000	0.000	0.000	0.000	0.000	0.000	0.000	0.000	0.000	0.000
37.4844	2.860	4.478	6.081	7.153	7.210	5.939	3.259	0.000	0.000	0.000	0.000	0.000	0.000	0.000	0.000	0.000	0.000	0.000	0.000	0.000	0.000	0.000	0.000	0.000	0.000	0.000	0.000	0.000	0.000	0.000
37.6368	2.478	3.935	5.486	6.650	6.947	6.042	3.830	0.457	0.000	0.000	0.000	0.000	0.000	0.000	0.000	0.000	0.000	0.000	0.000	0.000	0.000	0.000	0.000	0.000	0.000	0.000	0.000	0.000	0.000	0.000
37.7892	4.058	5.171	6.109	6.596	6.389	5.367	3.564	1.176	0.000	0.000	0.000	0.000	0.000	0.000	0.000	0.000	0.000	0.000	0.000	0.000	0.000	0.000	0.000	0.000	0.000	0.000	0.000	0.000	0.000	0.000
37.9416	4.752	5.953	6.870	7.218	6.775	5.460	3.361	0.734	0.000	0.000	0.000	0.000	0.000	0.000	0.000	0.000	0.000	0.000	0.046	0.105	0.093	0.034	0.000	0.000	0.000	0.000	0.000	0.000	0.000	0.000
38.0940	5.089	6.210	7.021	7.267	6.760	5.444	3.425	0.967	0.000	0.000	0.000	0.000	0.000	0.000	0.000	0.000	0.000	0.258	0.270	0.137	0.000	0.000	0.000	0.000	0.000	0.000	0.000	0.000	0.000	0.000
38.2464	5.280	6.573	7.557	7.874	7.251	5.616	3.153	0.276	0.000	0.000	0.000	0.000	0.000	0.000	0.000	0.689	0.500	0.000	0.000	0.000	0.000	0.000	0.000	0.000	0.000	0.000	0.000	0.000	0.000	0.000
38.3988	5.607	6.909	7.862	8.120	7.423	5.710	3.167	0.197	0.000	0.000	0.000	0.000	0.000	0.000	0.000	0.000	0.593	0.392	0.000	0.000	0.000	0.000	0.000	0.000	0.000	0.000	0.000	0.000	0.000	0.000
38.5512	5.715	6.834	7.609	7.795	7.204	5.777	3.618	0.986	0.000	0.000	0.000	0.000	0.000	0.000	0.000	0.000	0.000	0.000	0.000	0.000	0.000	0.000	0.000	0.000	0.038	0.103	0.140	0.155	0.155	0.146
38.7036	5.442	6.513	7.262	7.478	7.007	5.806	3.960	1.677	0.000	0.000	0.000	0.000	0.000	0.000	0.000	0.000	0.000	0.000	0.000	0.000	0.000	0.000	0.000	0.018	0.051	0.075	0.089	0.095	0.094	0.089
38.8560	5.541	6.647	7.401	7.589	7.067	5.808	3.904	1.558	0.000	0.000	0.000	0.000	0.000	0.000	0.000	0.000	0.000	0.000	0.000	0.000	0.000	0.000	0.000	0.000	0.013	0.041	0.060	0.070	0.073	0.071
39.0084	5.566	6.671	7.423	7.612	7.100	5.857	3.968	1.611	0.000	0.000	0.000	0.000	0.000	0.000	0.000	0.000	0.000	0.000	0.000	0.000	0.000	0.000	0.000	0.000	0.000	0.024	0.059	0.081	0.090	0.092
39.1608	5.546	6.659	7.432	7.651	7.177	5.974	4.113	1.753	0.000	0.000	0.000	0.000	0.000	0.000	0.000	0.000	0.000	0.000	0.000	0.000	0.000	0.000	0.000	0.000	0.000	0.010	0.056	0.084	0.099	0.102
39.3132	5.495	6.619	7.398	7.620	7.155	5.979	4.165	1.864	0.000	0.000	0.000	0.000	0.000	0.000	0.000	0.000	0.000	0.000	0.000	0.000	0.000	0.000	0.000	0.000	0.000	0.011	0.034	0.047	0.052	0.052
39.4656	5.536	6.677	7.508	7.799	7.378	6.180	4.244	1.715	0.000	0.000	0.000	0.000	0.000	0.000	0.000	0.000	0.000	0.000	0.000	0.000	0.000	0.019	0.104	0.131	0.122	0.095	0.062	0.031	0.006	0.000
39.6180	5.283	6.425	7.288	7.659	7.371	6.353	4.640	2.384	0.000	0.000	0.000	0.000	0.000	0.000	0.000	0.000	0.000	0.000	0.000	0.000	0.029	0.062	0.083	0.095	0.099	0.097	0.091	0.083	0.072	0.062
39.7704	5.166	6.314	7.202	7.616	7.387	6.427	4.751	2.490	0.000	0.000	0.000	0.000	0.000	0.000	0.000	0.000	0.000	0.000	0.000	0.000	0.075	0.134	0.147	0.130	0.097	0.058	0.020	0.000	0.000	0.000
39.9228	5.034	6.088	6.869	7.206	6.970	6.108	4.650	2.725	0.553	0.000	0.000	0.000	0.000	0.000	0.000	0.000	0.000	0.000	0.080	0.135	0.128	0.077	0.000	0.000	0.000	0.000	0.000	0.000	0.000	0.000
40.0752	4.861	5.810	6.490	6.760	6.530	5.777	4.550	2.963	1.198	0.000	0.000	0.000	0.000	0.000	0.008	0.029	0.043	0.050	0.050	0.045	0.036	0.024	0.011	0.000	0.000	0.000	0.000	0.000	0.000	0.000
40.2276	6.827	7.166	6.938	6.227	5.235	4.192	3.273	2.552	2.020	1.629	0.000	0.000	0.000	0.000	0.000	0.000	0.000	0.000	0.000	0.000	0.000	0.000	0.000	0.000	0.000	0.000	0.000	0.000	0.000	0.000
40.3800	8.919	8.404	7.076	5.336	3.725	2.691	2.382	2.559	2.710	2.299	0.001	0.000	0.000	0.000	0.000	0.000	0.000	0.000	0.000	0.000	0.000	0.000	0.000	0.001	0.003	0.003	0.004	0.004	0.004	0.004
40.5324	6.823	7.066	6.716	5.916	4.913	3.945	3.135	2.458	1.775	0.000	0.853	0.000	0.000	0.000	0.000	0.000	0.000	0.000	0.000	0.000	0.000	0.000	0.000	0.000	0.000	0.000	0.000	0.000	0.047	0.180
40.6848	6.759	7.076	6.780	6.018	5.047	4.096	3.251	2.413	1.370	0.000	0.000	0.000	0.000	0.000	0.000	0.000	0.000	0.000	0.000	0.000	0.000	0.000	0.000	0.000	0.000	0.000	0.000	0.000	0.164	0.417
40.8372	6.190	7.081	7.398	7.076	6.174	4.805	3.063	0.988	0.000	0.000	0.000	0.000	0.000	0.000	0.000	0.000	0.000	0.000	0.000	0.000	0.000	0.000	0.000	0.000	0.000	0.000	0.000	0.000	0.191	0.422
40.9896	5.708	6.729	7.270	7.179	6.411	5.014	3.104	0.835	0.000	0.000	0.000	0.000	0.000	0.000	0.000	0.000	0.000	0.000	0.000	0.000	0.000	0.000	0.000	0.000	0.000	0.013	0.050	0.074	0.086	0.089
41.1420	5.456	6.583	7.276	7.328	6.630	5.180	3.076	0.497	0.000	0.000	0.000	0.000	0.000	0.000	0.000	0.000	0.000	0.000	0.000	0.000	0.000	0.000	0.000	0.000	0.000	0.000	0.028	0.047	0.057	0.061
41.2944	5.405	6.641	7.498	7.720	7.127	5.652	3.362	0.447	0.000	0.000	0.000	0.000	0.000	0.000	0.000	0.000	0.000	0.000	0.000	0.000	0.000	0.000	0.000	0.000	0.000	0.000	0.051	0.087	0.106	0.112
41.4468	5.191	6.382	7.250	7.557	7.125	5.877	3.853	1.213	0.000	0.000	0.000	0.000	0.000	0.000	0.000	0.000	0.000	0.000	0.000	0.000	0.000	0.000	0.000	0.000	0.000	0.000	0.000	0.035	0.158	0.225
41.5992	5.084	6.166	6.953	7.251	6.920	5.905	4.248	2.092	0.000	0.000	0.000	0.000	0.000	0.000	0.000	0.000	0.000	0.000	0.000	0.000	0.000	0.000	0.000	0.000	0.000	0.032	0.054	0.068	0.074	0.073
41.7516	5.187	6.268	7.049	7.341	7.011	6.003	4.357	2.217	0.000	0.000	0.000	0.000	0.000	0.000	0.000	0.000	0.000	0.000	0.000	0.000	0.000	0.000	0.000	0.000	0.024	0.068	0.097	0.113	0.118	0.115
41.9040	5.321	6.485	7.335	7.662	7.309	6.202	4.371	1.958	0.000	0.000	0.000	0.000	0.000	0.000	0.000	0.000	0.000	0.000	0.000	0.000	0.000	0.000	0.000	0.000	0.000	0.000	0.079	0.187	0.248	0.272
42.0564	5.498	6.611	7.361	7.566	7.112	5.977	4.232	2.041	0.000	0.000	0.000	0.000	0.000	0.000	0.000	0.000	0.000	0.000	0.000	0.000	0.000	0.000	0.000	0.006	0.066	0.111	0.139	0.152	0.154	0.147
42.2088	6.041	7.243	7.978	8.033	7.291	5.746	3.511	0.804	0.000	0.000	0.000	0.000	0.000	0.000	0.000	0.000	0.000	0.000	0.000	0.000	0.000	0.000	0.000	0.000	0.000	0.116	0.189	0.227	0.237	0.230
42.3612	6.518	7.772	8.495	8.441	7.468	5.567	2.872	0.000	0.000	0.000	0.000	0.000	0.000	0.000	0.000	0.000	0.000	0.000	0.000	0.000	0.000	0.000	0.000	0.051	0.129	0.163	0.169	0.159	0.140	0.119
42.5136	6.631	7.840	8.518	8.414	7.376	5.387	2.583	0.000	0.000	0.000	0.000	0.000	0.000	0.000	0.000	0.000	0.000	0.000	0.000	0.000	0.000	0.000	0.000	0.023	0.061	0.087	0.101	0.106	0.103	0.096
42.6660	6.562	7.689	8.305	8.181	7.177	5.274	2.594	0.000	0.000	0.000	0.000	0.000	0.000	0.000	0.000	0.000	0.000	0.000	0.000	0.000	0.000	0.000	0.000	0.000	0.026	0.054	0.072	0.081	0.082	0.079
42.8184	6.449	7.444	7.968	7.842	6.958	5.302	2.973	0.188	0.000	0.000	0.000	0.000	0.000	0.000	0.000	0.000	0.000	0.000	0.000	0.000	0.000	0.000	0.000	0.000	0.000	0.029	0.068	0.089	0.096	0.094
42.9708	5.766	6.673	7.196	7.198	6.594	5.377	3.616	1.456	0.000	0.000	0.000	0.000	0.000	0.000	0.000	0.000	0.000	0.000	0.000	0.000	0.000	0.000	0.000	0.000	0.000	0.033	0.057	0.070	0.075	0.074
43.1232	5.143	6.053	6.619	6.714	6.287	5.351	3.965	2.220	0.232	0.000	0.000	0.000	0.000	0.000	0.000	0.000	0.000	0.000	0.000	0.000	0.000	0.000	0.000	0.000	0.000	0.000	0.000	0.102	0.218	0.280
43.2756	4.499	5.437	6.077	6.283	5.991	5.211	4.007	2.474	0.728	0.000	0.000	0.000	0.000	0.000	0.000	0.000	0.000	0.000	0.000	0.000	0.000	0.000	0.000	0.000	0.000	0.000	0.033	0.124	0.178	0.203
43.4280	4.447	5.482	6.237	6.529	6.250	5.381	3.976	2.141	0.022	0.000	0.000	0.000	0.000	0.000	0.000	0.000	0.000	0.000	0.000	0.000	0.000	0.000	0.000	0.000	0.000	0.000	0.043	0.097	0.128	0.140
43.5804	4.350	5.547	6.453	6.822	6.500	5.447	3.705	1.383	0.000	0.000	0.000	0.000	0.000	0.000	0.000	0.000	0.000	0.000	0.000	0.000	0.000	0.000	0.000	0.000	0.000	0.000	0.019	0.036	0.045	0.048
43.7328	5.185	6.265	6.969	7.092	6.512	5.200	3.209	0.654	0.000	0.000	0.000	0.000	0.000	0.000	0.000	0.000	0.000	0.000	0.000	0.000	0.000	0.000	0.000	0.000	0.000	0.000	0.000	0.000	0.000	0.000
43.8852	5.929	6.984	7.577	7.502	6.636	4.955	2.532	0.000	0.000	0.000	0.000	0.000	0.000	0.000	0.000	0.000	0.000	0.000	0.000	0.000	0.000	0.000	0.000	0.000	0.000	0.000	0.000	0.000	0.000	0.000
44.0376	6.160	7.199	7.748	7.600	6.630	4.823	2.273	0.000	0.000	0.000	0.000	0.000	0.000	0.000	0.000	0.000	0.000	0.000	0.000	0.000	0.000	0.000	0.000	0.000	0.000	0.000	0.000	0.000	0.000	0.000
44.1900	6.396	7.384	7.838	7.578	6.522	4.701	2.254	0.000	0.000	0.000	0.000	0.000	0.000	0.000	0.000	0.000	0.000	0.000	0.000	0.000	0.000	0.000	0.000	0.000	0.000	0.000	0.000	0.000	0.000	0.000
44.3424	6.622	7.621	8.020	7.641	6.432	4.487	2.019	0.000	0.000	0.000	0.000	0.000	0.000	0.000	0.000	0.000	0.000	0.000	0.000	0.000	0.000	0.000	0.000	0.000	0.000	0.004	0.054	0.087	0.104	0.110
44.4948	6.052	7.213	7.809	7.614	6.549	4.713	2.346	0.000	0.000	0.000	0.000	0.000	0.000	0.000	0.000	0.000	0.000	0.000	0.000	0.000	0.000	0.000	0.000	0.000	0.000	0.000	0.127	0.219	0.270	0.287
44.6472	6.496	7.749	8.331	7.988	6.664	4.508	1.833	0.000	0.000	0.000	0.000	0.002	0.004	0.005	0.005	0.005	0.003	0.002	0.001	0.000	0.000	0.000	0.000	0.000	0.046	0.136	0.196	0.228	0.237	0.230
44.7996	7.525	8.670	8.989	8.293	6.620	4.211	1.439	0.000	0.000	0.000	0.000	0.000	0.000	0.035	0.066	0.080	0.076	0.057	0.027	0.000	0.555	0.192	0.000	0.000	0.000	0.000	0.000	0.000	0.000	0.000
44.9520	8.038	9.034	9.229	8.481	6.827	4.462	1.694	0.000	0.000	0.000	0.000	0.000	0.000	0.000	0.000	0.000	0.282	0.357	0.303	0.157	0.000	0.000	0.000	0.000	0.000	0.000	0.000	0.000	0.000	0.000
45.1044	8.160	9.006	9.118	8.415	6.943	4.853	2.372	0.000	0.000	0.000	0.000	0.000	0.000	0.000	0.000	0.000	0.000	0.323	0.240	0.080	0.000	0.000	0.000	0.000	0.000	0.000	0.000	0.000	0.000	0.000
45.2568	9.576	9.584	8.794	7.507	6.080	4.781	3.730	0.000	0.000	0.000	0.000	0.000	0.000	0.000	0.000	0.000	0.000	0.000	0.000	0.391	0.000	0.000	0.000	0.000	0.000	0.000	0.000	0.000	0.000	0.000
45.4092	7.654	8.525	8.789	8.357	7.218	5.427	3.111	0.474	0.000	0.000	0.000	0.000	0.000	0.000	0.000	0.000	0.000	0.000	0.106	0.137	0.117	0.066	0.000	0.000	0.000	0.000	0.000	0.000	0.000	0.000
45.5616	6.534	7.576	8.130	8.040	7.227	5.696	3.540	0.945	0.000	0.000	0.000	0.000	0.000	0.000	0.000	0.000	0.000	0.000	0.000	0.000	0.000	0.035	0.055	0.061	0.056	0.046	0.034	0.022	0.013	0.006
45.7140	5.868	7.001	7.711	7.806	7.163	5.751	3.636	0.985	0.000	0.000	0.000	0.000	0.000	0.000	0.000	0.000	0.000	0.000	0.000	0.000	0.000	0.000	0.000	0.000	0.000	0.034	0.093	0.128	0.142	0.143
45.8664	5.855	7.045	7.814	7.950	7.316	5.879	3.714	1.012	0.000	0.000	0.000	0.000	0.000	0.000	0.000	0.000	0.000	0.000	0.000	0.000	0.000	0.000	0.000	0.000	0.015	0.088	0.136	0.162	0.170	0.166
46.0188	5.906	7.114	7.889	8.018	7.368	5.921	3.774	1.131	0.000	0.000	0.000	0.000	0.000	0.000	0.000	0.000	0.000	0.000	0.000	0.000	0.000	0.000	0.000	0.000	0.000	0.065	0.113	0.140	0.151	0.149
46.1712	5.996	7.188	7.936	8.026	7.327	5.827	3.628	0.943	0.000	0.000	0.000	0.000	0.000	0.000	0.000	0.000	0.000	0.000	0.000	0.000	0.000	0.000	0.000	0.000	0.000	0.000	0.046	0.097	0.126	0.137
46.3236	6.405	7.640	8.356	8.314	7.369	5.513	2.870	0.000	0.000	0.000	0.000	0.000	0.000	0.000	0.000	0.000	0.000	0.000	0.000	0.000	0.000	0.000	0.000	0.000	0.000	0.000	0.062	0.136	0.178	0.194
46.4760	6.412	7.712	8.428	8.288	7.128	4.942	1.885	0.000	0.000	0.000	0.000	0.000	0.000	0.000	0.000	0.000	0.000	0.000	0.000	0.000	0.000	0.000	0.000	0.000	0.000	0.000	0.000	0.136	0.277	0.350
46.6284	6.511	7.942	8.693	8.423	6.925	4.186	0.392	0.000	0.000	0.000	0.000	0.000	0.000	0.000	0.000	0.000	0.000	0.000	0.000	0.000	0.000	0.000	0.000	0.000	0.000	0.000	0.000	0.016	0.313	0.480
46.7808	6.345	7.732	8.441	8.116	6.541	3.699	0.000	0.000	0.000	0.000	0.000	0.000	0.000	0.000	0.000	0.000	0.000	0.000	0.000	0.000	0.000	0.000	0.000	0.000	0.000	0.000	0.000	0.106	0.320	0.434
46.9332	6.657	7.896	8.425	7.905	6.137	3.118	0.000	0.000	0.000	0.000	0.000	0.000	0.000	0.000	0.000	0.000	0.000	0.000	0.000	0.000	0.000	0.000	0.000	0.000	0.000	0.000	0.000	0.201	0.365	0.445
47.0856	6.619	7.740	8.175	7.625	5.921	3.071	0.000	0.000	0.000	0.000	0.000	0.000	0.000	0.000	0.000	0.000	0.000	0.000	0.000	0.000	0.000	0.000	0.000	0.000	0.000	0.000	0.196	0.304	0.353	0.361
47.2380	6.941	8.011	8.326	7.585	5.619	2.437	0.000	0.000	0.000	0.000	0.000	0.000	0.000	0.000	0.000	0.000	0.000	0.000	0.000	0.000	0.000	0.000	0.000	0.000	0.000	0.119	0.207	0.245	0.250	0.236
47.3904	6.731	7.630	7.852	7.165	5.458	2.779	0.000	0.000	0.000	0.000	0.000	0.000	0.000	0.000	0.000	0.000	0.000	0.000	0.000	0.000	0.000	0.000	0.000	0.000	0.000	0.049	0.141	0.191	0.211	0.210
47.5428	6.529	7.452	7.748	7.176	5.598	3.039	0.000	0.000	0.000	0.000	0.000	0.000	0.000	0.000	0.000	0.000	0.000	0.000	0.000	0.000	0.000	0.000	0.000	0.000	0.000	0.087	0.150	0.180	0.186	0.178
47.6952	6.473	7.383	7.709	7.232	5.824	3.496	0.443	0.000	0.000	0.000	0.000	0.000	0.000	0.000	0.000	0.000	0.000	0.000	0.000	0.000	0.000	0.000	0.000	0.000	0.000	0.074	0.161	0.207	0.223	0.218
47.8476	6.460	7.347	7.688	7.266	5.946	3.741	0.860	0.000	0.000	0.000	0.000	0.000	0.000	0.000	0.000	0.000	0.000	0.000	0.000	0.000	0.131	0.141	0.135	0.119	0.094	0.066	0.039	0.016	0.000	0.000
48.0000	5.711	6.588	7.054	6.905	6.006	4.356	2.111	0.000	0.000	0.000	0.000	0.000	0.000	0.000	0.000	0.000	0.000	0.147	0.211	0.219	0.193	0.147	0.091	0.031	0.000	0.000	0.000	0.000	0.000	0.000
48.1524	5.187	5.983	6.546	6.658	6.123	4.870	3.002	0.795	0.000	0.000	0.000	0.000	0.000	0.000	0.000	0.000	0.000	0.000	0.000	0.000	0.000	0.738	0.359	0.000	0.000	0.000	0.000	0.000	0.000	0.000
48.3048	5.032	5.877	6.408	6.483	6.015	4.999	3.519	1.733	0.000	0.000	0.000	0.000	0.000	0.000	0.000	0.000	0.000	0.000	0.000	0.000	0.000	0.000	0.000	0.000	0.031	0.145	0.218	0.256	0.267	0.259
48.4572	6.230	6.626	6.582	6.112	5.306	4.296	3.221	2.195	0.000	0.000	0.000	0.000	0.000	0.000	0.000	0.000	0.000	0.000	0.000	0.000	0.000	0.000	0.000	0.000	0.000	0.000	0.045	0.205	0.302	0.346
48.6096	7.227	7.196	6.638	5.743	4.749	3.845	3.094	2.421	0.000	0.000	0.000	0.000	0.000	0.000	0.000	0.000	0.000	0.000	0.000	0.000	0.000	0.000	0.000	0.000	0.000	0.000	0.000	0.000	0.133	0.432
48.7620	7.984	7.845	7.103	6.004	4.842	3.816	2.920	1.930	0.000	0.000	0.000	0.000	0.000	0.000	0.000	0.000	0.000	0.000	0.000	0.000	0.000	0.000	0.000	0.000	0.000	0.000	0.000	0.000	0.000	0.334
48.9144	9.397	8.773	7.415	5.781	4.358	3.402	2.794	2.059	0.000	0.000	0.000	0.000	0.000	0.000	0.000	0.000	0.000	0.000	0.000	0.000	0.000	0.000	0.000	0.000	0.000	0.000	0.000	0.000	0.000	0.000
49.0668	6.074	6.821	7.120	6.885	6.089	4.744	2.887	0.587	0.000	0.000	0.000	0.000	0.000	0.000	0.000	0.000	0.000	0.000	0.000	0.000	0.000	0.000	0.000	0.000	0.000	0.000	0.000	0.000	0.000	0.000
49.2192	5.420	6.311	6.810	6.788	6.176	4.964	3.194	0.956	0.000	0.000	0.000	0.000	0.000	0.000	0.000	0.000	0.000	0.000	0.000	0.000	0.000	0.000	0.000	0.000	0.000	0.000	0.000	0.000	0.000	0.000
49.3716	5.326	6.407	7.074	7.139	6.500	5.157	3.206	0.830	0.000	0.000	0.000	0.000	0.000	0.000	0.000	0.000	0.000	0.000	0.000	0.000	0.000	0.000	0.000	0.000	0.000	0.000	0.000	0.000	0.000	0.000
49.5240	4.625	6.429	7.666	7.975	7.196	5.389	2.818	0.000	0.000	0.000	0.000	0.000	0.000	0.000	0.000	0.000	0.000	0.000	0.000	0.000	0.000	0.000	0.000	0.000	0.000	0.002	0.005	0.007	0.008	0.008
49.6764	5.593	6.991	7.871	7.957	7.106	5.333	2.809	0.000	0.000	0.000	0.000	0.000	0.000	0.000	0.000	0.000	0.000	0.000	0.000	0.000	0.000	0.000	0.001	0.008	0.013	0.016	0.018	0.018	0.017	0.016
49.8288	6.121	7.503	8.316	8.282	7.257	5.262	2.473	0.000	0.000	0.000	0.000	0.000	0.000	0.000	0.000	0.000	0.000	0.000	0.000	0.000	0.000	0.000	0.000	0.019	0.034	0.044	0.048	0.049	0.046	0.042
49.9812	6.202	7.594	8.425	8.408	7.388	5.371	2.529	0.000	0.000	0.000	0.000	0.000	0.000	0.000	0.000	0.000	0.000	0.000	0.000	0.000	0.000	0.000	0.000	0.000	0.015	0.027	0.035	0.039	0.039	0.037
50.1336	6.355	7.669	8.447	8.423	7.442	5.498	2.740	0.000	0.000	0.000	0.000	0.000	0.000	0.000	0.000	0.000	0.000	0.000	0.000	0.000	0.000	0.000	0.000	0.000	0.001	0.010	0.016	0.019	0.020	0.020
50.2860	6.312	7.495	8.187	8.173	7.331	5.659	3.281	0.432	0.000	0.000	0.000	0.000	0.000	0.000	0.000	0.000	0.000	0.000	0.000	0.000	0.000	0.000	0.000	0.007	0.018	0.025	0.030	0.032	0.032	0.030
50.4384	6.434	7.508	8.093	8.013	7.177	5.609	3.443	0.903	0.000	0.000	0.000	0.000	0.000	0.000	0.000	0.000	0.000	0.000	0.000	0.000	0.000	0.000	0.000	0.000	0.000	0.000	0.057	0.098	0.120	0.126
50.5908	6.668	7.668	8.171	8.017	7.134	5.559	3.433	0.981	0.000	0.000	0.000	0.000	0.000	0.000	0.000	0.000	0.000	0.000	0.000	0.000	0.000	0.000	0.000	0.000	0.000	0.021	0.071	0.102	0.118	0.121
50.7432	7.123	8.053	8.442	8.158	7.159	5.503	3.328	0.839	0.000	0.000	0.000	0.000	0.000	0.000	0.000	0.000	0.000	0.000	0.000	0.000	0.000	0.000	0.000	0.000	0.000	0.000	0.069	0.123	0.152	0.161
50.8956	6.921	7.914	8.393	8.196	7.249	5.572	3.271	0.523	0.000	0.000	0.000	0.000	0.000	0.000	0.000	0.000	0.000	0.000	0.000	0.000	0.000	0.000	0.000	0.004	0.012	0.018	0.021	0.022	0.022	0.021
51.0480	6.849	7.911	8.483	8.371	7.453	5.715	3.243	0.217	0.000	0.000	0.000	0.000	0.000	0.000	0.000	0.000	0.000	0.000	0.000	0.000	0.000	0.000	0.000	0.000	0.000	0.000	0.000	0.000	0.000	0.000
51.2004	6.742	7.809	8.414	8.359	7.510	5.834	3.403	0.389	0.000	0.000	0.000	0.000	0.000	0.000	0.000	0.000	0.000	0.000	0.000	0.000	0.000	0.000	0.000	0.000	0.000	0.000	0.000	0.000	0.000	0.000
51.3528	6.554	7.610	8.224	8.211	7.450	5.914	3.684	0.940	0.000	0.000	0.000	0.000	0.000	0.000	0.000	0.000	0.000	0.000	0.000	0.000	0.000	0.000	0.000	0.000	0.000	0.000	0.000	0.000	0.000	0.000
51.5052	6.401	7.487	8.150	8.197	7.498	6.031	3.887	1.270	0.000	0.000	0.000	0.000	0.000	0.000	0.000	0.000	0.000	0.000	0.000	0.000	0.000	0.000	0.000	0.000	0.007	0.021	0.028	0.030	0.030	0.027
51.6576	6.452	7.603	8.312	8.368	7.638	6.110	3.910	1.287	0.000	0.000	0.000	0.000	0.000	0.000	0.000	0.000	0.000	0.000	0.000	0.000	0.054	0.085	0.094	0.085	0.064	0.039	0.014	0.000	0.000	0.000
51.8100	6.365	7.497	8.177	8.211	7.497	6.048	3.998	1.588	0.000	0.000	0.000	0.000	0.000	0.000	0.000	0.000	0.000	0.000	0.000	0.000	0.000	0.125	0.112	0.088	0.057	0.024	0.000	0.000	0.000	0.000
51.9624	6.467	7.680	8.406	8.432	7.645	6.058	3.809	1.147	0.000	0.000	0.000	0.000	0.000	0.000	0.000	0.000	0.000	0.000	0.000	0.000	0.000	0.000	0.000	0.000	0.000	0.047	0.081	0.097	0.101	0.096
52.1148	6.422	7.727	8.522	8.567	7.733	6.032	3.610	0.727	0.000	0.000	0.000	0.000	0.000	0.000	0.000	0.000	0.000	0.000	0.000	0.000	0.000	0.000	0.000	0.017	0.050	0.064	0.066	0.060	0.052	0.043
52.2672	6.295	7.539	8.285	8.305	7.490	5.858	3.550	0.820	0.000	0.000	0.000	0.000	0.000	0.000	0.000	0.000	0.000	0.067	0.109	0.073	0.000	0.000	0.000	0.000	0.000	0.000	0.000	0.000	0.000	0.000
52.4196	6.208	7.383	8.095	8.135	7.386	5.850	3.655	1.052	0.000	0.000	0.000	0.000	0.000	0.002	0.071	0.094	0.059	0.000	0.000	0.000	0.000	0.000	0.000	0.000	0.000	0.000	0.000	0.000	0.000	0.000
52.5720	6.263	7.398	8.050	8.031	7.245	5.713	3.571	1.068	0.000	0.000	0.000	0.000	0.000	0.031	0.071	0.086	0.070	0.024	0.000	0.000	0.000	0.000	0.000	0.000	0.000	0.000	0.000	0.000	0.000	0.000
52.7244	6.418	7.512	8.093	7.983	7.106	5.493	3.289	0.746	0.000	0.000	0.000	0.000	0.000	0.134	0.201	0.140	0.000	0.000	0.000	0.000	0.000	0.000	0.000	0.000	0.000	0.000	0.000	0.000	0.000	0.000
52.8768	6.912	7.934	8.392	8.125	7.068	5.271	2.894	0.207	0.000	0.000	0.000	0.023	0.094	0.131	0.102	0.000	0.000	0.000	0.000	0.000	0.000	0.000	0.000	0.000	0.000	0.000	0.000	0.000	0.000	0.000
53.0292	8.029	8.938	9.077	8.353	6.805	4.596	1.982	0.000	0.000	0.000	0.000	0.007	0.107	0.153	0.106	0.000	0.000	0.000	0.000	0.000	0.000	0.000	0.000	0.000	0.000	0.000	0.000	0.000	0.000	0.000
53.1816	8.631	9.480	9.428	8.420	6.581	4.170	1.521	0.000	0.000	0.000	0.000	0.000	0.000	0.351	0.357	0.191	0.000	0.000	0.000	0.000	0.000	0.000	0.000	0.000	0.000	0.000	0.000	0.000	0.000	0.000
53.3340	8.503	9.313	9.307	8.415	6.734	4.514	2.096	0.000	0.000	0.000	0.006	0.064	0.102	0.112	0.096	0.066	0.031	0.000	0.000	0.000	0.322	0.076	0.000	0.000	0.000	0.000	0.000	0.000	0.000	0.000
53.4864	9.046	9.842	9.743	8.675	6.768	4.334	1.792	0.000	0.000	0.000	0.005	0.048	0.072	0.072	0.055	0.032	0.009	0.000	0.000	0.565	0.252	0.000	0.000	0.000	0.000	0.000	0.000	0.000	0.000	0.000
53.6388	8.626	9.602	9.748	8.917	7.160	4.733	2.030	0.001	0.001	0.002	0.003	0.003	0.004	0.005	0.005	0.004	0.004	0.004	0.003	0.003	0.002	0.001	0.627	0.294	0.000	0.000	0.000	0.000	0.000	0.000
53.7912	8.036	9.171	9.618	9.144	7.645	5.193	2.036	0.000	0.000	0.000	0.000	0.000	0.000	0.000	0.000	0.000	0.000	0.000	0.000	0.000	0.000	0.031	0.059	0.075	0.080	0.078	0.070	0.061	0.050	0.041
53.9436	8.745	9.939	10.354	9.710	7.866	4.872	0.974	0.000	0.000	0.000	0.000	0.000	0.000	0.000	0.000	0.000	0.000	0.000	0.000	0.000	0.005	0.009	0.013	0.015	0.015	0.015	0.014	0.013	0.011	0.010
54.0960	8.194	10.079	11.158	10.836	8.697	4.640	0.000	0.000	0.000	0.000	0.000	0.000	0.000	0.000	0.000	0.000	0.000	0.000	0.000	0.000	0.000	0.000	0.000	0.000	0.000	0.000	0.000	0.000	0.000	0.000
54.2484	8.691	10.218	10.952	10.512	8.659	5.379	0.889	0.000	0.000	0.000	0.000	0.000	0.000	0.000	0.000	0.000	0.000	0.000	0.000	0.000	0.000	0.000	0.000	0.000	0.000	0.000	0.042	0.081	0.103	0.110
54.4008	8.711	10.192	10.911	10.507	8.743	5.584	1.215	0.000	0.000	0.000	0.000	0.000	0.000	0.000	0.000	0.000	0.000	0.000	0.000	0.000	0.000	0.000	0.000	0.000	0.000	0.000	0.000	0.092	0.149	0.176
54.5532	8.114	9.451	10.151	9.936	8.622	6.182	2.757	0.000	0.000	0.000	0.000	0.000	0.000	0.000	0.000	0.000	0.000	0.000	0.000	0.000	0.000	0.000	0.000	0.000	0.000	0.000	0.000	0.000	0.257	0.459
54.7056	7.631	8.874	9.554	9.448	8.420	6.458	3.693	0.379	0.000	0.000	0.000	0.000	0.000	0.000	0.000	0.000	0.000	0.000	0.000	0.000	0.000	0.000	0.000	0.000	0.000	0.000	0.049	0.162	0.228	0.257
54.8580	7.003	8.146	8.826	8.860	8.118	6.566	4.283	1.456	0.000	0.000	0.000	0.000	0.000	0.000	0.000	0.000	0.000	0.000	0.000	0.000	0.000	0.000	0.000	0.000	0.000	0.000	0.000	0.038	0.144	0.203
55.0104	6.508	7.579	8.264	8.400	7.863	6.602	4.656	2.160	0.000	0.000	0.000	0.000	0.000	0.000	0.000	0.000	0.000	0.000	0.000	0.000	0.000	0.000	0.000	0.000	0.000	0.000	0.000	0.000	0.000	0.000
55.1628	6.454	7.594	8.347	8.527	8.000	6.715	4.726	2.188	0.000	0.000	0.000	0.000	0.000	0.000	0.000	0.000	0.000	0.000	0.000	0.000	0.000	0.000	0.000	0.000	0.000	0.000	0.000	0.000	0.000	0.000
55.3152	6.308	7.530	8.389	8.673	8.226	6.985	5.001	2.437	0.000	0.000	0.000	0.000	0.000	0.000	0.000	0.000	0.000	0.000	0.000	0.000	0.000	0.000	0.000	0.000	0.001	0.007	0.012	0.014	0.015	0.015
55.4676	6.296	7.559	8.473	8.804	8.376	7.113	5.058	2.382	0.000	0.000	0.000	0.000	0.000	0.000	0.000	0.000	0.000	0.000	0.000	0.000	0.000	0.000	0.000	0.000	0.001	0.007	0.011	0.014	0.015	0.014
55.6200	6.723	8.005	8.868	9.072	8.448	6.952	4.676	1.844	0.000	0.000	0.000	0.000	0.000	0.000	0.001	0.002	0.003	0.004	0.004	0.005	0.006	0.006	0.006	0.006	0.006	0.006	0.005	0.005	0.004	0.004
55.7724	6.619	7.874	8.706	8.887	8.270	6.833	4.692	2.087	0.000	0.000	0.000	0.000	0.000	0.000	0.000	0.066	0.118	0.127	0.098	0.039	0.000	0.000	0.000	0.000	0.000	0.000	0.000	0.000	0.000	0.000
55.9248	6.359	7.564	8.384	8.606	8.089	6.799	4.828	2.385	0.000	0.000	0.000	0.000	0.000	0.001	0.040	0.065	0.068	0.050	0.015	0.000	0.000	0.000	0.000	0.000	0.000	0.000	0.000	0.000	0.000	0.000
56.0772	6.547	7.710	8.466	8.608	8.009	6.662	4.681	2.298	0.000	0.000	0.000	0.000	0.021	0.061	0.078	0.059	0.000	0.000	0.000	0.000	0.000	0.000	0.000	0.000	0.000	0.000	0.000	0.000	0.000	0.000
56.2296	6.747	7.929	8.664	8.744	8.059	6.625	4.584	2.188	0.000	0.000	0.000	0.000	0.000	0.035	0.174	0.234	0.194	0.058	0.000	0.000	0.000	0.000	0.000	0.000	0.000	0.000	0.000	0.000	0.000	0.000
56.3820	6.424	7.626	8.427	8.619	8.077	6.799	4.903	2.614	0.232	0.000	0.000	0.000	0.000	0.000	0.031	0.097	0.132	0.140	0.125	0.098	0.064	0.029	0.000	0.000	0.000	0.000	0.000	0.000	0.000	0.000
56.5344	6.479	7.676	8.472	8.670	8.158	6.928	5.080	2.806	0.362	0.000	0.000	0.000	0.000	0.000	0.000	0.000	0.000	0.000	0.000	0.000	0.000	0.013	0.024	0.035	0.043	0.048	0.050	0.049	0.046	0.042
56.6868	6.540	7.732	8.512	8.696	8.186	6.988	5.200	2.999	0.613	0.000	0.000	0.000	0.000	0.000	0.000	0.000	0.000	0.000	0.000	0.000	0.000	0.000	0.000	0.000	0.000	0.000	0.106	0.192	0.238	0.255
56.8392	6.014	7.233	8.097	8.417	8.078	7.064	5.449	3.391	1.096	0.000	0.000	0.000	0.000	0.000	0.000	0.000	0.000	0.000	0.000	0.000	0.000	0.000	0.000	0.000	0.000	0.000	0.170	0.287	0.349	0.369
56.9916	5.258	6.493	7.476	8.013	7.964	7.269	5.949	4.100	1.872	0.000	0.000	0.000	0.000	0.000	0.000	0.000	0.000	0.000	0.000	0.000	0.000	0.000	0.000	0.000	0.000	0.000	0.000	0.146	0.298	0.377
57.1440	4.973	6.185	7.191	7.805	7.884	7.350	6.203	4.507	2.389	0.002	0.000	0.000	0.000	0.000	0.000	0.000	0.000	0.000	0.000	0.000	0.000	0.000	0.000	0.000	0.000	0.000	0.000	0.111	0.227	0.288
57.2964	4.782	6.049	7.126	7.810	7.944	7.443	6.297	4.571	2.399	0.000	0.000	0.000	0.000	0.000	0.000	0.000	0.000	0.000	0.000	0.000	0.000	0.000	0.000	0.000	0.000	0.000	0.000	0.118	0.276	0.361
57.4488	4.997	6.180	7.143	7.713	7.761	7.224	6.108	4.480	2.470	0.240	0.000	0.000	0.000	0.000	0.000	0.000	0.000	0.000	0.000	0.000	0.000	0.000	0.000	0.000	0.000	0.000	0.000	0.075	0.146	0.183
57.6012	5.592	6.725	7.586	8.019	7.919	7.240	5.997	4.263	2.161	0.000	0.000	0.000	0.000	0.000	0.000	0.000	0.000	0.000	0.000	0.000	0.000	0.000	0.000	0.000	0.000	0.000	0.012	0.041	0.058	0.065
57.7536	5.944	7.068	7.880	8.222	7.987	7.131	5.685	3.754	1.498	0.000	0.000	0.000	0.000	0.000	0.000	0.000	0.000	0.000	0.000	0.000	0.000	0.000	0.000	0.000	0.000	0.000	0.000	0.099	0.186	0.230
57.9060	6.085	7.166	7.917	8.185	7.871	6.940	5.438	3.484	1.263	0.000	0.000	0.000	0.000	0.000	0.000	0.000	0.000	0.000	0.000	0.000	0.000	0.000	0.000	0.000	0.000	0.000	0.055	0.154	0.211	0.234
58.0584	6.103	7.116	7.801	8.023	7.690	6.780	5.342	3.501	1.433	0.000	0.000	0.000	0.000	0.000	0.000	0.000	0.000	0.000	0.000	0.000	0.000	0.000	0.000	0.000	0.000	0.000	0.037	0.104	0.142	0.157
58.2108	5.992	6.982	7.633	7.824	7.487	6.613	5.264	3.578	1.745	0.000	0.000	0.000	0.000	0.000	0.000	0.000	0.000	0.000	0.000	0.000	0.000	0.000	0.106	0.090	0.070	0.049	0.029	0.012	0.000	0.000
58.3632	5.597	6.690	7.456	7.743	7.465	6.612	5.252	3.533	1.659	0.000	0.000	0.000	0.000	0.000	0.000	0.000	0.000	0.184	0.179	0.148	0.101	0.048	0.000	0.000	0.000	0.000	0.000	0.000	0.000	0.000
58.5156	5.784	6.924	7.686	7.911	7.532	6.578	5.158	3.443	1.641	0.000	0.000	0.000	0.067	0.150	0.195	0.186	0.122	0.017	0.000	0.000	0.000	0.000	0.000	0.000	0.000	0.000	0.000	0.000	0.000	0.000
58.6680	5.745	7.041	7.947	8.261	7.894	6.879	5.351	3.516	1.614	0.000	0.000	0.037	0.082	0.109	0.102	0.048	0.000	0.000	0.000	0.000	0.000	0.000	0.000	0.000	0.000	0.000	0.000	0.000	0.000	0.000
58.8204	5.727	7.225	8.328	8.775	8.418	7.254	5.424	3.188	0.880	0.000	0.000	0.000	0.000	0.252	0.345	0.214	0.000	0.000	0.000	0.000	0.000	0.000	0.000	0.000	0.000	0.000	0.000	0.000	0.000	0.000
58.9728	6.123	7.669	8.810	9.252	8.818	7.493	5.428	2.905	0.290	0.000	0.000	0.000	0.000	0.099	0.226	0.245	0.138	0.000	0.000	0.000	0.000	0.000	0.000	0.000	0.000	0.000	0.000	0.000	0.000	0.000
59.1252	6.501	7.972	9.034	9.413	8.937	7.578	5.465	2.856	0.094	0.000	0.000	0.000	0.000	0.004	0.099	0.147	0.141	0.086	0.000	0.000	0.000	0.000	0.000	0.000	0.000	0.000	0.000	0.000	0.000	0.000
59.2776	6.467	7.862	8.870	9.237	8.793	7.496	5.448	2.887	0.151	0.000	0.000	0.000	0.000	0.000	0.022	0.071	0.099	0.106	0.096	0.076	0.050	0.022	0.000	0.000	0.000	0.000	0.000	0.000	0.000	0.000
59.4300	6.522	7.891	8.882	9.240	8.779	7.439	5.317	2.664	0.000	0.000	0.000	0.000	0.000	0.000	0.000	0.000	0.000	0.000	0.000	0.110	0.133	0.137	0.127	0.108	0.084	0.060	0.037	0.019	0.005	0.000
59.5824	6.764	8.066	8.968	9.231	8.687	7.291	5.148	2.513	0.000	0.000	0.000	0.000	0.000	0.000	0.000	0.000	0.000	0.000	0.000	0.000	0.000	0.000	0.024	0.090	0.139	0.170	0.185	0.186	0.178	0.163
59.7348	6.635	7.957	8.903	9.220	8.722	7.351	5.202	2.528	0.000	0.000	0.000	0.000	0.000	0.000	0.000	0.000	0.000	0.000	0.000	0.000	0.000	0.000	0.000	0.000	0.083	0.151	0.193	0.212	0.214	0.204
59.8872	6.437	7.904	9.042	9.526	9.090	7.622	5.214	2.159	0.000	0.000	0.000	0.000	0.000	0.000	0.000	0.000	0.000	0.000	0.000	0.000	0.000	0.000	0.000	0.055	0.102	0.122	0.123	0.112	0.097	0.081
60.0396	6.012	7.264	8.171	8.510	8.127	6.986	5.177	2.901	0.431	0.000	0.000	0.000	0.000	0.000	0.000	0.007	0.028	0.042	0.048	0.046	0.038	0.026	0.012	0.000	0.000	0.000	0.000	0.000	0.000	0.000
60.1920	5.988	7.123	7.903	8.148	7.750	6.694	5.062	3.006	0.725	0.000	0.000	0.000	0.000	0.000	0.000	0.000	0.001	0.002	0.003	0.003	0.004	0.004	0.005	0.005	0.005	0.005	0.004	0.004	0.004	0.003
60.3444	5.876	6.966	7.712	7.958	7.608	6.648	5.136	3.183	0.928	0.000	0.000	0.000	0.000	0.000	0.000	0.000	0.000	0.000	0.000	0.000	0.000	0.000	0.000	0.000	0.000	0.000	0.000	0.000	0.000	0.000
60.4968	5.527	6.603	7.371	7.677	7.424	6.589	5.216	3.407	1.307	0.000	0.000	0.000	0.000	0.000	0.000	0.000	0.000	0.000	0.000	0.000	0.000	0.000	0.000	0.000	0.000	0.000	0.000	0.000	0.000	0.000
60.6492	5.629	6.692	7.433	7.707	7.424	6.568	5.191	3.401	1.348	0.000	0.000	0.000	0.000	0.000	0.000	0.000	0.000	0.000	0.000	0.000	0.000	0.000	0.000	0.000	0.000	0.000	0.000	0.000	0.000	0.000
60.8016	6.301	7.427	8.176	8.385	7.954	6.872	5.220	3.157	0.901	0.000	0.000	0.000	0.000	0.001	0.003	0.006	0.007	0.008	0.009	0.010	0.010	0.010	0.009	0.009	0.008	0.008	0.007	0.006	0.005	0.004
60.9540	6.577	7.820	8.657	8.889	8.394	7.159	5.287	2.988	0.546	0.000	0.000	0.000	0.000	0.000	0.000	0.000	0.000	0.075	0.107	0.116	0.110	0.094	0.072	0.048	0.022	0.000	0.000	0.000	0.000	0.000
61.1064	6.753	8.162	9.143	9.435	8.871	7.416	5.188	2.460	0.000	0.000	0.000	0.000	0.000	0.000	0.000	0.000	0.000	0.000	0.000	0.596	0.314	0.000	0.000	0.000	0.000	0.000	0.000	0.000	0.000	0.000
61.2588	6.683	8.056	9.016	9.322	8.807	7.426	5.270	2.571	0.000	0.000	0.000	0.000	0.000	0.000	0.000	0.000	0.000	0.000	0.105	0.157	0.168	0.150	0.116	0.074	0.031	0.000	0.000	0.000	0.000	0.000
61.4112	6.697	8.030	8.948	9.228	8.722	7.387	5.307	2.696	0.000	0.000	0.000	0.000	0.000	0.000	0.000	0.000	0.000	0.000	0.000	0.000	0.000	0.032	0.076	0.106	0.124	0.131	0.130	0.123	0.112	0.099
61.5636	6.521	7.881	8.846	9.185	8.731	7.426	5.338	2.669	0.000	0.000	0.000	0.000	0.000	0.000	0.000	0.000	0.000	0.000	0.000	0.000	0.000	0.000	0.039	0.082	0.108	0.122	0.125	0.120	0.111	0.099
61.7160	4.663	6.666	8.565	9.840	9.969	8.571	5.525	1.029	0.000	0.000	0.000	0.000	0.000	0.000	0.000	0.000	0.000	0.001	0.002	0.003	0.003	0.004	0.004	0.004	0.004	0.004	0.004	0.004	0.003	0.003
61.8684	5.957	7.267	8.252	8.677	8.367	7.245	5.346	2.818	0.000	0.000	0.000	0.000	0.000	0.000	0.000	0.000	0.000	0.000	0.000	0.000	0.000	0.000	0.000	0.000	0.000	0.000	0.000	0.000	0.000	0.000
62.0208	6.187	7.498	8.439	8.769	8.326	7.067	5.066	2.507	0.000	0.000	0.000	0.000	0.000	0.000	0.000	0.000	0.000	0.000	0.000	0.000	0.000	0.000	0.000	0.000	0.000	0.000	0.000	0.000	0.000	0.000
62.1732	6.486	7.851	8.799	9.067	8.484	7.012	4.748	1.911	0.000	0.000	0.000	0.000	0.000	0.000	0.000	0.000	0.000	0.000	0.000	0.000	0.000	0.000	0.000	0.000	0.000	0.000	0.000	0.000	0.000	0.000
62.3256	6.352	7.878	8.992	9.358	8.753	7.126	4.600	1.439	0.000	0.000	0.000	0.000	0.000	0.000	0.000	0.000	0.000	0.000	0.000	0.000	0.000	0.000	0.000	0.004	0.011	0.016	0.018	0.019	0.019	0.018
62.4780	6.854	8.313	9.289	9.484	8.721	6.992	4.452	1.397	0.000	0.000	0.000	0.000	0.000	0.000	0.000	0.000	0.000	0.000	0.000	0.000	0.043	0.134	0.164	0.150	0.109	0.057	0.006	0.000	0.000	0.000
62.6304	7.090	8.852	10.060	10.293	9.313	7.132	3.998	0.350	0.000	0.000	0.000	0.000	0.000	0.000	0.000	0.000	0.000	0.000	1.223	0.000	0.000	0.000	0.000	0.000	0.000	0.000	0.000	0.000	0.000	0.000
62.7828	7.363	8.876	9.813	9.864	8.862	6.841	4.024	0.796	0.000	0.000	0.000	0.000	0.000	0.000	0.000	0.137	0.455	0.498	0.274	0.000	0.000	0.000	0.000	0.000	0.000	0.000	0.000	0.000	0.000	0.000
62.9352	7.700	9.137	9.961	9.878	8.735	6.574	3.639	0.341	0.000	0.000	0.000	0.000	0.000	0.000	0.282	0.713	0.552	0.000	0.000	0.000	0.000	0.000	0.000	0.000	0.000	0.000	0.000	0.000	0.000	0.000
63.0876	7.927	9.164	9.791	9.580	8.426	6.382	3.669	0.659	0.000	0.000	0.000	0.000	0.000	0.221	0.378	0.266	0.000	0.000	0.000	0.000	0.000	0.000	0.000	0.000	0.000	0.000	0.000	0.000	0.000	0.000
63.2400	7.765	8.992	9.642	9.492	8.423	6.455	3.757	0.631	0.000	0.000	0.000	0.000	0.000	0.000	0.000	0.000	0.000	0.000	0.000	0.000	0.000	0.000	0.000	0.000	0.000	0.000	0.000	0.000	0.000	0.000
63.3924	7.641	8.877	9.552	9.432	8.382	6.400	3.628	0.342	0.000	0.000	0.000	0.000	0.000	0.000	0.000	0.000	0.000	0.000	0.000	0.000	0.000	0.000	0.000	0.000	0.000	0.000	0.000	0.000	0.000	0.000
63.5448	7.528	8.748	9.426	9.328	8.310	6.358	3.597	0.292	0.000	0.000	0.000	0.000	0.000	0.000	0.000	0.000	0.000	0.000	0.000	0.000	0.000	0.000	0.000	0.000	0.000	0.000	0.000	0.000	0.000	0.000
63.6972	7.176	8.421	9.163	9.162	8.257	6.411	3.730	0.467	0.000	0.000	0.000	0.000	0.000	0.000	0.000	0.000	0.000	0.000	0.000	0.000	0.000	0.000	0.000	0.000	0.000	0.000	0.000	0.000	0.000	0.000
63.8496	6.710	8.074	8.993	9.181	8.417	6.610	3.834	0.337	0.000	0.000	0.000	0.000	0.000	0.000	0.000	0.000	0.000	0.000	0.000	0.000	0.000	0.000	0.000	0.000	0.000	0.000	0.000	0.000	0.000	0.000
64.0020	5.337	7.093	8.627	9.472	9.164	7.400	4.161	0.000	0.000	0.000	0.000	0.000	0.000	0.000	0.000	0.000	0.000	0.000	0.000	0.000	0.000	0.000	0.000	0.000	0.006	0.011	0.013	0.014	0.014	0.013
64.1544	6.866	8.139	8.961	9.084	8.318	6.588	3.980	0.766	0.000	0.000	0.000	0.000	0.000	0.000	0.000	0.000	0.000	0.000	0.000	0.000	0.000	0.000	0.000	0.000	0.023	0.055	0.076	0.086	0.089	0.085
64.3068	7.520	8.681	9.319	9.237	8.291	6.431	3.752	0.506	0.000	0.000	0.000	0.000	0.000	0.000	0.000	0.000	0.000	0.000	0.000	0.000	0.000	0.000	0.000	0.000	0.000	0.040	0.072	0.091	0.099	0.098
64.4592	7.894	9.048	9.613	9.400	8.299	6.309	3.556	0.304	0.000	0.000	0.000	0.000	0.000	0.000	0.000	0.000	0.000	0.000	0.000	0.000	0.000	0.000	0.009	0.022	0.032	0.039	0.043	0.044	0.042	0.039
64.6116	9.237	10.028	10.091	9.387	7.959	5.907	3.406	0.000	0.000	0.000	0.000	0.000	0.000	0.000	0.000	0.000	0.000	0.000	0.000	0.000	0.000	0.000	0.352	0.184	0.050	0.000	0.000	0.000	0.000	0.000
64.7640	9.060	10.206	10.585	9.999	8.363	5.728	2.290	0.000	0.000	0.000	0.000	0.000	0.000	0.000	0.000	0.000	0.000	0.000	0.000	0.000	0.000	0.000	0.000	0.000	0.000	0.067	0.216	0.306	0.348	0.355
64.9164	8.179	9.482	10.098	9.768	8.356	5.882	2.535	0.000	0.000	0.000	0.000	0.000	0.000	0.000	0.000	0.000	0.000	0.000	0.000	0.000	0.000	0.000	0.000	0.000	0.000	0.125	0.284	0.374	0.411	0.411
65.0688	7.231	8.556	9.309	9.218	8.120	6.017	3.085	0.000	0.000	0.000	0.000	0.000	0.000	0.000	0.000	0.000	0.000	0.000	0.000	0.000	0.000	0.036	0.117	0.171	0.201	0.211	0.207	0.194	0.174	0.152
65.2212	6.763	8.101	8.930	8.947	7.948	5.903	2.979	0.000	0.000	0.000	0.000	0.000	0.000	0.000	0.000	0.000	0.000	0.000	0.000	0.000	0.104	0.184	0.213	0.206	0.175	0.133	0.088	0.049	0.018	0.000
65.3736	6.397	7.602	8.348	8.377	7.527	5.784	3.298	0.374	0.000	0.000	0.000	0.000	0.000	0.000	0.000	0.000	0.000	0.000	0.000	0.000	0.000	0.432	0.349	0.226	0.088	0.000	0.000	0.000	0.000	0.000
65.5260	6.466	7.422	7.911	7.762	6.912	5.418	3.434	1.194	0.000	0.000	0.000	0.000	0.000	0.000	0.017	0.065	0.096	0.104	0.089	0.056	0.011	0.000	0.461	0.112	0.000	0.000	0.000	0.000	0.000	0.000
65.6784	5.877	6.887	7.522	7.606	7.038	5.817	4.040	1.884	0.000	0.000	0.000	0.000	0.000	0.000	0.000	0.000	0.000	0.000	0.029	0.049	0.058	0.060	0.056	0.048	0.039	0.029	0.019	0.012	0.006	0.002
65.8308	5.981	7.006	7.650	7.732	7.151	5.907	4.094	1.889	0.000	0.000	0.000	0.000	0.000	0.000	0.000	0.000	0.000	0.000	0.000	0.000	0.000	0.011	0.034	0.050	0.061	0.065	0.065	0.062	0.057	0.051
65.9832	6.815	7.789	8.297	8.174	7.346	5.835	3.744	1.244	0.000	0.000	0.000	0.000	0.000	0.000	0.000	0.000	0.000	0.000	0.000	0.000	0.000	0.000	0.000	0.000	0.000	0.000	0.021	0.151	0.227	0.262
66.1356	6.907	7.906	8.416	8.276	7.403	5.813	3.607	0.973	0.000	0.000	0.000	0.000	0.000	0.000	0.000	0.000	0.000	0.000	0.000	0.000	0.000	0.000	0.000	0.000	0.000	0.000	0.000	0.058	0.103	0.125
66.2880	7.095	8.104	8.612	8.450	7.522	5.836	3.504	0.747	0.000	0.000	0.000	0.000	0.000	0.000	0.000	0.000	0.000	0.000	0.000	0.000	0.000	0.000	0.000	0.000	0.000	0.000	0.000	0.071	0.114	0.135
66.4404	7.494	8.475	8.907	8.631	7.560	5.717	3.239	0.383	0.000	0.000	0.000	0.000	0.000	0.000	0.000	0.000	0.000	0.000	0.000	0.000	0.000	0.000	0.000	0.015	0.035	0.050	0.060	0.064	0.064	0.061
66.5928	7.600	8.634	9.105	8.835	7.726	5.788	3.152	0.075	0.000	0.000	0.000	0.000	0.000	0.000	0.000	0.000	0.000	0.000	0.000	0.000	0.000	0.000	0.000	0.004	0.014	0.021	0.025	0.028	0.028	0.027
66.7452	7.515	8.616	9.170	8.975	7.904	5.944	3.214	0.000	0.000	0.000	0.000	0.000	0.000	0.000	0.000	0.000	0.000	0.000	0.000	0.000	0.000	0.000	0.000	0.000	0.000	0.000	0.000	0.000	0.000	0.000
66.8976	7.585	8.831	9.513	9.384	8.287	6.205	3.277	0.000	0.000	0.000	0.000	0.000	0.000	0.000	0.000	0.000	0.000	0.000	0.000	0.000	0.000	0.000	0.000	0.014	0.026	0.034	0.039	0.041	0.040	0.037
67.0500	7.826	9.134	9.848	9.704	8.534	6.322	3.213	0.000	0.000	0.000	0.000	0.000	0.000	0.000	0.000	0.000	0.000	0.000	0.000	0.000	0.005	0.015	0.023	0.029	0.033	0.035	0.034	0.033	0.030	0.027
67.2024	7.929	9.292	10.065	9.950	8.746	6.406	3.052	0.000	0.000	0.000	0.000	0.000	0.000	0.000	0.000	0.000	0.000	0.000	0.000	0.000	0.000	0.000	0.000	0.010	0.021	0.029	0.033	0.034	0.033	0.030
67.3548	7.961	9.388	10.271	10.266	9.101	6.650	2.976	0.000	0.000	0.000	0.000	0.000	0.000	0.000	0.000	0.000	0.000	0.000	0.000	0.000	0.000	0.000	0.000	0.000	0.000	0.000	0.000	0.009	0.114	0.171
67.5072	7.938	9.354	10.221	10.229	9.147	6.884	3.524	0.000	0.000	0.000	0.000	0.000	0.000	0.000	0.000	0.000	0.000	0.000	0.000	0.000	0.000	0.000	0.000	0.000	0.000	0.032	0.059	0.074	0.080	0.080
67.6596	7.698	9.049	9.903	9.976	9.042	7.007	3.935	0.061	0.000	0.000	0.000	0.000	0.000	0.000	0.000	0.000	0.000	0.000	0.000	0.000	0.000	0.000	0.000	0.004	0.011	0.016	0.019	0.020	0.019	0.018
67.8120	7.427	8.783	9.675	9.808	8.948	7.004	4.066	0.406	0.000	0.000	0.000	0.000	0.000	0.000	0.000	0.000	0.000	0.000	0.000	0.000	0.000	0.000	0.000	0.000	0.000	0.000	0.000	0.000	0.000	0.000
67.9644	7.100	8.458	9.359	9.522	8.744	6.971	4.329	1.108	0.000	0.000	0.000	0.000	0.000	0.000	0.000	0.000	0.000	0.000	0.000	0.000	0.000	0.000	0.000	0.000	0.000	0.000	0.000	0.000	0.000	0.000
68.1168	7.052	8.340	9.174	9.271	8.441	6.668	4.143	1.230	0.000	0.000	0.000	0.000	0.000	0.119	0.347	0.189	0.000	0.000	0.000	0.000	0.000	0.000	0.000	0.000	0.000	0.000	0.000	0.000	0.000	0.000
68.2692	7.711	8.972	9.716	9.629	8.499	6.338	3.418	0.234	0.000	0.000	0.000	0.000	0.000	0.259	0.698	0.558	0.000	0.000	0.000	0.000	0.000	0.000	0.000	0.000	0.000	0.000	0.000	0.000	0.000	0.000
68.4216	7.276	8.584	9.422	9.496	8.600	6.701	3.978	0.802	0.000	0.000	0.000	0.000	0.000	0.000	0.000	0.098	0.161	0.172	0.137	0.066	0.000	0.000	0.000	0.000	0.000	0.000	0.000	0.000	0.000	0.000
68.5740	7.307	8.615	9.456	9.547	8.683	6.803	4.037	0.688	0.000	0.000	0.000	0.000	0.000	0.000	0.000	0.000	0.000	0.000	0.000	0.000	0.007	0.071	0.091	0.081	0.052	0.015	0.000	0.000	0.000	0.000
68.7264	7.314	8.628	9.447	9.502	8.600	6.690	3.894	0.496	0.000	0.000	0.000	0.000	0.000	0.000	0.000	0.000	0.000	0.000	0.012	0.021	0.028	0.033	0.036	0.037	0.037	0.035	0.033	0.029	0.026	0.022
68.8788	5.708	7.940	9.997	11.093	10.420	7.474	2.261	0.000	0.000	0.000	0.000	0.000	0.000	0.000	0.000	0.000	0.000	0.000	0.008	0.015	0.017	0.015	0.011	0.005	0.000	0.000	0.000	0.000	0.000	0.000
69.0312	7.566	8.987	9.876	9.937	8.974	6.945	3.992	0.424	0.000	0.000	0.000	0.000	0.000	0.000	0.000	0.000	0.000	0.000	0.000	0.000	0.000	0.000	0.000	0.000	0.000	0.000	0.000	0.000	0.000	0.000
69.1836	7.671	8.921	9.612	9.504	8.466	6.537	3.929	1.001	0.000	0.000	0.000	0.000	0.000	0.055	0.311	0.393	0.229	0.000	0.000	0.000	0.000	0.000	0.000	0.000	0.000	0.000	0.000	0.000	0.000	0.000
69.3360	8.333	9.627	10.267	9.978	8.631	6.315	3.339	0.000	0.000	0.000	0.000	0.000	0.000	0.000	1.036	1.047	0.008	0.000	0.000	0.000	0.000	0.000	0.000	0.000	0.000	0.000	0.000	0.000	0.000	0.000
69.4884	8.642	9.857	10.400	10.034	8.653	6.344	3.382	0.192	0.000	0.000	0.000	0.000	0.000	0.000	0.191	0.599	0.643	0.288	0.000	0.000	0.000	0.000	0.000	0.000	0.000	0.000	0.000	0.000	0.000	0.000
69.6408	9.044	10.122	10.513	10.015	8.548	6.200	3.236	0.061	0.000	0.000	0.000	0.000	0.000	0.000	0.250	0.602	0.632	0.334	0.000	0.000	0.000	0.000	0.000	0.000	0.000	0.000	0.000	0.000	0.000	0.000
69.7932	8.767	9.826	10.263	9.875	8.546	6.312	3.377	0.108	0.000	0.000	0.000	0.000	0.000	0.000	0.000	0.237	0.498	0.494	0.248	0.000	0.000	0.000	0.000	0.000	0.000	0.000	0.000	0.000	0.000	0.000
69.9456	8.975	9.979	10.375	9.950	8.570	6.251	3.197	0.000	0.000	0.000	0.000	0.000	0.000	0.000	0.000	0.268	0.464	0.380	0.048	0.000	0.000	0.000	0.000	0.000	0.000	0.000	0.000	0.000	0.000	0.000
70.0980	8.914	9.881	10.227	9.773	8.422	6.213	3.339	0.132	0.000	0.000	0.000	0.000	0.000	0.106	0.205	0.220	0.154	0.021	0.000	0.000	0.000	0.000	0.000	0.000	0.000	0.000	0.000	0.000	0.000	0.000
70.2504	11.338	10.983	9.828	8.131	6.235	4.498	3.225	2.635	0.000	0.000	0.000	0.029	0.059	0.076	0.075	0.056	0.027	0.000	0.000	0.000	0.000	0.000	0.160	0.000	0.000	0.000	0.000	0.000	0.000	0.000
70.4028	11.566	11.199	9.790	7.692	5.483	3.761	2.952	3.200	0.000	0.013	0.053	0.087	0.102	0.089	0.046	0.000	0.000	0.000	0.000	0.000	0.000	0.000	0.000	0.000	0.000	0.000	0.000	0.000	0.189	0.342
70.5552	11.238	11.070	9.844	7.857	5.666	3.880	2.945	2.998	0.005	0.011	0.016	0.019	0.017	0.010	0.000	0.000	0.000	0.000	0.000	0.000	0.000	0.000	0.000	0.000	0.000	0.000	0.000	0.000	0.177	0.531
70.7076	8.912	9.649	9.580	8.698	7.169	5.248	3.179	1.151	0.000	0.000	0.000	0.000	0.000	0.000	0.000	0.000	0.000	0.000	0.000	0.000	0.000	0.000	0.000	0.000	0.000	0.000	0.000	0.000	0.231	0.450
70.8600	8.436	9.357	9.508	8.815	7.384	5.430	3.197	0.903	0.000	0.000	0.000	0.000	0.000	0.000	0.000	0.000	0.000	0.000	0.000	0.000	0.000	0.000	0.000	0.000	0.000	0.000	0.000	0.020	0.285	0.436
71.0124	7.757	8.807	9.264	8.955	7.815	5.897	3.364	0.472	0.000	0.000	0.000	0.000	0.000	0.000	0.000	0.000	0.000	0.000	0.000	0.000	0.000	0.000	0.000	0.000	0.000	0.000	0.044	0.095	0.124	0.135
71.1648	7.960	8.912	9.310	8.987	7.847	5.893	3.240	0.114	0.000	0.000	0.000	0.000	0.000	0.000	0.000	0.000	0.000	0.000	0.000	0.000	0.000	0.000	0.000	0.000	0.000	0.024	0.041	0.052	0.056	0.056
71.3172	7.972	8.960	9.368	9.015	7.791	5.691	2.835	0.000	0.000	0.000	0.000	0.000	0.000	0.000	0.000	0.000	0.000	0.000	0.000	0.000	0.000	0.000	0.000	0.000	0.000	0.005	0.029	0.044	0.052	0.054
71.4696	7.781	8.809	9.251	8.930	7.749	5.727	2.998	0.000	0.000	0.000	0.000	0.000	0.000	0.000	0.000	0.000	0.000	0.000	0.000	0.000	0.000	0.000	0.000	0.000	0.000	0.003	0.013	0.019	0.022	0.023
71.6220	7.595	8.621	9.070	8.766	7.627	5.683	3.082	0.078	0.000	0.000	0.000	0.000	0.000	0.000	0.000	0.000	0.000	0.000	0.000	0.000	0.000	0.000	0.000	0.006	0.018	0.026	0.032	0.034	0.034	0.033
71.7744	7.606	8.690	9.164	8.824	7.575	5.457	2.657	0.000	0.000	0.000	0.000	0.000	0.000	0.000	0.000	0.000	0.000	0.000	0.000	0.132	0.141	0.123	0.088	0.042	0.000	0.000	0.000	0.000	0.000	0.000
71.9268	7.796	9.080	9.706	9.384	7.959	5.466	2.155	0.000	0.000	0.000	0.000	0.000	0.000	0.000	0.000	0.133	0.291	0.269	0.100	0.000	0.000	0.000	0.000	0.000	0.000	0.000	0.000	0.000	0.000	0.000
72.0792	7.614	8.828	9.459	9.264	8.110	6.021	3.184	0.000	0.000	0.000	0.000	0.000	0.000	0.102	0.153	0.128	0.021	0.000	0.000	0.000	0.000	0.000	0.000	0.000	0.000	0.000	0.000	0.000	0.000	0.000
72.2316	8.008	9.053	9.536	9.234	8.017	5.914	3.138	0.075	0.000	0.000	0.000	0.000	0.000	0.295	0.414	0.176	0.000	0.000	0.000	0.000	0.000	0.000	0.000	0.000	0.000	0.000	0.000	0.000	0.000	0.000
72.3840	7.981	9.091	9.648	9.420	8.275	6.238	3.516	0.480	0.000	0.000	0.000	0.000	0.035	0.148	0.199	0.165	0.041	0.000	0.000	0.000	0.000	0.000	0.000	0.000	0.000	0.000	0.000	0.000	0.000	0.000
72.5364	9.561	9.886	9.743	9.027	7.678	5.807	3.761	2.091	0.000	0.000	0.000	0.075	0.126	0.108	0.000	0.000	0.000	0.000	0.000	0.000	0.000	0.000	0.000	0.000	0.000	0.000	0.000	0.000	0.000	0.000
72.6888	9.943	10.152	9.762	8.797	7.356	5.665	4.104	3.146	0.000	0.012	0.024	0.032	0.025	0.000	0.000	0.000	0.000	0.000	0.000	0.000	0.000	0.000	0.000	0.000	0.000	0.000	0.000	0.000	0.000	0.000
72.8412	8.063	9.175	9.712	9.483	8.401	6.527	4.072	1.375	0.000	0.000	0.020	0.246	0.358	0.230	0.000	0.000	0.000	0.000	0.000	0.000	0.000	0.000	0.000	0.000	0.000	0.000	0.000	0.000	0.000	0.000
72.9936	8.925	9.681	9.834	9.277	8.016	6.222	4.252	2.620	0.003	0.005	0.008	0.011	0.012	0.008	0.000	0.000	0.000	0.000	0.000	0.000	0.000	0.000	0.000	0.000	0.000	0.000	0.000	0.000	0.000	0.000
73.1460	7.929	9.165	9.851	9.772	8.808	6.960	4.364	1.276	0.000	0.000	0.000	0.000	0.000	0.000	0.000	0.000	0.000	0.000	0.000	0.000	0.000	0.000	0.000	0.000	0.000	0.000	0.000	0.000	0.000	0.000
73.2984	7.776	9.005	9.697	9.636	8.703	6.910	4.402	1.432	0.000	0.000	0.000	0.000	0.000	0.000	0.000	0.000	0.000	0.000	0.000	0.000	0.000	0.000	0.000	0.000	0.000	0.000	0.000	0.000	0.000	0.000
73.4508	6.965	8.192	8.978	9.102	8.423	6.920	4.694	1.961	0.000	0.000	0.000	0.000	0.000	0.000	0.000	0.000	0.000	0.000	0.000	0.000	0.000	0.000	0.000	0.000	0.000	0.000	0.000	0.000	0.000	0.000
73.6032	6.581	7.821	8.685	8.937	8.405	7.026	4.864	2.101	0.000	0.000	0.000	0.000	0.000	0.000	0.000	0.000	0.000	0.000	0.000	0.000	0.000	0.000	0.000	0.000	0.000	0.000	0.000	0.000	0.000	0.000
73.7556	6.517	7.761	8.622	8.870	8.346	6.995	4.883	2.185	0.000	0.000	0.000	0.000	0.000	0.000	0.000	0.000	0.000	0.000	0.000	0.000	0.000	0.000	0.000	0.000	0.000	0.000	0.000	0.000	0.000	0.000
73.9080	6.480	7.746	8.657	8.962	8.462	7.067	4.824	1.900	0.000	0.000	0.000	0.000	0.000	0.000	0.000	0.000	0.000	0.000	0.000	0.000	0.000	0.000	0.000	0.000	0.000	0.000	0.000	0.000	0.000	0.000
74.0604	6.352	7.672	8.665	9.052	8.590	7.139	4.697	1.400	0.000	0.000	0.000	0.000	0.000	0.000	0.000	0.000	0.000	0.000	0.000	0.000	0.000	0.000	0.000	0.000	0.000	0.000	0.000	0.000	0.000	0.000
74.2128	6.750	8.097	9.060	9.360	8.762	7.141	4.508	1.015	0.000	0.000	0.000	0.000	0.000	0.000	0.000	0.000	0.000	0.000	0.000	0.000	0.000	0.000	0.000	0.000	0.000	0.000	0.000	0.000	0.000	0.000
74.3652	7.273	8.630	9.551	9.755	9.011	7.203	4.363	0.669	0.000	0.000	0.000	0.000	0.000	0.000	0.000	0.000	0.000	0.000	0.000	0.000	0.000	0.000	0.000	0.000	0.000	0.000	0.000	0.000	0.000	0.000
74.5176	7.664	8.998	9.874	10.015	9.194	7.303	4.389	0.669	0.000	0.000	0.000	0.000	0.000	0.000	0.000	0.000	0.000	0.000	0.000	0.000	0.000	0.000	0.000	0.000	0.000	0.000	0.000	0.000	0.000	0.000
74.6700	7.655	8.897	9.671	9.744	8.944	7.204	4.594	1.330	0.000	0.000	0.000	0.000	0.000	0.000	0.000	0.000	0.000	0.000	0.000	0.000	0.000	0.000	0.000	0.000	0.000	0.000	0.000	0.000	0.000	0.000
74.8224	8.000	9.171	9.786	9.661	8.699	6.915	4.453	1.585	0.000	0.000	0.000	0.000	0.000	0.000	0.138	0.221	0.211	0.102	0.000	0.000	0.000	0.000	0.000	0.000	0.000	0.000	0.000	0.000	0.000	0.000
74.9748	8.231	9.382	9.934	9.716	8.658	6.803	4.314	1.466	0.000	0.000	0.000	0.000	0.000	0.000	0.000	0.310	0.525	0.434	0.068	0.000	0.000	0.000	0.000	0.000	0.000	0.000	0.000	0.000	0.000	0.000
75.1272	7.975	9.105	9.673	9.508	8.523	6.747	4.325	1.525	0.000	0.000	0.000	0.000	0.000	0.000	0.223	0.461	0.349	0.000	0.000	0.000	0.000	0.000	0.000	0.000	0.000	0.000	0.000	0.000	0.000	0.000
75.2796	7.338	8.543	9.233	9.219	8.401	6.796	4.534	1.851	0.000	0.000	0.000	0.000	0.000	0.000	0.122	0.204	0.107	0.000	0.000	0.000	0.000	0.000	0.000	0.000	0.000	0.000	0.000	0.000	0.000	0.000
75.4320	7.482	8.740	9.448	9.393	8.479	6.740	4.348	1.582	0.000	0.000	0.000	0.000	0.000	0.036	0.084	0.104	0.087	0.032	0.000	0.000	0.000	0.000	0.000	0.000	0.000	0.000	0.000	0.000	0.000	0.000
75.5844	7.751	9.008	9.723	9.680	8.760	6.971	4.450	1.452	0.000	0.000	0.000	0.000	0.000	0.000	0.000	0.000	0.000	0.000	0.000	0.000	0.000	0.000	0.000	0.000	0.000	0.000	0.000	0.000	0.000	0.000
75.7368	7.640	8.849	9.558	9.561	8.727	7.029	4.555	1.504	0.000	0.000	0.000	0.000	0.000	0.000	0.000	0.000	0.000	0.000	0.000	0.000	0.000	0.000	0.000	0.000	0.000	0.000	0.000	0.000	0.000	0.000
75.8892	7.913	9.056	9.672	9.576	8.661	6.920	4.448	1.439	0.000	0.000	0.000	0.000	0.000	0.000	0.000	0.000	0.000	0.000	0.000	0.000	0.000	0.000	0.000	0.000	0.000	0.000	0.000	0.000	0.000	0.000
76.0416	7.998	9.099	9.659	9.510	8.561	6.829	4.429	1.567	0.000	0.000	0.000	0.000	0.000	0.000	0.000	0.000	0.000	0.000	0.000	0.000	0.000	0.000	0.000	0.000	0.000	0.017	0.049	0.069	0.080	0.082
76.1940	7.735	8.742	9.271	9.173	8.358	6.822	4.641	1.980	0.000	0.000	0.000	0.000	0.000	0.000	0.000	0.000	0.000	0.000	0.000	0.000	0.000	0.000	0.000	0.000	0.000	0.000	0.000	0.047	0.141	0.193
76.3464	7.067	8.172	8.837	8.887	8.212	6.797	4.725	2.176	0.000	0.000	0.000	0.000	0.000	0.000	0.000	0.000	0.000	0.000	0.000	0.000	0.000	0.000	0.000	0.000	0.012	0.036	0.054	0.063	0.067	0.066
76.4988	9.482	9.482	9.041	8.216	7.078	5.726	4.289	2.938	0.000	0.000	0.000	0.000	0.003	0.006	0.008	0.008	0.006	0.004	0.001	0.000	0.000	0.362	0.000	0.000	0.000	0.000	0.000	0.000	0.000	0.000
76.6512	8.382	9.184	9.419	8.982	7.855	6.117	3.941	1.577	0.000	0.000	0.000	0.000	0.000	0.000	0.825	0.645	0.000	0.000	0.000	0.000	0.000	0.000	0.000	0.000	0.000	0.000	0.000	0.000	0.000	0.000
76.8036	7.852	8.757	9.122	8.824	7.837	6.240	4.207	1.988	0.000	0.000	0.000	0.000	0.125	0.435	0.564	0.392	0.000	0.000	0.000	0.000	0.000	0.000	0.000	0.000	0.000	0.000	0.000	0.000	0.000	0.000
76.9560	8.118	8.952	9.197	8.754	7.640	5.991	4.026	2.011	0.201	0.000	0.000	0.000	0.309	0.543	0.553	0.196	0.000	0.000	0.000	0.000	0.000	0.000	0.000	0.000	0.000	0.000	0.000	0.000	0.000	0.000