HOLE:	1249A
LEG:	204
TOP:	0.1460
BOTTOM:	91.4336
DEPTH_LSF	ROP5	GRTK	B3TM	B2TM	B1TM	RTIM	RBTM	DTAB	NTAB	RPM	ARPM
m	m/hr	s	s	s	s	s	s	s	s	rpm	rpm	
0.1460	13912.0605	454.2656	574.0781	614.0156	638.9688	539.1250	199.6719	6494.5781	6774.1406	33.7821	39.2500
0.2984	13389.1816	399.3594	519.1719	554.1094	594.0469	479.2344	119.8125	6524.5469	6804.0938	34.0000	39.7143
0.4508	25.2086	414.3281	534.1406	589.0469	604.0312	499.2031	109.8125	6559.4844	6829.0625	27.0000	41.2500
0.6032	41.2487	439.2969	564.0938	594.0469	614.0156	514.1719	104.8281	6584.4531	6854.0156	31.0000	36.5000
0.7556	41.5692	459.2656	579.0781	609.0312	633.9844	549.1250	109.8281	6614.4062	6878.9688	28.0000	42.2857
0.9080	42.8615	474.2344	589.0469	624.0000	653.9531	564.0938	104.8281	6644.3594	6898.9531	33.6613	42.4000
1.0604	42.2094	499.2031	604.0312	643.9688	668.9375	574.0781	104.8281	6654.3438	6913.9219	29.1565	36.6667
1.2128	36.0943	519.1719	619.0156	653.9531	683.9062	579.0781	124.7969	6654.3438	6908.9375	28.0000	42.4286
1.3652	31.8937	524.1562	629.0000	668.9219	693.8906	594.0469	139.7812	6654.3281	6913.9219	25.0000	37.0000
1.5176	29.4989	544.1250	658.9375	693.8750	718.8438	619.0000	164.7344	6659.3281	6913.9062	31.5016	40.6667
1.6700	27.7094	564.0938	678.9062	718.8438	738.8125	643.9531	189.6875	6659.3281	6928.8906	27.8846	41.2500
1.8224	24.7138	589.0625	698.8906	733.8281	763.7812	663.9375	209.6719	6664.3125	7458.0469	29.6837	42.0000
1.9748	22.0356	609.0312	718.8594	758.7969	783.7500	688.9062	234.6250	6659.3281	7453.0625	33.0962	38.4286
2.1272	20.3204	633.9844	743.8125	778.7656	803.7188	708.8750	254.5938	6664.3281	7428.0938	28.0000	40.5714
2.2796	18.7880	648.9531	758.7812	793.7188	818.6875	723.8438	279.5469	6664.3281	7418.1094	29.0000	38.5714
2.4320	17.4177	648.9688	753.7969	788.7344	813.7031	718.8594	274.5625	6669.3125	7413.1250	29.0000	43.0000
2.5844	16.3768	638.9688	748.7969	788.7344	813.6875	718.8438	274.5625	6674.2969	7398.1406	24.0000	38.2857
2.7368	16.5749	638.9844	743.8125	783.7500	813.7031	713.8594	269.5625	6679.2969	7388.1719	27.0000	40.8750
2.8892	16.3780	638.9844	748.7969	788.7344	823.6875	713.8594	284.5469	7203.4688	7358.2188	27.8946	31.3540
3.0416	16.1834	633.9844	748.8125	793.7344	823.6875	708.8750	279.5625	7198.4688	7358.2188	24.0000	31.8000
3.1940	16.6758	633.9844	758.7969	798.7188	818.6875	713.8594	274.5625	7198.4531	7353.2188	0.0000	35.5000
3.3464	16.8812	633.9844	758.7812	788.7344	808.7031	718.8438	264.5781	7188.4688	7348.2188	29.0000	42.1667
3.4988	16.8812	629.0000	748.7969	778.7500	798.7188	718.8594	264.5781	7178.5000	7328.2500	29.0000	47.0000
3.6512	16.8812	638.9844	743.8125	773.7656	798.7188	713.8594	264.5781	7173.5000	7313.2812	15.9038	45.5000
3.8036	17.0918	643.9688	733.8125	768.7656	793.7188	708.8594	264.5625	7153.5469	7298.3125	28.0000	44.6667
3.9560	17.0387	643.9531	733.8125	768.7656	793.7188	703.8594	264.5625	7148.5469	7283.3281	33.0000	41.2000
4.1084	17.2532	619.0000	718.8438	758.7812	783.7500	683.9062	254.5938	7133.5625	7268.3438	26.0000	46.0000
4.2608	17.2532	614.0156	713.8594	753.7969	778.7500	683.9062	249.6094	7128.5781	7258.3750	28.0000	46.5000
4.4132	17.6975	619.0156	728.8438	763.7812	788.7344	693.8906	259.5938	7118.5938	7243.3906	31.0641	46.8000
4.5656	17.9305	619.0156	728.8281	763.7812	793.7344	693.8906	259.5938	7108.5938	7233.4062	33.2102	48.6667
4.7180	17.4732	619.0156	728.8281	773.7656	813.7031	693.8906	259.5938	7083.6406	7218.4375	25.8333	43.6667
4.8704	17.2532	619.0000	728.8281	788.7344	813.6875	688.8906	254.5781	7068.6719	7208.4531	25.0000	44.6667
5.0228	17.3612	619.0156	748.8125	788.7500	803.7188	693.8906	259.5938	7058.6875	7198.4688	28.3269	43.0000
5.1752	17.4732	614.0156	748.7969	773.7656	808.7031	708.8594	254.5938	7043.7031	7188.4688	29.7636	41.0000
5.3276	17.3077	614.0156	738.8125	783.7344	813.6875	713.8594	259.5781	7023.7344	7168.5000	25.0000	44.5000
5.4800	16.9846	624.0000	748.7969	788.7344	823.6719	708.8594	269.5625	7003.7656	7153.5312	31.0000	47.7500
5.6324	16.4753	643.9688	748.7969	793.7344	823.6875	708.8594	269.5781	6993.7812	7143.5469	29.8466	47.0000
5.7848	16.8812	633.9844	758.7812	798.7188	838.6562	718.8438	264.5781	6988.7969	7138.5625	26.1661	47.7500
5.9372	17.3077	633.9844	763.7812	813.7031	843.6406	723.8438	264.5781	6983.8125	7133.5781	26.0000	46.5000
6.0896	17.5277	643.9688	778.7500	818.6875	853.6250	733.8281	259.5781	6978.8125	7128.5781	31.4249	46.0000
6.2420	17.8706	648.9531	783.7344	828.6719	863.6094	743.8125	254.5938	6968.8281	7118.5938	33.0000	46.5000
6.3944	17.7548	648.9688	788.7344	833.6719	853.6406	743.8125	254.5938	6958.8438	7108.6094	33.0000	49.5000
6.5468	17.7562	658.9531	798.7188	828.6719	858.6250	753.7969	254.5938	6943.8750	7098.6250	30.0000	47.2500
6.6992	17.6405	658.9531	783.7500	828.6719	853.6406	753.7969	244.6094	6933.8906	7088.6406	28.5287	48.0000
6.8516	17.9291	658.9375	778.7500	818.6875	843.6406	743.8125	234.6250	6923.9062	7078.6562	30.0000	46.5000
7.0040	18.4109	673.9219	788.7500	823.6875	853.6406	748.8125	239.6250	6918.9062	7073.6562	21.0000	49.8000
7.1564	19.0508	683.9062	793.7188	833.6562	868.6094	758.7812	249.5938	6893.9531	7053.6875	28.3949	46.7500
7.3088	17.8125	678.9062	798.7188	843.6406	873.5938	758.7812	269.5625	6868.9844	7028.7344	27.0543	49.5000
7.4612	16.6252	693.8906	813.7031	853.6406	883.5938	768.7656	279.5625	6859.0000	7023.7344	29.0000	52.0000
7.6136	16.8294	693.8906	818.6875	858.6250	888.5781	778.7500	274.5625	6854.0156	7028.7344	22.9038	50.7500
7.7660	16.5250	693.8906	823.6875	863.6250	903.5469	783.7500	279.5469	6839.0312	7013.7656	30.0000	47.8000
7.9184	16.2325	698.8750	823.6719	878.5781	903.5469	783.7344	279.5469	6824.0625	7008.7656	31.0000	49.5000
8.0708	15.9480	708.8750	838.6562	878.5938	903.5625	793.7344	289.5469	6809.0781	6998.7812	27.0000	46.6000
8.2232	15.8568	713.8594	843.6562	878.5938	903.5625	803.7188	294.5312	6789.1094	6983.7969	25.5942	51.0000
8.3756	15.2821	718.8594	843.6562	878.5938	908.5469	808.7031	309.5156	6774.1406	6968.8281	27.3590	49.8000
8.5280	15.1145	708.8594	828.6719	868.6094	883.5781	798.7188	299.5156	6764.1562	6963.8438	31.8942	52.6000
8.6804	14.7080	708.8594	818.6875	843.6562	863.6250	783.7500	294.5312	6754.1719	6948.8594	31.0000	49.8333
8.8328	14.9496	713.8438	813.6875	843.6406	873.5938	793.7188	309.5000	6739.2031	6933.8906	26.0000	50.0000
8.9852	15.3248	713.8594	808.7188	848.6406	878.5938	783.7500	309.5156	6739.2031	6928.8906	29.8153	49.3333
9.1376	15.2406	708.8750	803.7188	843.6562	868.6094	763.7812	299.5312	6729.2188	6918.9062	26.0000	51.4000
9.2900	14.9090	698.8750	803.7031	838.6562	863.6094	763.7656	299.5156	6729.2188	6908.9219	31.0000	51.8000
9.4424	15.3678	688.9062	798.7188	833.6719	858.6250	763.7812	294.5312	6724.2188	6903.9375	34.0000	48.8000
9.5948	15.3688	663.9375	783.7344	818.6875	858.6250	748.7969	284.5312	6714.2500	6893.9531	27.5641	50.8333
9.7472	15.3678	668.9219	778.7500	828.6719	858.6250	743.8125	289.5312	6699.2656	6873.9844	32.1054	51.0000
9.8996	15.4120	663.9375	783.7500	823.6719	838.6562	738.8125	284.5469	6694.2656	6864.0000	33.0000	49.0000
10.0520	15.4981	653.9531	778.7500	803.7031	823.6719	738.8125	279.5469	6674.2969	6849.0156	29.6901	51.8000
10.2044	15.6754	648.9688	763.7812	793.7344	813.7031	743.8125	284.5469	6664.3281	6839.0469	27.8754	48.5000
10.3568	15.7656	658.9375	763.7656	793.7188	828.6719	738.8125	299.5156	6644.3594	6819.0781	24.0000	51.0000
10.5092	15.4555	663.9219	748.7969	798.7188	823.6719	718.8438	294.5156	6634.3750	6809.0938	25.9615	49.0000
10.6616	15.2821	658.9375	758.7812	803.7031	833.6562	718.8438	294.5156	6624.3750	6799.0938	29.5240	51.0000
10.8140	15.5421	648.9531	758.7812	803.7188	833.6562	718.8438	294.5312	6619.3906	6794.1094	30.0000	53.2000
10.9664	15.2406	633.9844	763.7812	803.7188	838.6562	723.8438	289.5469	6614.3906	6789.1094	32.0000	52.0000
11.1188	15.8557	629.0000	758.7812	808.7031	833.6719	718.8594	274.5625	6614.3906	6794.1094	30.4569	52.0000
11.2712	16.5250	633.9844	763.7656	813.6875	838.6562	718.8438	259.5781	6619.3906	6794.1094	24.6752	52.4000
11.4236	17.4719	633.9844	763.7812	808.7031	823.6875	723.8438	259.5781	6609.4219	6789.1250	31.0000	51.4000
11.5760	17.0387	638.9688	768.7656	793.7188	813.6875	728.8281	259.5781	6594.4375	7273.3438	28.0000	51.7500
11.7284	17.2532	628.9844	743.8125	773.7656	798.7188	723.8438	244.6094	6589.4375	7268.3438	29.0000	54.4000
11.8808	17.5840	638.9688	738.8125	773.7500	803.7031	713.8594	244.6094	6579.4531	7248.3750	29.6283	49.0000
12.0332	18.2880	653.9531	738.8125	778.7500	803.7031	703.8750	249.5938	6574.4531	7228.4062	23.7988	53.0000
12.1856	17.7548	633.9844	733.8125	768.7656	793.7188	693.8750	249.5938	6554.5000	7193.4688	29.0000	50.2000
12.3380	17.0918	633.9844	743.7969	773.7500	798.7188	713.8438	269.5625	6544.5156	7178.5000	29.0000	49.0000
12.4904	17.8706	643.9688	753.7812	783.7344	813.6875	718.8438	269.5625	6554.5000	7178.5000	29.0000	52.3333
12.6428	17.9893	653.9531	753.7969	793.7344	823.6875	723.8438	264.5781	7053.6875	7173.5000	32.6410	26.8058
12.7952	17.8720	643.9688	748.7969	793.7188	828.6719	708.8594	254.5938	7033.7188	7163.5156	33.9999	41.4000
12.9476	17.0918	638.9844	748.8125	798.7188	828.6719	713.8594	254.5938	7018.7500	7153.5312	33.6516	44.0000
13.1000	17.1991	633.9844	763.7812	808.7031	838.6562	718.8594	264.5781	6993.7969	7138.5625	33.0001	45.0000
13.2524	17.0918	633.9844	768.7656	813.7031	843.6562	728.8281	269.5781	6963.8438	7123.5781	37.0000	40.0000
13.4048	16.6770	633.9844	768.7656	808.7031	838.6562	723.8438	264.5781	6948.8594	7118.5938	32.2971	37.4000
13.5572	16.4753	629.0000	758.7969	798.7344	833.6719	718.8594	259.5938	6923.9062	7098.6250	42.0000	41.0000
13.7096	16.3292	643.9688	773.7656	818.6875	848.6406	733.8281	279.5625	6903.9375	7078.6562	40.1730	41.4000
13.8620	16.4259	663.9375	793.7344	833.6719	863.6250	753.7969	299.5312	6898.9531	7078.6562	42.0000	42.2000
14.0144	16.4259	673.9219	803.7031	848.6406	878.5938	763.7656	294.5312	6903.9375	7088.6406	36.0001	40.5000
14.1668	16.4259	678.9219	803.7188	848.6406	888.5781	763.7812	279.5625	6903.9219	7088.6250	36.0000	42.0000
14.3192	16.2313	673.9219	803.7188	853.6406	893.5625	763.7812	269.5625	6893.9531	7088.6406	35.7731	40.0000
14.4716	16.1369	678.9062	813.6875	863.6094	883.5781	763.7656	274.5469	6878.9844	7068.6719	34.0000	41.6000
14.6240	16.7267	673.9219	818.6875	843.6562	863.6250	768.7812	259.5938	6878.9688	7058.6875	37.1987	42.8000
14.7764	17.0387	673.9219	808.7031	833.6562	848.6406	783.7344	254.5938	6883.9688	7053.7031	41.0000	42.0000
14.9288	17.6975	673.9219	788.7344	813.6875	833.6562	763.7656	239.6094	6878.9844	7053.7031	25.0000	40.3333
15.0812	17.8125	673.9219	763.7812	793.7344	813.7031	743.8125	229.6406	6869.0000	7033.7344	38.0000	42.4000
15.2336	18.1068	693.8906	768.7656	798.7188	823.6875	743.8125	249.6094	6859.0000	7023.7344	35.0000	41.4000
15.3860	17.9893	693.8906	773.7656	808.7031	833.6719	743.8125	269.5625	6844.0312	7008.7812	37.0000	43.3333
15.5384	17.3077	683.9062	773.7656	808.7031	838.6562	743.8125	274.5625	6829.0625	6988.8125	38.0000	44.3333
15.6908	16.2807	673.9219	768.7812	808.7031	833.6719	733.8281	279.5625	6809.0781	6978.8125	42.0000	42.0000
15.8432	15.9957	668.9375	773.7656	808.7031	833.6719	733.8281	284.5469	6779.1250	6968.8281	34.6069	35.5000
15.9956	15.9017	663.9375	773.7656	808.7031	838.6562	738.8125	294.5312	6779.1406	6958.8438	37.6345	43.2500
16.1480	15.6307	668.9219	778.7500	823.6719	848.6406	743.7969	304.5000	6764.1719	6948.8750	34.3356	45.2000
16.3004	15.1973	663.9375	778.7500	818.6875	843.6562	743.8125	304.5156	6749.1875	6933.8906	34.0001	44.6000
16.4528	14.7883	663.9219	778.7500	818.6875	843.6406	738.8125	304.5000	6739.2031	6918.9062	28.7307	37.8000
16.6052	14.6304	648.9531	763.7812	803.7188	833.6562	728.8281	299.5156	6729.2188	6908.9375	36.8402	42.6000
16.7576	14.5915	648.9688	763.7812	808.7031	833.6719	728.8438	309.5156	6709.2344	6888.9531	35.9999	46.2500
16.9100	14.5142	643.9688	758.7812	798.7188	828.6719	723.8438	319.4844	6689.2812	6868.9844	31.0000	43.5000
17.0624	14.5142	643.9688	763.7812	803.7188	833.6719	728.8281	309.5000	6694.2656	6873.9844	30.0000	44.7500
17.2148	15.2396	638.9844	758.7812	798.7188	828.6719	723.8438	294.5312	6694.2812	6878.9844	37.9296	40.3333
17.3672	15.8568	638.9688	758.7812	798.7188	828.6719	723.8281	279.5469	6699.2656	6893.9531	34.0000	44.5000
17.5196	16.7279	633.9844	753.7969	798.7188	823.6875	713.8594	259.5938	6699.2656	6903.9375	41.9360	46.4000
17.6720	17.1453	633.9844	753.7969	793.7188	828.6719	718.8438	254.5938	6699.2656	6898.9531	41.9995	46.0000
17.8244	17.8139	628.9844	748.7969	793.7188	818.6875	708.8594	239.6094	6689.2812	6888.9688	34.9425	42.8000
17.9768	18.0471	629.0000	753.7969	798.7188	1547.5156	713.8594	234.6250	6689.2812	6883.9688	40.1563	42.4000
18.1292	18.4729	619.0000	738.8125	1502.5781	1522.5469	703.8594	224.6250	6674.3125	6873.9844	33.7439	43.2000
18.2816	18.8526	619.0000	1467.6406	1492.6094	1512.5781	703.8750	219.6406	6674.3125	6864.0000	43.0000	42.6667
18.4340	19.6642	629.0000	1462.6562	1492.6094	1517.5781	1442.6875	229.6406	6669.3125	6854.0156	42.0000	44.2857
18.5864	19.8064	643.9688	1467.6562	1507.5938	1542.5312	1442.6875	239.6250	6674.3125	6839.0469	41.0000	43.1429
18.7388	18.9832	1382.7812	1477.6406	1527.5625	1567.5000	1447.6875	254.5938	6669.3125	6834.0469	41.0000	43.0000
18.8912	18.1068	1387.7656	1497.5938	1547.5156	1562.4844	1452.6719	264.5781	6654.3281	6819.0625	39.6282	41.0000
19.0436	17.4719	1377.7812	1512.5781	1537.5312	1552.5000	1462.6562	269.5625	6639.3594	6804.0938	37.0001	42.4000
19.1960	17.0387	1377.7812	1502.5781	1527.5469	1562.4844	1477.6250	269.5625	6629.3750	6789.1250	38.0000	48.4000
19.3484	16.5749	1387.7656	1492.5938	1547.5156	1567.4844	1467.6406	279.5469	6619.3906	6779.1406	27.0000	52.0000
19.5008	16.4259	1392.7656	1497.5938	1537.5312	1552.5156	1457.6562	279.5469	6609.4062	6764.1562	30.0001	50.2000
19.6532	16.2325	1397.7656	1502.5938	1522.5625	1537.5312	1462.6562	279.5469	6599.4219	6754.1719	36.7307	42.7500
19.8056	16.0425	1382.7812	1487.6250	1507.5938	1522.5625	1467.6562	284.5469	6584.4375	6739.1875	38.1470	50.0000
19.9580	16.0425	1377.7812	1467.6406	1492.6094	1512.5781	1452.6719	279.5469	6564.4688	6719.2188	37.0000	54.3333
20.1104	15.9028	1392.7656	1457.6562	1487.6094	1512.5625	1437.6875	284.5312	6554.5000	6709.2500	35.0001	55.0000
20.2628	15.8568	1377.7969	1447.6875	1482.6250	1507.5781	1422.7188	289.5312	6534.5312	6694.2812	36.4360	54.0000
20.4152	15.8111	1362.8281	1442.6875	1477.6406	1502.5938	1407.7500	289.5469	6514.5625	6669.3125	30.2203	54.0000
20.5676	13.3819	1342.8438	1437.6875	1487.6094	1517.5625	1402.7500	1018.3594	5785.7344	5945.4688	28.2307	49.0000
20.7200	13.8889	1327.8750	1432.7031	1492.6094	1507.5938	1397.7656	998.4062	5785.7188	5945.4688	41.5796	46.8000
20.8724	14.3620	1317.8906	1447.6719	1472.6406	1492.6094	1392.7656	988.4062	5785.7344	5945.4844	38.6964	51.5000
21.0248	14.6696	1317.8906	1437.7031	1462.6562	1487.6250	1407.7500	983.4219	5770.7500	5930.4844	34.0000	53.7500
21.1772	14.2131	1312.8906	1422.7188	1457.6562	1477.6250	1402.7500	993.4062	5750.7812	5915.5156	32.0001	51.0000
21.3296	14.2140	1327.8750	1417.7344	1447.6719	1467.6406	1382.7812	1003.3906	5725.8281	5885.5625	38.9999	53.8000
21.4820	14.2131	1322.8906	1407.7500	1437.7031	1462.6562	1382.7969	988.4219	5730.8125	5885.5625	34.2014	53.0000
21.6344	14.7883	1307.9062	1397.7500	1442.6875	1462.6562	1372.7969	978.4219	5730.8125	5890.5625	34.0001	50.8000
21.7868	15.0316	569.0938	663.9375	708.8750	733.8281	629.0000	249.6094	5700.8750	5860.6094	40.9996	53.5000
21.9392	14.5142	574.0781	673.9219	718.8438	748.7969	633.9844	264.5781	5700.8750	5860.6094	32.4823	53.7500
22.0916	18.3477	574.0781	688.8906	738.8125	773.7500	653.9531	259.5781	5710.8438	5865.5938	36.0002	55.6000
22.2440	18.4109	569.0781	698.8750	748.7969	778.7500	658.9375	249.5938	5710.8438	5865.5938	42.0000	52.2500
22.3964	18.6616	574.0781	703.8594	743.7969	783.7344	653.9531	229.6250	5710.8438	5865.5938	38.9266	53.0000
22.5488	18.9193	564.0938	698.8750	748.7969	778.7500	663.9219	209.6562	5705.8594	5865.5938	40.9999	54.0000
22.7012	20.3204	569.0781	713.8438	763.7656	788.7344	663.9219	209.6562	5695.8750	5855.6094	39.4377	55.2000
22.8536	20.8598	589.0625	723.8438	773.7656	798.7188	683.9062	214.6562	5690.8750	5845.6250	41.0000	55.0000
23.0060	21.4308	594.0469	733.8281	773.7656	803.7031	693.8906	214.6562	5665.9219	5820.6719	30.9998	57.0000
23.1584	19.1156	594.0469	723.8438	768.7656	798.7188	683.9062	219.6562	5645.9531	5810.6875	41.4346	54.5000
23.3108	19.1156	614.0156	743.7969	788.7344	823.6719	708.8594	234.6250	5645.9531	5815.6875	35.0003	51.8000
23.4632	21.0198	638.9688	763.7656	808.7031	828.6719	718.8438	229.6250	5650.9531	5810.6875	34.0000	56.2500
23.6156	20.0234	658.9375	783.7344	813.6875	853.6250	743.7969	244.6094	5640.9531	5800.7031	30.0001	55.7500
23.7680	19.5939	663.9219	788.7344	838.6562	853.6250	758.7812	249.5938	5640.9688	5795.7188	38.0770	54.4000
23.9204	19.2499	683.9062	808.7031	838.6562	863.6094	763.7812	244.6094	5635.9688	5790.7188	33.0001	54.5000
24.0728	18.9177	683.9062	793.7344	833.6719	878.5938	768.7812	239.6250	5620.9844	5765.7500	43.0000	55.4000
24.2252	18.1068	688.9062	798.7188	853.6406	898.5625	763.7812	249.6094	5611.0000	5755.7656	36.6539	54.7500
24.3776	18.1068	668.9219	803.7031	863.6094	898.5625	748.7969	234.6250	5601.0312	5740.7969	40.6901	54.2000
24.5300	17.1991	678.9062	823.6719	873.5938	908.5469	768.7656	244.6094	5581.0625	5725.8281	35.8847	56.5000
24.6824	17.6989	683.8906	848.6406	898.5469	938.4844	798.7188	269.5625	5561.0938	5710.8438	42.9998	55.0000
24.8348	17.1991	698.8750	858.6250	913.5312	943.4844	813.6875	274.5469	5546.1250	5705.8594	39.0000	51.0000
24.9872	16.2325	723.8438	883.5781	923.5156	963.4531	833.6719	294.5312	5516.1562	5680.8906	37.0000	53.5000
25.1396	15.6754	748.8125	893.5781	943.5000	978.4375	853.6406	309.5156	5491.2031	5665.9219	40.2397	57.5000
25.2920	15.0730	768.7656	913.5312	958.4688	988.4219	863.6094	319.4844	5476.2188	5655.9219	37.9999	55.5000
25.4444	14.5142	763.7812	908.5469	953.4688	993.4062	863.6250	314.5000	5461.2500	5645.9531	43.9998	55.0000
25.5968	14.4386	773.7656	913.5469	968.4531	998.4062	873.6094	314.5000	5441.2812	5620.9844	41.3960	53.3333
25.7492	14.3245	783.7344	928.5000	968.4375	1003.3906	873.5938	324.4688	5441.2812	5601.0156	36.4422	56.4000
25.9016	13.9962	778.7500	918.5312	963.4531	998.4062	883.5781	314.5000	5426.2969	5576.0625	39.0000	52.8333
26.0540	14.5142	783.7500	923.5312	968.4531	993.4219	878.5938	309.5156	5426.3125	5566.0781	36.0000	56.5000
26.2064	14.7089	783.7344	918.5312	953.4688	988.4062	873.5938	304.5156	5406.3281	5531.1250	37.0000	58.0000
26.3588	14.9496	778.7500	908.5469	953.4688	983.4219	873.5938	289.5312	5406.3438	5521.1562	39.0000	53.8000
26.5112	15.6307	778.7500	908.5312	948.4688	978.4219	863.6094	279.5469	5406.3281	5501.1875	40.0000	54.4000
26.6636	15.6754	778.7500	903.5469	948.4688	978.4219	868.5938	289.5312	5381.3750	5471.2344	39.2365	58.5000
26.8160	14.8283	788.7344	913.5312	963.4531	993.4062	873.5938	314.5000	5341.4375	5431.2969	39.0000	57.0000
26.9684	14.6696	778.7500	908.5469	953.4844	988.4219	868.6094	314.5000	5311.4844	5406.3438	41.9999	54.3333
27.1208	14.6696	783.7344	913.5312	958.4531	993.4062	868.6094	324.4844	5286.5312	5381.3750	43.9997	53.0000
27.2732	14.1406	783.7500	918.5312	968.4531	1542.5312	873.6094	334.4688	5251.5938	5356.4219	40.0000	53.0000
27.4256	14.1406	783.7344	923.5156	1517.5625	1532.5312	878.5938	334.4531	5231.6094	5346.4219	41.0000	58.0000
27.5780	13.9605	793.7188	1477.6250	1502.5781	1522.5469	888.5625	349.4375	5201.6562	5341.4375	35.9996	56.0000
27.7304	13.5131	808.7031	1477.6250	1502.5938	1522.5625	1452.6719	364.4219	5176.7031	5331.4531	40.4537	55.5000
27.8828	13.2517	798.7188	1452.6719	1482.6250	1502.5938	1432.7031	354.4375	5156.7344	5326.4688	44.0000	57.6667
28.0352	13.1880	1342.8438	1422.7188	1452.6719	1467.6406	1392.7656	354.4219	5121.7969	5316.4844	47.4584	52.0000
28.1876	12.3015	1327.8750	1402.7500	1427.7188	1442.6875	1377.7969	339.4531	5101.8281	5311.4844	48.0000	54.0000
28.3400	12.7005	1292.9219	1377.7812	1402.7500	1417.7188	1357.8125	334.4531	5081.8594	5291.5312	35.4152	56.0000
28.4924	13.3161	1282.9531	1357.8281	1382.7969	1402.7656	1337.8594	334.4688	5071.8594	5276.5469	42.6422	55.8000
28.6448	13.2846	1267.9688	1337.8594	1367.8125	1387.7812	1317.8906	324.4844	5066.8750	5256.5625	46.2588	58.1429
28.7972	13.8547	1243.0000	1317.8906	1347.8281	1357.8125	1292.9219	319.4844	5066.8750	5251.5781	46.0000	56.5714
28.9496	13.6477	1223.0312	1302.9062	1322.8750	1332.8594	1277.9531	314.4844	5061.8906	5236.6094	46.8013	58.3333
29.1020	14.1034	1203.0625	1277.9375	1297.9062	1312.8906	1262.9688	309.5000	5061.8906	5226.6250	48.0062	57.3333
29.2544	14.3254	1178.1250	1243.0156	1262.9844	1277.9531	1228.0312	299.5312	5056.8906	5211.6406	45.1566	56.3333
29.4068	14.5527	1168.1406	1233.0312	1253.0000	1267.9688	1213.0625	309.5156	5041.9219	5196.6719	43.8690	56.0000
29.5592	14.4768	1153.1562	1208.0625	1228.0312	1248.0000	1188.0938	309.5156	5021.9531	5181.7031	41.0000	57.5000
29.7116	14.4768	1128.1875	1188.0938	1213.0625	1228.0312	1168.1250	309.5000	5006.9688	5171.7031	40.0000	56.0000
29.8640	14.7089	1108.2188	1173.1094	1193.0781	1213.0469	1153.1406	863.6094	4992.0000	5166.7188	48.9999	57.0000
30.0164	14.7089	1083.2656	1153.1562	1178.1250	1193.0938	1128.2031	843.6562	4432.8906	4612.5938	41.0000	56.6000
30.1688	14.2140	1073.2812	1143.1719	1163.1406	1183.1094	1118.2188	833.6719	4442.8750	4632.5781	45.0001	54.2500
30.3212	14.9090	1053.3125	1123.2031	1148.1719	1163.1406	1098.2500	823.6875	4437.8906	4632.5781	51.2352	56.8000
30.4736	15.6754	1038.3281	1108.2188	1133.1719	1148.1562	1083.2656	813.6875	4447.8750	4647.5469	43.0001	58.0000
30.6260	16.2796	1018.3594	1088.2500	1113.2031	1128.1875	1068.2812	793.7188	4442.8750	4642.5625	46.0000	58.2000
30.7784	16.4753	993.4062	1063.2969	1088.2500	1108.2188	1043.3281	768.7656	4442.8906	4647.5625	48.9999	55.8000
30.9308	16.4753	983.4219	1053.3125	1078.2656	1093.2500	1033.3438	758.7812	4452.8594	4662.5312	45.9999	57.3333
31.0832	17.3612	404.3438	479.2188	499.1875	519.1562	454.2656	179.7031	4462.8438	4667.5156	47.7134	57.6000
31.2356	18.4109	399.3594	469.2500	499.2031	514.1719	449.2812	184.7031	4472.8281	5291.5156	47.0000	58.5714
31.3880	19.3860	404.3594	479.2344	504.2031	519.1719	454.2812	184.7031	4477.8281	5286.5312	47.7988	58.2000
31.5404	21.5252	394.3750	469.2500	494.2188	514.1875	444.2969	169.7344	4482.8125	5276.5312	44.9201	57.6667
31.6928	21.5149	394.3594	464.2500	489.2188	509.1875	444.2812	159.7344	4492.7969	5281.5312	45.6262	56.3333
31.8452	24.9360	394.3594	469.2500	494.2031	509.1875	444.2812	159.7344	4507.7812	5286.5312	53.0000	56.6000
31.9976	26.1245	394.3594	469.2500	494.2031	509.1719	444.2812	154.7500	4517.7656	5291.5156	44.0001	57.3333
32.1500	25.8808	394.3594	469.2500	494.2031	514.1719	449.2812	154.7500	4527.7344	5291.5156	44.0000	58.0000
32.3024	27.5700	399.3594	469.2344	499.1875	514.1719	449.2812	154.7500	5156.7344	5296.5156	47.9999	23.3643
32.4548	28.5762	389.3750	464.2500	489.2031	509.1719	439.2812	144.7656	5156.7344	5296.5156	46.3845	44.6667
32.6072	28.5762	394.3750	469.2500	499.2031	519.1719	444.2812	149.7656	5151.7500	5301.5000	48.6475	50.5000
32.7596	28.5762	404.3594	479.2344	509.1875	534.1562	454.2812	159.7500	5151.7500	5301.5000	49.0001	49.7500
32.9120	28.5762	404.3438	489.2188	524.1562	544.1250	464.2500	159.7500	5146.7500	5306.5000	52.2588	49.0000
33.0644	28.5968	409.3438	499.2031	529.1562	554.1094	469.2500	164.7344	5156.7344	5316.4688	45.2181	49.5000
33.2168	30.6496	414.3281	504.1875	539.1406	559.0938	474.2344	164.7344	5151.7500	5321.4688	49.9999	46.8000
33.3692	29.4989	419.3281	519.1719	549.1250	574.0781	489.2188	169.7344	5151.7500	5321.4688	48.0001	48.5000
33.5216	28.5762	424.3125	519.1562	554.1094	574.0781	489.2188	164.7344	5151.7500	5331.4531	49.7885	49.2500
33.6740	27.8467	434.2969	529.1406	559.0938	584.0625	499.1875	164.7344	5156.7344	5331.4531	49.2420	49.0000
33.8264	27.2954	444.2969	539.1406	569.0938	594.0469	509.1875	174.7188	5156.7344	5341.4375	47.0000	50.0000
33.9788	27.0262	454.2656	549.1250	579.0781	599.0469	519.1719	174.7188	5161.7188	5341.4375	49.0000	49.2000
34.1312	26.6323	454.2656	549.1094	579.0625	599.0312	519.1562	169.7188	5156.7344	5346.4375	48.6452	49.6000
34.2836	26.5035	459.2656	554.1250	584.0781	604.0469	524.1719	169.7344	5171.7031	5351.4219	47.0001	50.2000
34.4360	26.3759	469.2500	559.1094	589.0625	609.0312	534.1562	174.7344	5166.7188	5351.4219	48.0898	50.2000
34.5884	26.2527	474.2500	564.1094	594.0469	609.0312	539.1406	174.7188	5176.7031	5346.4375	42.0002	50.8000
34.7408	26.0006	484.2344	569.0938	594.0469	614.0156	544.1406	174.7188	5176.7031	5351.4219	47.3641	50.8000
34.8932	26.1245	489.2188	569.0938	599.0469	619.0156	544.1250	179.7188	5181.7031	5351.4219	46.7455	52.2000
35.0456	25.7562	489.2188	569.0781	599.0312	619.0000	544.1250	174.7188	5181.7031	5346.4375	49.0001	49.0000
35.1980	25.7592	489.2031	574.0781	604.0312	624.0000	549.1094	179.7031	5191.6875	5346.4375	51.4920	49.2000
35.3504	25.5193	494.2031	579.0625	609.0156	628.9844	549.1094	189.6875	5191.6875	5351.4219	53.0000	52.4000
35.5028	25.4010	499.1875	584.0625	614.0156	633.9844	554.1094	199.6719	5191.6719	5346.4219	51.4714	51.0000
35.6552	24.9387	494.2031	584.0625	614.0156	629.0000	554.1094	199.6875	5186.6875	5346.4375	50.0000	53.6667
35.8076	24.2760	499.2031	589.0625	614.0156	633.9844	559.1094	204.6719	5176.7031	5336.4531	51.4761	51.6000
35.9600	23.9146	504.1875	589.0625	619.0000	638.9688	564.0938	214.6562	5176.7031	5336.4375	48.4680	48.0000
36.1124	23.3454	504.2031	589.0625	619.0156	638.9844	564.1094	219.6562	5166.7188	5326.4531	50.0000	51.0000
36.2648	22.3028	509.1875	594.0469	624.0000	643.9688	569.0938	224.6406	5161.7344	5326.4688	44.8363	52.0000
36.4172	21.8581	509.1875	594.0469	624.0000	643.9688	569.0781	224.6406	5156.7344	5316.4844	52.9998	53.6000
36.5696	21.4308	504.1875	589.0469	619.0000	643.9688	564.0938	224.6406	5156.7344	5326.4688	49.0000	50.5000
36.7220	20.8618	504.1875	589.0625	624.0000	1143.1719	559.1094	224.6406	5146.7500	5321.4688	47.0001	49.0000
36.8744	20.7042	499.2031	589.0625	1118.2031	1138.1719	559.1094	219.6562	5146.7500	5316.4844	49.0000	50.7500
37.0268	20.7042	494.2031	1083.2656	1113.2188	1123.2031	554.1094	209.6562	5141.7500	5311.4844	45.4951	49.0000
37.1792	20.5489	494.2188	1083.2656	1098.2500	1108.2344	1058.3125	209.6719	5141.7656	5311.4844	44.0000	48.8000
37.3316	20.7042	494.2031	1073.2812	1083.2656	1093.2500	1058.2969	209.6562	5136.7656	5321.4688	41.3397	49.5000
37.4840	20.9199	494.2031	1053.3125	1063.2969	1083.2656	1038.3281	199.6719	5136.7812	5341.4531	36.4713	50.5000
37.6364	21.1823	988.4219	1038.3438	1063.2969	1078.2812	1023.3594	199.6875	5141.7656	5341.4375	36.3846	51.2500
37.7888	21.3473	988.4062	1033.3438	1058.2969	1078.2656	1008.3750	199.6719	5146.7500	5341.4531	37.7952	53.0000
37.9412	21.3473	963.4531	1023.3594	1048.3125	1068.2812	998.3906	194.6875	5141.7656	5346.4375	40.7795	47.6667
38.0936	21.5997	953.4688	1023.3594	1048.3281	1068.2812	993.4062	194.6875	5136.7656	5341.4375	42.0000	48.2500
38.2460	21.9456	943.4844	1023.3594	1053.3125	1073.2812	998.4062	199.6875	5136.7656	5341.4375	39.0000	50.3333
38.3984	22.1206	943.5000	1023.3594	1053.3125	1073.2812	998.4062	199.6875	5141.7500	5336.4375	40.1956	51.1429
38.5508	23.0509	938.5000	1023.3594	1053.3125	1073.2812	998.3906	194.6875	5156.7344	5346.4375	38.0000	53.5000
38.7032	22.4835	943.4844	1028.3438	1058.2969	1083.2656	998.3906	199.6719	5161.7188	5341.4375	39.7181	52.8000
38.8556	22.4835	943.4844	1028.3594	1063.2969	1083.2656	1003.3906	199.6875	5171.7188	5346.4375	41.0000	52.8000
39.0080	22.8586	938.4844	1033.3438	1063.2969	1088.2500	998.3906	204.6719	5166.7188	5341.4375	41.0000	51.5000
39.1604	22.4858	938.5000	1033.3438	1068.2969	1088.2656	1003.3906	204.6719	5166.7188	5341.4375	41.7472	52.6000
39.3128	22.4858	938.4844	1038.3281	1068.2812	1098.2344	1003.3906	708.8594	5161.7188	5336.4375	42.4247	52.0000
39.4652	22.4858	938.5000	1038.3438	1078.2656	1093.2500	1013.3750	708.8594	5161.7344	5336.4531	43.0000	50.0000
39.6176	22.3028	948.4844	1053.3125	1078.2656	1088.2500	1018.3750	698.8750	5161.7188	5331.4531	38.7479	49.5000
39.7700	21.9456	948.4844	1043.3281	1063.2969	1073.2812	1018.3594	678.9062	4662.5312	4822.2812	38.1722	52.8000
39.9224	21.9456	958.4688	1038.3281	1063.2969	1088.2500	1023.3594	668.9219	4672.5156	4837.2500	34.0000	52.5000
40.0748	21.5084	958.4688	1028.3594	1068.2969	1088.2656	1013.3750	663.9375	4672.5156	4832.2500	35.6730	49.6000
40.2272	22.6718	963.4531	1038.3281	1068.2812	1088.2500	1003.3906	658.9375	4682.5000	4847.2344	43.0000	50.0000
40.3796	24.2760	953.4688	1033.3438	1063.2969	1083.2656	1008.3750	653.9531	4697.4688	4857.2188	43.2781	51.6000
40.5320	25.6387	429.3125	524.1562	554.1094	574.0781	494.2031	144.7656	4707.4531	4862.2188	40.0000	51.0000
40.6844	26.8936	444.2812	529.1562	564.0938	579.0625	499.2031	149.7500	4707.4531	5406.3438	33.6119	47.6000
40.8368	27.1601	449.2812	539.1406	569.0938	594.0469	514.1875	154.7500	4702.4531	5396.3438	44.0001	49.5000
40.9892	27.4320	464.2656	554.1094	589.0625	609.0312	529.1562	174.7188	4702.4531	5391.3594	45.8785	51.4000
41.1416	28.2813	484.2344	574.0781	604.0312	629.0000	544.1250	184.7031	4707.4531	5386.3594	44.0480	51.0000
41.2940	28.5762	494.2031	584.0625	619.0000	638.9688	559.0938	199.6719	4697.4844	5371.4062	36.0000	50.8000
41.4464	29.1848	499.1875	594.0469	624.0000	643.9688	564.0938	204.6719	4697.4844	5376.3906	43.0000	50.0000
41.5988	29.1810	499.2031	594.0469	624.0000	643.9688	564.0938	214.6562	4697.4688	5386.3594	43.0448	49.5000
41.7512	27.4320	509.1875	599.0469	629.0000	648.9531	569.0938	219.6562	4687.5000	5381.3750	40.0000	30.5439
41.9036	25.2839	504.1875	594.0469	628.9844	648.9531	564.0938	219.6406	5221.6406	5376.3906	39.0065	50.0000
42.0560	23.5460	509.1875	599.0312	633.9844	658.9375	569.0938	224.6406	5216.6406	5381.3750	41.0000	52.0000
42.2084	22.2124	509.1875	604.0312	638.9844	668.9375	574.0781	214.6562	5201.6562	5371.3906	42.0000	51.0000
42.3608	21.5169	514.1719	609.0156	648.9531	683.9062	574.0781	199.6719	5191.6719	5366.3906	43.0000	49.6667
42.5132	21.1843	509.1875	619.0156	663.9375	683.9062	579.0781	214.6562	5181.7031	5361.4219	41.9360	50.8000
42.6656	20.5489	509.1875	629.0000	653.9531	673.9219	584.0625	204.6719	5191.6719	5381.3750	42.0000	53.4286
42.8180	21.3473	509.1875	624.0000	648.9688	663.9375	599.0469	199.6875	5201.6719	5381.3750	39.0000	53.5000
42.9704	21.3473	509.1875	614.0156	638.9688	663.9375	589.0625	194.6875	5211.6562	5391.3594	40.0000	52.2000
43.1228	21.5149	524.1719	609.0312	638.9844	658.9531	584.0781	199.6875	5201.6562	5386.3594	45.0000	49.7500
43.2752	21.5149	529.1562	609.0312	633.9844	658.9531	579.0781	194.6875	5206.6562	5386.3594	53.0000	50.8000
43.4276	21.5149	534.1406	614.0156	643.9688	663.9375	589.0469	204.6719	5201.6719	5386.3750	50.0000	53.5000
43.5800	21.7713	544.1250	633.9844	658.9375	673.9219	604.0312	224.6406	5196.6719	5386.3594	40.0000	50.8000
43.7324	21.5997	534.1406	619.0156	643.9688	663.9375	594.0469	214.6562	5221.6250	5391.3594	48.0000	53.7778
43.8848	21.9456	534.1406	614.0156	643.9688	658.9375	589.0469	214.6562	5211.6562	5401.3438	52.6933	53.3333
44.0372	22.4835	534.1406	614.0156	638.9844	653.9531	589.0625	214.6562	5211.6562	5411.3281	53.0000	52.7500
44.1896	22.4835	534.1406	609.0156	633.9844	653.9531	584.0625	214.6562	5206.6562	5406.3438	51.7708	51.0000
44.3420	22.4858	524.1562	599.0312	624.0000	643.9531	579.0625	214.6406	5211.6562	5411.3281	50.9999	53.0000
44.4944	21.6017	524.1719	604.0469	629.0000	648.9688	579.0781	219.6562	5206.6562	5406.3438	44.8051	55.0000
44.6468	20.4722	519.1719	594.0469	624.0000	638.9844	569.0938	219.6562	5211.6562	5416.3281	43.4377	53.6000
44.7992	21.2665	509.1875	589.0625	614.0156	633.9844	564.0938	224.6406	5211.6406	5416.3125	49.0002	54.6667
44.9516	20.9415	509.1875	584.0625	614.0156	633.9844	559.0938	239.6094	5221.6250	5416.3281	53.9999	55.1429
45.1040	20.9415	504.1875	584.0625	614.0156	629.0000	559.1094	239.6250	5231.6094	5411.3125	53.5193	55.3333
45.2564	20.9415	504.1875	584.0625	609.0156	628.9844	554.1094	234.6250	5231.6094	5411.3281	53.9999	52.2000
45.4088	20.7827	499.2031	579.0781	609.0312	624.0000	554.1094	234.6250	5226.6250	5406.3281	51.9999	55.0000
45.5612	20.1708	499.1875	579.0625	604.0312	624.0000	554.1094	234.6094	5221.6250	5401.3438	52.2612	51.6667
45.7136	20.1708	489.2188	569.0938	599.0469	619.0156	549.1250	224.6406	5211.6562	5386.3750	48.0000	54.8000
45.8660	19.2515	484.2344	564.1094	594.0469	614.0156	539.1406	224.6406	5206.6562	5381.3750	55.5845	54.8000
46.0184	19.1156	479.2344	559.1094	584.0625	599.0469	534.1562	214.6562	5216.6406	5386.3750	52.0000	57.0000
46.1708	19.5241	459.2656	544.1250	564.0938	584.0625	514.1719	199.6875	5216.6406	5391.3594	48.0000	57.0000
46.3232	19.8064	454.2812	529.1562	554.1094	574.0781	509.1875	189.7031	5216.6406	5396.3594	52.6924	55.4000
46.4756	19.6642	454.2656	534.1406	559.1094	584.0625	504.1875	194.6875	5216.6406	5406.3438	53.0000	54.5000
46.6280	20.0968	454.2656	529.1406	559.0938	574.0781	504.1875	189.6875	5216.6406	5421.3125	54.0000	52.2000
46.7804	19.8064	449.2812	534.1406	554.1094	574.0781	504.1875	184.7031	5216.6406	5421.3125	58.0000	53.8000
46.9328	20.2453	449.2812	529.1562	559.1094	574.0781	509.1875	189.6875	5216.6406	5431.2969	52.9936	55.6000
47.0852	20.5489	444.2812	524.1562	549.1250	569.0781	499.2031	179.7031	5221.6406	5441.2812	47.0000	56.0000
47.2376	21.5149	449.2812	524.1562	554.1094	574.0781	499.2031	184.7031	5226.6250	5446.2812	54.4826	55.0000
47.3900	23.1482	449.2812	524.1562	554.1094	569.0938	499.2031	179.7188	5236.6094	5456.2500	52.0000	55.0000
47.5424	24.0628	449.2812	529.1562	554.1094	574.0781	504.1875	184.7031	5246.5938	5466.2344	54.0000	54.8571
47.6948	23.8534	444.2812	524.1562	554.1094	574.0781	499.1875	179.7031	5256.5625	5461.2344	52.0001	55.4286
47.8472	23.8534	449.2656	529.1406	559.0938	579.0625	504.1875	189.6875	5266.5625	5461.2500	55.7061	56.0000
47.9996	23.8534	449.2656	534.1406	564.0938	579.0625	509.1719	189.6875	5276.5469	5466.2500	50.0001	54.0000
48.1520	24.2760	449.2812	534.1406	559.1094	574.0781	509.1875	189.7031	5281.5312	5461.2500	54.4616	54.0000
48.3044	24.7138	454.2656	534.1406	559.1094	574.0781	514.1719	189.6875	5291.5156	5466.2344	52.5704	56.3333
48.4568	24.7138	459.2656	534.1406	559.1094	574.0781	514.1719	194.6875	5296.5156	5466.2344	52.6410	54.0000
48.6092	24.7111	459.2656	529.1562	554.1094	569.0938	509.1875	184.7031	5301.5000	5466.2500	49.3259	53.6667
48.7616	24.7111	454.2656	524.1562	544.1250	564.0938	504.1875	184.7031	5306.5000	5466.2500	55.6667	55.2500
48.9140	24.2760	454.2656	524.1562	549.1094	564.0938	504.1875	189.6875	5301.5000	5461.2344	53.0192	55.0000
49.0664	24.1690	449.2812	519.1719	544.1250	569.0938	494.2031	189.7031	5301.5000	5471.2188	54.3077	53.0000
49.2188	24.0628	444.2812	514.1719	549.1094	569.0781	494.2031	184.7031	5306.4844	5471.2188	52.6475	54.0000
49.3712	24.0628	444.2812	524.1562	554.1094	579.0625	489.2031	184.7031	5301.5000	5476.2188	55.7284	53.6000
49.5236	23.8534	439.2969	524.1562	559.1094	579.0781	499.2031	184.7031	5306.5000	5481.2188	51.0000	52.0000
49.6760	24.2760	434.3125	529.1562	559.1094	584.0781	499.2031	184.7031	5311.5000	5496.2031	56.0000	54.0000
49.8284	24.0628	439.2969	534.1562	569.0938	594.0469	509.1875	184.7031	5311.4844	5491.2031	56.7795	53.0000
49.9808	24.2760	449.2812	544.1406	579.0781	594.0469	514.1875	189.7031	5306.5000	5486.2188	49.8078	54.0000
50.1332	23.6501	454.2656	549.1094	569.0781	579.0625	519.1719	189.6875	5311.4844	5491.2031	55.7771	53.4000
50.2856	24.0654	454.2812	544.1250	554.1094	564.0938	519.1719	184.7031	5316.4844	5496.1875	55.2404	51.4000
50.4380	24.3840	459.2656	534.1406	549.1250	559.1094	519.1719	194.6875	5326.4688	5496.1875	54.5833	52.0000
50.5904	24.6029	469.2500	524.1562	544.1250	554.1094	514.1719	194.6875	5331.4531	5496.1875	53.2651	52.0000
50.7428	24.3840	469.2344	514.1719	529.1406	539.1250	499.1875	189.6875	5331.4688	5491.2031	51.0000	50.8333
50.8952	24.3840	459.2656	504.1875	519.1719	529.1562	489.2188	184.7031	5336.4531	5496.2031	53.8526	51.2500
51.0476	24.3840	449.2812	494.2031	509.1875	524.1562	479.2344	184.7031	5331.4531	5491.2031	54.8690	53.7500
51.2000	24.1690	439.2969	484.2344	499.2031	509.1875	469.2500	174.7188	5336.4375	5491.2031	55.0000	52.6000
51.3524	24.1690	429.3125	479.2344	494.2188	504.2031	464.2656	174.7188	5331.4531	5491.2031	54.6731	49.0000
51.5048	23.5460	419.3281	464.2500	484.2188	494.2031	449.2812	169.7188	5331.4531	5486.2031	51.5639	52.2000
51.6572	23.5460	404.3594	454.2812	474.2500	489.2188	439.2969	179.7188	5331.4531	5486.2031	53.0001	52.5000
51.8096	23.9577	394.3594	444.2812	464.2500	484.2188	429.3125	179.7031	5331.4531	5486.2031	55.0000	54.0000
51.9620	24.1690	389.3750	444.2812	474.2344	499.1875	424.3125	189.6875	5336.4531	5496.1875	54.8462	53.2500
52.1144	24.2760	384.3750	444.2812	484.2188	509.1719	419.3281	194.6875	5341.4375	5496.1875	56.0000	52.0000
52.2668	24.6029	384.3906	464.2500	504.1875	524.1562	429.3125	209.6719	5341.4375	5501.1875	53.9998	50.0000
52.4192	25.1678	379.3906	474.2344	514.1719	534.1406	444.2812	214.6562	5346.4375	5511.1719	51.0005	54.0000
52.5716	25.1678	374.4062	479.2344	519.1719	544.1406	449.2812	209.6719	5346.4375	5506.1719	55.9999	53.2500
52.7240	25.8808	389.3750	494.2031	534.1406	549.1250	464.2500	209.6562	5346.4219	5511.1719	52.0003	53.7500
52.8764	24.9387	389.3750	499.2031	519.1719	534.1406	464.2500	189.6875	5341.4375	5511.1719	55.0000	52.5000
53.0288	24.9387	399.3594	494.2188	514.1875	529.1562	469.2500	179.7188	5336.4375	5511.1562	54.6282	52.0000
53.1812	24.2760	399.3594	479.2344	504.1875	519.1719	464.2656	159.7500	5331.4531	5506.1719	56.9999	50.0000
53.3336	24.2760	404.3438	474.2344	499.1875	519.1562	454.2656	149.7500	5326.4688	5501.1875	54.0001	50.6000
53.4860	23.0509	399.3594	464.2500	489.2031	509.1719	444.2812	134.7812	5326.4531	5501.1719	56.0000	50.5000
53.6384	22.4858	389.3906	459.2656	484.2344	499.2031	434.3125	114.8281	5326.4688	5496.1875	53.3962	49.8000
53.7908	22.4858	384.3906	459.2656	484.2344	504.2031	434.3125	109.8281	5331.4531	5501.1875	52.0964	52.2000
53.9432	22.6718	389.3750	464.2500	494.2031	509.1875	444.2812	109.8281	5341.4531	5511.1719	56.1281	50.2000
54.0956	22.6718	399.3594	474.2500	499.2031	519.1719	449.2812	109.8281	5351.4219	5526.1562	56.9999	52.8000
54.2480	23.4453	409.3438	484.2344	514.1875	534.1562	464.2656	114.8281	5371.3906	5541.1250	58.0000	51.2000
54.4004	24.0628	414.3281	494.2031	529.1562	549.1094	469.2500	124.7969	5376.3750	5551.0938	53.5269	50.0000
54.5528	25.8778	429.3125	509.1875	544.1250	569.0781	484.2188	149.7500	5386.3594	5561.0781	56.0001	49.5000
54.7052	27.7094	434.3125	524.1562	559.1094	584.0625	494.2188	164.7344	5391.3594	5566.0781	55.0001	50.4000
54.8576	30.1439	449.2812	544.1250	579.0781	604.0312	514.1719	184.7031	5406.3281	5571.0625	56.0000	51.2000
55.0100	32.2739	459.2656	559.0938	594.0469	614.0156	524.1562	199.6719	5421.3125	5586.0469	57.0000	52.0000
55.1624	35.6251	474.2344	574.0781	604.0312	629.0000	539.1406	214.6562	5431.2969	5596.0312	54.0001	52.8000
55.3148	38.6387	484.2188	584.0625	619.0000	638.9688	554.1094	224.6406	5436.2812	5601.0156	53.4361	53.0000
55.4672	41.5615	499.2031	599.0469	629.0000	653.9531	564.0938	224.6406	5451.2656	5606.0156	55.6517	53.0000
55.6196	40.3380	509.1875	604.0312	633.9844	1262.9688	574.0781	224.6406	5451.2656	5606.0156	54.0001	53.4000
55.7720	38.3683	499.2031	599.0469	1238.0156	1253.0000	564.1094	209.6719	5431.2969	5586.0469	58.0000	54.7500
55.9244	32.8494	494.2188	1198.0781	1228.0312	1243.0156	564.0938	199.6875	5421.3125	5576.0625	34.0010	52.7500
56.0768	29.9830	494.2188	1193.0938	1213.0625	1228.0312	1163.1406	194.6875	5411.3281	5566.0781	49.6344	52.2000
56.2292	27.2954	494.2188	1183.1094	1203.0781	1218.0469	1158.1406	184.7031	5406.3281	5556.0938	47.0000	52.0000
56.3816	23.3454	489.2188	1168.1250	1188.0938	1203.0781	1148.1562	179.7188	5396.3594	5541.1250	51.0000	50.3333
56.5340	23.3454	1093.2500	1158.1406	1178.1094	1198.0781	1138.1719	169.7344	5391.3594	5541.1250	50.0000	46.5000
56.6864	21.9456	1098.2344	1158.1406	1183.0938	1198.0781	1138.1719	179.7031	5391.3594	5551.1094	49.0000	53.0000
56.8388	21.5169	1093.2500	1163.1406	1183.1094	1203.0781	1138.1875	184.7188	5391.3594	5556.0938	43.0000	54.5000
56.9912	21.1823	1093.2500	1158.1562	1183.1094	1203.0781	1138.1875	194.6875	5391.3594	5561.0938	46.0000	53.0000
57.1436	21.1007	1088.2656	1163.1406	1183.1094	1203.0781	1138.1875	199.6875	5396.3438	5566.0781	49.0000	52.4000
57.2960	22.3028	1083.2656	1158.1406	1183.0938	1198.0781	1138.1719	204.6719	5391.3594	5561.0938	46.0000	53.5000
57.4484	23.0509	1083.2656	1158.1406	1183.0938	1203.0625	1133.1875	214.6562	5391.3594	5561.0938	49.0000	53.2500
57.6008	23.8534	1083.2656	1158.1406	1188.0938	1208.0625	1138.1719	219.6406	5386.3594	5556.0938	49.0000	55.0000
57.7532	24.7138	1083.2656	1158.1406	1183.1094	1213.0625	1133.1875	224.6406	5391.3594	5556.0938	48.1027	56.5000
57.9056	25.4010	1078.2656	1158.1406	1188.0938	1203.0625	1133.1719	224.6406	5391.3594	5551.1094	48.0000	54.6667
58.0580	25.6387	1078.2656	1168.1250	1188.0938	1213.0469	1133.1719	234.6094	5396.3438	5546.1094	48.0000	55.6000
58.2104	24.1690	1063.2969	1148.1562	1183.1094	1198.0781	1128.1875	828.6719	5391.3750	5536.1406	51.8271	56.0000
58.3628	23.4453	1063.2969	1153.1562	1178.1250	1198.0938	1123.2031	828.6719	5381.3750	5526.1562	48.0386	53.5000
58.5152	22.4858	1058.3125	1143.1719	1173.1250	1193.0938	1118.2188	818.6875	5371.3906	5521.1562	48.9613	53.0000
58.6676	21.9456	1058.2969	1143.1719	1173.1094	1193.0781	1118.2031	813.6875	5356.4219	5506.1875	51.9999	55.0000
58.8200	21.4308	1053.3125	1138.1719	1168.1250	1188.0938	1108.2188	798.7188	5351.4219	5506.1719	51.0094	54.5000
58.9724	20.9415	1048.3125	1133.1719	1163.1250	1183.0938	1108.2188	788.7344	5341.4375	5491.1875	47.0000	55.4000
59.1248	20.6262	1048.3281	1133.1875	1163.1406	1178.1094	1108.2188	783.7500	5336.4375	5481.2031	48.9617	52.0000
59.2772	20.0234	1043.3281	1128.1875	1153.1562	1168.1250	1103.2344	773.7656	5331.4531	5471.2344	49.0000	51.5000
59.4296	19.9505	1043.3281	1123.2031	1148.1719	1163.1406	1098.2500	768.7812	4707.4531	4847.2344	52.0000	54.0000
59.5820	18.9832	439.2969	514.1719	539.1406	554.1094	494.2031	159.7500	4707.4531	4847.2344	51.0000	54.5000
59.7344	19.9862	439.2969	514.1719	539.1406	554.1094	494.2031	164.7344	4707.4531	4847.2344	50.0000	53.0000
59.8868	20.4722	444.2812	514.1719	539.1406	554.1094	494.2031	164.7344	4707.4531	4847.2344	49.0000	53.0000
60.0392	21.2645	449.2812	519.1719	544.1250	564.0938	494.2188	174.7188	4712.4531	4847.2344	51.0000	54.0000
60.1916	22.1228	449.2812	519.1719	549.1250	564.0938	499.2031	174.7188	4712.4531	4847.2344	52.0000	53.0000
60.3440	23.0532	449.2812	524.1562	549.1250	569.0938	499.2031	184.7031	4707.4531	4847.2344	51.1468	52.6667
60.4964	23.6476	454.2812	524.1562	549.1250	569.0938	504.1875	184.7031	4702.4531	5536.1250	48.0000	53.7500
60.6488	24.3309	449.2812	529.1562	549.1250	574.0781	504.1875	189.7031	4702.4531	5541.1094	50.0000	53.2500
60.8012	25.3982	454.2656	529.1562	554.1094	574.0781	504.1875	194.6875	4697.4688	5531.1250	45.0000	51.3333
60.9536	25.5164	449.2656	529.1406	549.1094	569.0781	499.1875	189.6875	4697.4844	5526.1562	45.0000	52.0000
61.1060	28.1361	454.2812	529.1562	549.1250	569.0938	504.2031	199.6875	4692.4844	5526.1406	48.0000	54.0000
61.2584	27.1546	454.2812	529.1562	554.1250	584.0781	504.2031	204.6719	4687.5000	5526.1562	49.0001	56.5000
61.4108	26.0036	449.2812	524.1562	564.0938	579.0625	504.1875	199.6719	4677.5156	5511.1719	48.9999	56.6667
61.5632	26.0036	449.2812	534.1562	559.1094	569.0938	499.2031	199.6875	5376.3906	5506.1719	50.0000	32.5455
61.7156	24.2760	444.2812	529.1406	549.1094	564.0938	509.1875	199.6719	5366.3906	5506.1719	48.5623	55.6000
61.8680	24.2760	439.2969	519.1719	544.1250	569.0938	504.1875	194.6875	5356.4219	5496.1875	37.8796	54.0000
62.0204	23.7900	444.2812	514.1719	549.1094	574.0781	494.2031	189.6875	5346.4219	5486.2031	47.0003	54.5000
62.1728	23.0532	454.2656	524.1562	559.0938	594.0469	494.2031	184.7031	5341.4375	5476.2188	47.5306	51.2000
62.3252	23.0532	439.2812	524.1562	569.0781	584.0625	489.2031	179.7031	5346.4375	5471.2344	50.0001	54.0000
62.4776	22.4858	434.3125	544.1406	569.0938	594.0625	499.2031	179.7188	5336.4531	5466.2344	52.9998	55.3333
62.6300	22.3028	429.3125	534.1562	564.1094	584.0625	509.1875	169.7344	5326.4688	5466.2500	49.0001	52.7500
62.7824	22.4033	439.2969	544.1406	564.0938	584.0625	514.1875	174.7188	5326.4688	5466.2500	52.0000	54.6000
62.9348	22.9543	449.2812	539.1250	559.0938	579.0625	514.1719	169.7188	5326.4688	5471.2344	49.0000	54.0000
63.0872	22.9543	464.2656	544.1250	569.0938	584.0625	519.1719	174.7188	5321.4688	5471.2344	50.0000	49.5000
63.2396	24.2760	464.2500	539.1250	564.0938	584.0625	514.1719	174.7188	5316.4844	5476.2188	50.0000	54.6667
63.3920	24.4930	469.2344	539.1250	569.0781	589.0469	519.1562	174.7188	5306.4844	-999.2500	45.5593	51.3333
63.5444	24.9360	469.2344	544.1250	574.0781	594.0469	519.1562	179.7031	5306.4844	-999.2500	50.0000	49.5000
63.6968	25.1678	469.2344	549.1094	579.0625	594.0469	524.1562	179.7031	5311.5000	-999.2500	50.7644	53.0000
63.8492	25.1225	464.2500	549.1250	574.0781	589.0625	524.1562	189.7031	5306.5000	-999.2500	47.0000	55.0000
64.0016	25.6357	469.2500	549.1250	574.0781	594.0469	529.1562	189.6875	5316.4844	-999.2500	47.4889	54.5000
64.1540	26.2496	474.2344	549.1250	574.0781	594.0469	529.1562	184.7031	5316.4844	-999.2500	49.2141	56.0000
64.3064	26.2496	479.2344	554.1094	579.0625	594.0469	529.1562	184.7031	5316.4844	-999.2500	49.0000	56.8000
64.4588	26.0036	474.2500	549.1250	574.0781	589.0625	524.1562	184.7031	-999.2500	-999.2500	50.9998	-999.2500
64.6112	25.0084	474.2500	549.1250	574.0781	589.0625	524.1562	194.6875	-999.2500	-999.2500	46.0000	-999.2500
64.7636	25.5164	474.2344	544.1250	569.0781	589.0469	524.1562	209.6562	-999.2500	-999.2500	46.7157	-999.2500
64.9160	23.9577	474.2344	544.1250	569.0781	584.0625	524.1562	214.6562	-999.2500	-999.2500	50.0001	-999.2500
65.0684	23.7526	464.2500	539.1250	559.0938	579.0625	514.1719	209.6562	-999.2500	-999.2500	50.0000	-999.2500
65.2208	24.6002	459.2656	529.1562	559.1094	574.0781	509.1875	204.6719	-999.2500	-999.2500	47.0002	-999.2500
65.3732	24.8258	469.2500	539.1406	564.1094	579.0781	514.1875	209.6719	-999.2500	-999.2500	47.3141	-999.2500
65.5256	24.8258	464.2656	539.1406	564.1094	574.0938	519.1719	209.6719	-999.2500	-999.2500	49.3195	-999.2500
65.6780	23.4453	464.2500	534.1406	554.1094	1088.2500	509.1875	209.6562	-999.2500	-999.2500	47.6538	-999.2500
65.8304	22.1228	449.2812	519.1719	1063.2969	1078.2656	499.2031	204.6719	-999.2500	-999.2500	48.0001	-999.2500
65.9828	21.5997	439.2969	1023.3594	1043.3281	1053.3125	484.2344	194.6875	-999.2500	-999.2500	54.9999	-999.2500
66.1352	21.5997	429.3125	1013.3750	1028.3594	1043.3281	993.4062	189.7031	-999.2500	-999.2500	49.0000	-999.2500
66.2876	21.1027	424.3125	998.3906	1018.3594	1033.3438	988.4062	184.7031	-999.2500	-999.2500	52.9997	-999.2500
66.4400	22.4835	948.4688	998.3906	1013.3750	1028.3438	978.4219	184.7031	-999.2500	-999.2500	50.0000	-999.2500
66.5924	22.4835	938.5000	993.4219	1008.3906	1028.3594	973.4531	184.7031	-999.2500	-999.2500	48.1538	-999.2500
66.7448	21.9456	933.5156	988.4219	1013.3750	1038.3438	968.4531	184.7031	-999.2500	-999.2500	48.0000	-999.2500
66.8972	21.2645	923.5156	983.4219	1018.3594	1038.3281	958.4688	184.7031	-999.2500	-999.2500	51.0001	-999.2500
67.0496	22.4858	923.5156	993.4062	1018.3594	1038.3281	963.4531	184.7031	-999.2500	-999.2500	51.9999	-999.2500
67.2020	23.6476	903.5469	988.4062	1013.3750	1028.3438	963.4531	174.7188	-999.2500	-999.2500	51.1118	-999.2500
67.3544	24.4930	898.5625	983.4219	1008.3906	1028.3594	958.4688	169.7344	-999.2500	-999.2500	53.0000	-999.2500
67.5068	24.9387	903.5469	983.4219	1008.3906	1028.3594	958.4688	169.7344	-999.2500	-999.2500	49.2982	-999.2500
67.6592	24.9387	913.5312	988.4219	1013.3750	1028.3594	963.4531	174.7188	-999.2500	-999.2500	52.9999	-999.2500
67.8116	24.7111	913.5312	988.4219	1013.3750	1053.3125	963.4531	169.7344	-999.2500	-999.2500	51.9999	-999.2500
67.9640	24.7138	918.5312	988.4219	1038.3281	1048.3125	968.4531	169.7344	-999.2500	-999.2500	45.0002	-999.2500
68.1164	24.9387	913.5469	1008.3906	1028.3594	1043.3281	963.4688	164.7500	-999.2500	-999.2500	51.1924	-999.2500
68.2688	25.4010	913.5469	1003.3906	1023.3594	1043.3281	978.4375	683.9062	-999.2500	-999.2500	53.9999	-999.2500
68.4212	26.2527	913.5469	1003.3906	1028.3594	1048.3281	983.4219	683.9062	-999.2500	-999.2500	44.0000	-999.2500
68.5736	25.7592	913.5469	1003.3906	1028.3594	1048.3281	978.4375	673.9219	-999.2500	-999.2500	50.0000	-999.2500
68.7260	26.3759	938.5000	1008.3906	1033.3438	1053.3125	978.4375	668.9375	-999.2500	-999.2500	50.6282	-999.2500
68.8784	26.5035	933.5000	1008.3906	1033.3438	1053.3125	983.4219	663.9375	-999.2500	-999.2500	52.4617	-999.2500
69.0308	27.1601	923.5156	1008.3750	1033.3438	1058.2969	983.4219	653.9531	-999.2500	-999.2500	53.0000	-999.2500
69.1832	28.5762	938.5000	1013.3750	1048.3281	1073.2812	988.4219	658.9375	-999.2500	-999.2500	51.0001	-999.2500
69.3356	30.1439	938.5000	1023.3594	1058.2969	1083.2656	993.4062	668.9219	-999.2500	-999.2500	52.0000	-999.2500
69.4880	29.4951	419.3281	509.1875	544.1250	564.0938	479.2344	149.7656	-999.2500	-999.2500	51.9999	-999.2500
69.6404	31.1726	424.3125	524.1562	549.1094	574.0781	494.2031	154.7500	-999.2500	-999.2500	50.9998	-999.2500
69.7928	32.0804	434.3125	534.1406	559.1094	579.0781	509.1875	164.7344	-999.2500	-999.2500	49.1991	-999.2500
69.9452	29.8199	454.2812	549.1250	579.0781	599.0469	519.1719	174.7188	-999.2500	-999.2500	53.0000	-999.2500
70.0976	29.0302	469.2500	549.1250	579.0781	599.0469	524.1562	174.7188	-999.2500	-999.2500	44.0005	-999.2500
70.2500	28.8736	484.2188	569.0938	594.0469	614.0156	539.1406	184.7031	-999.2500	-999.2500	53.0000	-999.2500
70.4024	28.2777	484.2188	569.0938	599.0469	619.0156	544.1250	204.6719	-999.2500	-999.2500	51.0000	-999.2500
70.5548	26.6323	479.2344	564.0938	594.0469	619.0000	539.1406	199.6719	-999.2500	-999.2500	53.8972	-999.2500
70.7072	25.6387	479.2344	564.1094	599.0469	619.0156	539.1406	189.7031	-999.2500	-999.2500	55.9999	-999.2500
70.8596	24.9387	484.2344	574.0781	604.0312	629.0000	544.1406	189.7031	-999.2500	-999.2500	54.9999	-999.2500
71.0120	22.3917	479.2344	569.0938	604.0312	624.0000	544.1250	184.7031	-999.2500	-999.2500	51.9998	-999.2500
71.1644	22.8609	489.2188	584.0625	614.0156	638.9688	554.1094	194.6875	-999.2500	-999.2500	49.9618	-999.2500
71.3168	23.9577	489.2188	584.0625	619.0156	638.9844	554.1094	189.7031	-999.2500	-999.2500	54.0000	-999.2500
71.4692	23.9577	494.2031	594.0469	624.0000	653.9531	559.1094	194.6875	-999.2500	-999.2500	54.0000	-999.2500
71.6216	23.7526	504.1875	599.0469	638.9844	673.9219	569.0938	204.6719	-999.2500	-999.2500	54.3501	-999.2500
71.7740	23.9602	489.2188	594.0469	638.9688	678.9062	559.1094	194.6875	-999.2500	-999.2500	56.0000	-999.2500
71.9264	23.5460	504.2031	619.0156	668.9375	693.8906	574.0938	209.6719	-999.2500	-999.2500	55.0001	-999.2500
72.0788	22.9567	509.1875	643.9688	678.9219	713.8594	594.0469	209.6719	-999.2500	-999.2500	53.5290	-999.2500
72.2312	22.0338	514.1719	648.9531	693.8906	718.8438	619.0000	209.6562	-999.2500	-999.2500	54.4918	-999.2500
72.3836	21.5149	529.1562	663.9375	703.8750	728.8281	624.0000	209.6719	-999.2500	-999.2500	53.0000	-999.2500
72.5360	22.9567	554.1094	673.9219	713.8594	743.8125	638.9844	214.6562	-999.2500	-999.2500	54.8557	-999.2500
72.6884	21.8581	564.0938	683.8906	718.8438	738.8125	648.9531	214.6562	-999.2500	-999.2500	55.0000	-999.2500
72.8408	21.4308	574.0781	693.8906	718.8438	738.8125	658.9375	214.6562	-999.2500	-999.2500	54.0000	-999.2500
72.9932	21.4308	579.0781	683.9062	718.8438	738.8125	658.9375	209.6719	-999.2500	-999.2500	53.1155	-999.2500
73.1456	21.2645	579.0781	673.9219	708.8750	728.8438	648.9688	204.6719	-999.2500	-999.2500	52.0001	-999.2500
73.2980	21.1027	594.0469	683.9062	713.8594	733.8281	653.9531	209.6719	-999.2500	-999.2500	52.0000	-999.2500
73.4504	20.9395	594.0469	683.9062	713.8594	733.8281	653.9531	209.6562	-999.2500	-999.2500	52.3713	-999.2500
73.6028	20.9395	594.0469	683.9062	713.8594	733.8281	653.9531	209.6719	-999.2500	-999.2500	54.0000	-999.2500
73.7552	21.4308	594.0469	683.9062	713.8438	738.8125	653.9531	214.6562	-999.2500	-999.2500	51.8529	-999.2500
73.9076	21.7713	594.0469	683.9062	718.8438	738.8125	658.9531	214.6562	-999.2500	-999.2500	51.0000	-999.2500
74.0600	21.4308	599.0312	688.8906	718.8438	748.7969	653.9531	224.6406	-999.2500	-999.2500	49.0000	-999.2500
74.2124	21.2645	599.0312	693.8750	733.8125	758.7812	663.9219	244.5938	-999.2500	-999.2500	51.0000	-999.2500
74.3648	20.9395	599.0469	698.8906	733.8281	758.7969	663.9375	259.5938	-999.2500	-999.2500	51.0000	-999.2500
74.5172	20.9395	599.0312	703.8750	738.8125	758.7812	668.9219	269.5625	-999.2500	-999.2500	52.0000	-999.2500
74.6696	20.3204	599.0312	703.8750	733.8281	753.7969	673.9219	274.5625	-999.2500	-999.2500	52.0000	-999.2500
74.8220	19.1825	599.0469	703.8750	738.8125	758.7812	678.9219	284.5469	-999.2500	-999.2500	52.0097	-999.2500
74.9744	17.8706	604.0312	698.8906	733.8281	753.7969	673.9219	289.5312	-999.2500	-999.2500	48.0002	-999.2500
75.1268	17.7650	614.0156	703.8594	733.8125	748.7969	673.9219	294.5156	-999.2500	-999.2500	47.0000	-999.2500
75.2792	17.4177	609.0156	698.8750	723.8281	743.7969	668.9219	289.5312	-999.2500	-999.2500	54.0319	-999.2500
75.4316	16.8812	594.0625	678.9219	708.8750	728.8438	658.9531	274.5625	-999.2500	-999.2500	50.9554	-999.2500
75.5840	16.8812	574.0781	658.9375	688.8906	708.8594	633.9844	254.5938	-999.2500	-999.2500	53.0000	-999.2500
75.7364	16.5749	564.0938	648.9688	678.9219	698.8906	624.0000	244.6094	-999.2500	-999.2500	52.0000	-999.2500
75.8888	16.2807	554.1094	633.9844	663.9375	683.9062	609.0312	229.6406	-999.2500	-999.2500	48.0000	-999.2500
76.0412	16.2807	544.1250	629.0000	658.9531	678.9062	604.0312	229.6406	-999.2500	-999.2500	54.0542	-999.2500
76.1936	16.4765	534.1406	619.0000	648.9531	663.9219	594.0469	214.6562	-999.2500	-999.2500	53.0000	-999.2500
76.3460	16.8812	524.1562	609.0156	633.9844	653.9531	584.0625	209.6562	-999.2500	-999.2500	51.9296	-999.2500
76.4984	17.6419	524.1719	604.0312	633.9844	653.9531	584.0625	214.6562	-999.2500	-999.2500	51.0000	-999.2500
76.6508	17.6419	524.1562	604.0312	633.9844	653.9531	579.0625	219.6406	-999.2500	-999.2500	47.0000	-999.2500
76.8032	18.7895	524.1562	604.0312	633.9844	648.9688	579.0781	229.6406	-999.2500	-999.2500	49.2777	-999.2500
76.9556	18.9326	524.1562	604.0312	628.9844	648.9531	574.0781	234.6250	-999.2500	-999.2500	49.0000	-999.2500
77.1080	19.5939	519.1719	599.0469	629.0000	648.9688	574.0781	234.6250	-999.2500	-999.2500	46.0000	-999.2500
77.2604	20.1708	519.1562	599.0312	628.9844	648.9531	574.0781	234.6250	-999.2500	-999.2500	50.9999	-999.2500
77.4128	20.6262	514.1719	599.0469	629.0000	648.9531	574.0781	234.6250	-999.2500	-999.2500	50.7572	-999.2500
77.5652	20.6244	509.1875	594.0469	624.0000	643.9688	569.0938	234.6250	-999.2500	-999.2500	47.0002	-999.2500
77.7176	20.6244	509.1875	594.0469	624.0000	638.9844	569.0938	229.6406	-999.2500	-999.2500	49.2802	-999.2500
77.8700	20.3204	504.2031	589.0625	614.0156	629.0000	559.1094	224.6406	-999.2500	-999.2500	48.9999	-999.2500
78.0224	19.5939	494.2031	574.0781	599.0312	619.0000	554.1094	214.6562	-999.2500	-999.2500	50.7504	-999.2500
78.1748	19.7350	484.2188	559.1094	589.0625	609.0312	539.1406	204.6719	-999.2500	-999.2500	47.0002	-999.2500
78.3272	19.5939	484.2188	559.0938	589.0469	609.0156	534.1406	204.6719	-999.2500	-999.2500	49.5001	-999.2500
78.4796	19.7350	479.2344	559.1094	589.0625	609.0312	529.1562	204.6719	-999.2500	-999.2500	51.0001	-999.2500
78.6320	19.5939	474.2500	559.1094	589.0625	609.0312	534.1562	204.6719	-999.2500	-999.2500	49.0000	-999.2500
78.7844	19.5939	469.2500	559.1094	589.0469	604.0312	534.1406	199.6719	-999.2500	-999.2500	50.9998	-999.2500
78.9368	19.7350	474.2500	559.1094	584.0625	604.0312	534.1562	199.6875	-999.2500	-999.2500	54.1987	-999.2500
79.0892	19.8782	474.2344	554.1094	579.0625	599.0312	529.1562	194.6875	-999.2500	-999.2500	53.0000	-999.2500
79.2416	20.0968	474.2500	554.1094	574.0781	594.0469	529.1562	194.6875	-999.2500	-999.2500	53.0001	-999.2500
79.3940	20.6262	469.2500	549.1094	574.0781	594.0469	524.1562	194.6875	-999.2500	-999.2500	50.0002	-999.2500
79.5464	21.1823	474.2344	544.1250	569.0938	594.0469	519.1719	194.6875	-999.2500	-999.2500	52.9995	-999.2500
79.6988	21.9456	469.2344	544.1250	574.0781	589.0469	519.1562	189.6875	-999.2500	-999.2500	54.0573	-999.2500
79.8512	21.8581	464.2500	544.1250	564.0938	584.0625	514.1719	194.6875	-999.2500	-999.2500	51.0000	-999.2500
80.0036	21.8581	464.2500	544.1250	564.0938	579.0781	519.1719	194.6875	-999.2500	-999.2500	42.2620	-999.2500
80.1560	22.2124	459.2656	539.1406	559.1094	574.0781	519.1719	199.6875	-999.2500	-999.2500	50.0000	-999.2500
80.3084	22.5784	464.2656	534.1562	559.1094	574.0781	514.1875	199.6875	-999.2500	-999.2500	52.5239	-999.2500
80.4608	22.7660	464.2500	529.1406	554.1094	574.0781	509.1875	194.6875	-999.2500	-999.2500	51.0700	-999.2500
80.6132	22.7660	459.2656	524.1562	554.1094	564.0938	504.1875	189.7031	-999.2500	-999.2500	50.0000	-999.2500
80.7656	22.9567	454.2656	524.1562	549.1094	564.0938	499.1875	194.6875	-999.2500	-999.2500	55.2779	-999.2500
80.9180	22.8609	454.2656	519.1562	549.1094	564.0938	504.1875	199.6719	-999.2500	-999.2500	52.5750	-999.2500
81.0704	22.9567	444.2812	514.1719	539.1250	559.0938	489.2031	194.6875	-999.2500	-999.2500	52.0001	-999.2500
81.2228	22.8609	444.2969	514.1875	544.1406	569.0938	494.2188	194.7031	-999.2500	-999.2500	54.0001	-999.2500
81.3752	23.1482	439.2969	514.1719	549.1250	569.0938	489.2188	194.6875	-999.2500	-999.2500	55.3077	-999.2500
81.5276	23.0509	439.2969	524.1562	554.1094	574.0781	494.2031	194.6875	-999.2500	-999.2500	53.7222	-999.2500
81.6800	23.1482	434.3125	524.1719	549.1250	569.0938	494.2188	189.7031	-999.2500	-999.2500	50.0003	-999.2500
81.8324	23.0509	439.2969	529.1562	549.1250	569.0938	504.2031	194.6875	-999.2500	-999.2500	53.0000	-999.2500
81.9848	23.3454	439.2969	524.1562	544.1250	564.0938	499.2031	189.6875	-999.2500	-999.2500	52.6603	-999.2500
82.1372	23.0509	444.2969	519.1719	539.1406	559.1094	494.2031	189.7031	-999.2500	-999.2500	53.5847	-999.2500
82.2896	22.8586	439.2969	509.1875	529.1562	549.1250	484.2188	184.7031	-999.2500	-999.2500	52.9423	-999.2500
82.4420	22.8586	439.2969	509.1875	534.1406	549.1250	484.2188	179.7188	-999.2500	-999.2500	52.7179	-999.2500
82.5944	22.9543	434.3125	504.2031	529.1562	544.1406	479.2344	174.7344	-999.2500	-999.2500	53.7307	-999.2500
82.7468	23.0509	434.3125	504.2031	529.1562	544.1406	479.2344	174.7188	-999.2500	-999.2500	48.5130	-999.2500
82.8992	23.2488	434.3125	504.2031	529.1562	544.1406	484.2344	174.7188	-999.2500	-999.2500	54.0000	-999.2500
83.0516	23.8559	429.3125	499.2031	524.1562	539.1406	479.2344	169.7188	-999.2500	-999.2500	53.2308	-999.2500
83.2040	23.7526	429.3125	499.2031	524.1562	539.1250	479.2344	169.7188	-999.2500	-999.2500	51.7820	-999.2500
83.3564	23.8534	424.3281	494.2188	519.1719	534.1406	474.2500	169.7344	-999.2500	-999.2500	52.2052	-999.2500
83.5088	23.4453	419.3281	489.2031	514.1719	529.1406	469.2500	164.7344	-999.2500	-999.2500	52.2114	-999.2500
83.6612	23.9577	424.3281	494.2031	514.1719	529.1562	474.2344	174.7188	-999.2500	-999.2500	50.7733	-999.2500
83.8136	24.6029	424.3281	494.2031	514.1719	529.1562	474.2344	179.7188	-999.2500	-999.2500	51.6667	-999.2500
83.9660	25.2839	429.3125	489.2188	514.1719	529.1562	469.2500	189.7031	-999.2500	-999.2500	49.0003	-999.2500
84.1184	25.6387	424.3125	489.2188	514.1719	524.1562	469.2500	189.7031	-999.2500	-999.2500	52.9998	-999.2500
84.2708	26.2496	424.3125	489.2188	509.1875	524.1562	469.2500	189.6875	-999.2500	-999.2500	52.9997	-999.2500
84.4232	26.0006	419.3281	479.2344	504.2031	519.1719	464.2656	184.7031	-999.2500	-999.2500	49.6774	-999.2500
84.5756	26.0006	414.3438	479.2344	504.2031	519.1719	459.2656	184.7031	-999.2500	-999.2500	52.0000	-999.2500
84.7280	26.2496	414.3438	479.2344	504.2031	514.1875	459.2656	184.7031	-999.2500	-999.2500	55.0000	-999.2500
84.8804	26.2527	409.3438	474.2344	494.2031	1208.0625	454.2656	179.7031	-999.2500	-999.2500	54.5414	-999.2500
85.0328	26.3790	404.3594	464.2656	1183.1094	1208.0625	444.2969	179.7188	-999.2500	-999.2500	53.9997	-999.2500
85.1852	25.6387	389.3750	1153.1562	1178.1094	1188.0938	434.3125	169.7344	-999.2500	-999.2500	56.0000	-999.2500
85.3376	24.4930	389.3750	1158.1406	1168.1250	1183.1094	1133.1875	169.7344	-999.2500	-999.2500	50.8914	-999.2500
85.4900	24.2760	389.3750	1148.1562	1168.1250	1188.0938	1138.1719	169.7344	-999.2500	-999.2500	53.0000	-999.2500
85.6424	24.2760	384.3750	1143.1719	1173.1250	1193.0938	1128.1875	169.7344	-999.2500	-999.2500	52.9999	-999.2500
85.7948	24.2760	1078.2656	1148.1562	1173.1250	1183.1094	1123.2031	169.7188	-999.2500	-999.2500	53.0000	-999.2500
85.9472	24.4930	1083.2656	1153.1562	1168.1250	1183.0938	1123.2031	169.7188	-999.2500	-999.2500	55.0000	-999.2500
86.0996	24.4930	1073.2812	1143.1719	1168.1250	1188.0938	1133.1875	164.7344	-999.2500	-999.2500	46.0001	-999.2500
86.2520	24.4930	1068.2969	1138.1719	1163.1406	1178.1094	1118.2188	159.7500	-999.2500	-999.2500	51.0000	-999.2500
86.4044	24.4930	1078.2812	1143.1719	1158.1406	1173.1250	1118.2031	159.7500	-999.2500	-999.2500	54.7436	-999.2500
86.5568	24.9387	1073.2812	1138.1719	1158.1406	1168.1250	1118.2031	154.7500	-999.2500	-999.2500	47.0000	-999.2500
86.7092	25.8778	1073.2812	1133.1875	1148.1562	1168.1250	1118.2031	154.7500	-999.2500	-999.2500	48.7281	-999.2500
86.8616	26.6323	1068.2812	1128.1875	1148.1562	1163.1406	1108.2188	154.7500	-999.2500	-999.2500	55.0000	-999.2500
87.0140	27.1601	1068.2812	1128.1875	1148.1562	1168.1250	1108.2188	154.7500	-999.2500	-999.2500	45.0000	-999.2500
87.1664	27.4320	1063.2969	1123.2031	1153.1562	1168.1250	1103.2344	149.7656	-999.2500	-999.2500	47.6150	-999.2500
87.3188	27.7094	1063.2969	1133.1875	1163.1406	1183.1094	1108.2344	154.7656	-999.2500	-999.2500	55.0000	-999.2500
87.4712	27.9924	1063.2969	1133.1875	1163.1406	1183.1094	1113.2188	853.6406	-999.2500	-999.2500	52.0002	-999.2500
87.6236	27.9924	1058.3125	1143.1719	1168.1250	1188.0938	1113.2188	858.6250	-999.2500	-999.2500	55.0000	-999.2500
87.7760	28.2813	1063.2969	1143.1719	1173.1250	14660154687488.0000	1118.2188	848.6406	-999.2500	-999.2500	53.0001	-999.2500
87.9284	28.8736	1068.2812	1153.1406	-999.2500	-999.2500	1123.2031	848.6406	-999.2500	-999.2500	55.2305	-999.2500
88.0808	29.1810	1073.2812	-999.2500	-999.2500	-999.2500	1133.1719	848.6406	-999.2500	-999.2500	-999.2500	-999.2500
88.2332	29.1848	1078.2656	-999.2500	-999.2500	-999.2500	-999.2500	858.6250	-999.2500	-999.2500	-999.2500	-999.2500
88.3856	29.6586	1088.2500	-999.2500	-999.2500	-999.2500	-999.2500	853.6406	-999.2500	-999.2500	-999.2500	-999.2500
88.5380	29.6546	1088.2500	-999.2500	-999.2500	-999.2500	-999.2500	853.6250	-999.2500	-999.2500	-999.2500	-999.2500
88.6904	29.3410	-999.2500	-999.2500	-999.2500	-999.2500	-999.2500	154.7500	-999.2500	-999.2500	-999.2500	-999.2500
88.8428	29.3410	-999.2500	-999.2500	-999.2500	-999.2500	-999.2500	164.7344	-999.2500	-999.2500	-999.2500	-999.2500
88.9952	30.3106	-999.2500	-999.2500	-999.2500	-999.2500	-999.2500	149.7500	-999.2500	-999.2500	-999.2500	-999.2500
89.1476	29.6546	-999.2500	-999.2500	-999.2500	-999.2500	-999.2500	154.7500	-999.2500	-999.2500	-999.2500	-999.2500
89.3000	29.9790	-999.2500	-999.2500	-999.2500	-999.2500	-999.2500	149.7656	-999.2500	-999.2500	-999.2500	-999.2500
89.4524	29.6586	-999.2500	-999.2500	-999.2500	-999.2500	-999.2500	139.7812	-999.2500	-999.2500	-999.2500	-999.2500
89.6048	28.1361	-999.2500	-999.2500	-999.2500	-999.2500	-999.2500	149.7500	-999.2500	-999.2500	-999.2500	-999.2500
89.7572	29.0265	-999.2500	-999.2500	-999.2500	-999.2500	-999.2500	154.7500	-999.2500	-999.2500	-999.2500	-999.2500
89.9096	29.4951	-999.2500	-999.2500	-999.2500	-999.2500	-999.2500	159.7500	-999.2500	-999.2500	-999.2500	-999.2500
90.0620	29.1848	-999.2500	-999.2500	-999.2500	-999.2500	-999.2500	159.7500	-999.2500	-999.2500	-999.2500	-999.2500
90.2144	29.4989	-999.2500	-999.2500	-999.2500	-999.2500	-999.2500	174.7188	-999.2500	-999.2500	-999.2500	-999.2500
90.3668	29.8160	-999.2500	-999.2500	-999.2500	-999.2500	-999.2500	-999.2500	-999.2500	-999.2500	-999.2500	-999.2500
90.5192	29.4989	-999.2500	-999.2500	-999.2500	-999.2500	-999.2500	-999.2500	-999.2500	-999.2500	-999.2500	-999.2500
90.6716	30.8220	-999.2500	-999.2500	-999.2500	-999.2500	-999.2500	-999.2500	-999.2500	-999.2500	-999.2500	-999.2500
90.8240	29.4951	-999.2500	-999.2500	-999.2500	-999.2500	-999.2500	-999.2500	-999.2500	-999.2500	-999.2500	-999.2500
90.9764	28.8736	-999.2500	-999.2500	-999.2500	-999.2500	-999.2500	-999.2500	-999.2500	-999.2500	-999.2500	-999.2500
91.1288	30.1439	-999.2500	-999.2500	-999.2500	-999.2500	-999.2500	-999.2500	-999.2500	-999.2500	-999.2500	-999.2500
91.2812	28.2813	-999.2500	-999.2500	-999.2500	-999.2500	-999.2500	-999.2500	-999.2500	-999.2500	-999.2500	-999.2500
91.4336	27.7094	-999.2500	-999.2500	-999.2500	-999.2500	-999.2500	-999.2500	-999.2500	-999.2500	-999.2500	-999.2500