HOLE:	1249A
LEG:	204
TOP:	0.1460
BOTTOM:	63.0872
DEPTH_LSF	TNPH
m	%
0.1460	74.1548
0.2984	71.3903
0.4508	72.6302
0.6032	75.1255
0.7556	76.0911
0.9080	72.7699
1.0604	68.6864
1.2128	67.7609
1.3652	68.6177
1.5176	74.9419
1.6700	70.6645
1.8224	66.8363
1.9748	58.1329
2.1272	60.9461
2.2796	59.2438
2.4320	62.9684
2.5844	63.5417
2.7368	69.7489
2.8892	68.8891
3.0416	67.6671
3.1940	67.8996
3.3464	69.0758
3.4988	65.9327
3.6512	60.2005
3.8036	57.9492
3.9560	62.0510
4.1084	71.5426
4.2608	71.9041
4.4132	67.3520
4.5656	60.5327
4.7180	64.0921
4.8704	66.7109
5.0228	69.3714
5.1752	68.8577
5.3276	66.2564
5.4800	68.8425
5.6324	73.3006
5.7848	72.2823
5.9372	64.7732
6.0896	59.9125
6.2420	62.8148
6.3944	70.1643
6.5468	79.7369
6.6992	75.4807
6.8516	69.0863
7.0040	67.0919
7.1564	68.2892
7.3088	64.6247
7.4612	63.0560
7.6136	66.3107
7.7660	72.6607
7.9184	69.8498
8.0708	67.2312
8.2232	65.6390
8.3756	64.1384
8.5280	63.8159
8.6804	65.9911
8.8328	65.7321
8.9852	69.0187
9.1376	71.5438
9.2900	73.5389
9.4424	69.5325
9.5948	64.8944
9.7472	67.1675
9.8996	71.4233
10.0520	75.7322
10.2044	77.0453
10.3568	75.7590
10.5092	73.5108
10.6616	66.5875
10.8140	67.5709
10.9664	65.5730
11.1188	63.4252
11.2712	61.1544
11.4236	57.9529
11.5760	60.2113
11.7284	60.0909
11.8808	66.2151
12.0332	69.4847
12.1856	69.0446
12.3380	65.4130
12.4904	64.2598
12.6428	69.7229
12.7952	75.7808
12.9476	80.0667
13.1000	77.6169
13.2524	77.8525
13.4048	73.5528
13.5572	72.3310
13.7096	70.7946
13.8620	65.5155
14.0144	65.4099
14.1668	63.4940
14.3192	68.5275
14.4716	65.0923
14.6240	66.5519
14.7764	66.1392
14.9288	70.1392
15.0812	72.2122
15.2336	77.8112
15.3860	75.3545
15.5384	68.6821
15.6908	61.5910
15.8432	61.9608
15.9956	67.0881
16.1480	67.5561
16.3004	69.9418
16.4528	68.8643
16.6052	68.1313
16.7576	67.7951
16.9100	65.9383
17.0624	71.1015
17.2148	68.5665
17.3672	68.3863
17.5196	64.6926
17.6720	68.6138
17.8244	64.4267
17.9768	65.0130
18.1292	56.6057
18.2816	61.2656
18.4340	58.3748
18.5864	61.5160
18.7388	58.8295
18.8912	62.3793
19.0436	61.0387
19.1960	63.1540
19.3484	62.8376
19.5008	68.7507
19.6532	63.1494
19.8056	60.9344
19.9580	59.9073
20.1104	59.0394
20.2628	59.1808
20.4152	58.4499
20.5676	67.4502
20.7200	67.3382
20.8724	66.1175
21.0248	58.7276
21.1772	59.5176
21.3296	58.2626
21.4820	58.8438
21.6344	59.5073
21.7868	64.7674
21.9392	68.6895
22.0916	74.9898
22.2440	67.0977
22.3964	62.5503
22.5488	60.7016
22.7012	65.3818
22.8536	66.6939
23.0060	63.0462
23.1584	58.8264
23.3108	58.1030
23.4632	60.7088
23.6156	66.3342
23.7680	72.3076
23.9204	67.2364
24.0728	57.2485
24.2252	58.9928
24.3776	61.9316
24.5300	72.8017
24.6824	68.0101
24.8348	67.4663
24.9872	63.9645
25.1396	65.8229
25.2920	65.0302
25.4444	72.4461
25.5968	68.5750
25.7492	69.5006
25.9016	65.9195
26.0540	71.0517
26.2064	72.9473
26.3588	66.7508
26.5112	65.1459
26.6636	64.6501
26.8160	67.4832
26.9684	66.2435
27.1208	65.3882
27.2732	69.1841
27.4256	69.6516
27.5780	69.8405
27.7304	68.0478
27.8828	66.8565
28.0352	65.9928
28.1876	63.9508
28.3400	61.7152
28.4924	62.9533
28.6448	65.3627
28.7972	75.7972
28.9496	74.5825
29.1020	68.0620
29.2544	64.5617
29.4068	61.2542
29.5592	61.4030
29.7116	59.6064
29.8640	62.0736
30.0164	63.6944
30.1688	61.7055
30.3212	62.5389
30.4736	61.4592
30.6260	64.6061
30.7784	66.4135
30.9308	69.3823
31.0832	66.6723
31.2356	61.1379
31.3880	58.9433
31.5404	58.6827
31.6928	60.0884
31.8452	60.9734
31.9976	62.6986
32.1500	60.5149
32.3024	59.9807
32.4548	58.5685
32.6072	58.6484
32.7596	58.2600
32.9120	58.5864
33.0644	62.0229
33.2168	69.2401
33.3692	76.7348
33.5216	75.0220
33.6740	67.2620
33.8264	63.2272
33.9788	63.2812
34.1312	64.4694
34.2836	64.4931
34.4360	62.4034
34.5884	60.9590
34.7408	58.5688
34.8932	63.2821
35.0456	66.0887
35.1980	67.4969
35.3504	68.3303
35.5028	66.1876
35.6552	64.3158
35.8076	59.3545
35.9600	57.4019
36.1124	58.4615
36.2648	59.1842
36.4172	60.7469
36.5696	60.8896
36.7220	67.6048
36.8744	65.3978
37.0268	65.1671
37.1792	59.6417
37.3316	62.2344
37.4840	63.0939
37.6364	63.2086
37.7888	68.3100
37.9412	72.1638
38.0936	67.6076
38.2460	63.6221
38.3984	58.8137
38.5508	59.4902
38.7032	58.2326
38.8556	58.4562
39.0080	59.9195
39.1604	62.0498
39.3128	67.9610
39.4652	70.6165
39.6176	68.1033
39.7700	60.6185
39.9224	56.2719
40.0748	55.3854
40.2272	56.6031
40.3796	60.2624
40.5320	63.0403
40.6844	63.2078
40.8368	63.0951
40.9892	59.3771
41.1416	59.3870
41.2940	56.6776
41.4464	57.2411
41.5988	58.1240
41.7512	61.8338
41.9036	65.7218
42.0560	67.3629
42.2084	65.9111
42.3608	62.3618
42.5132	60.7182
42.6656	59.2662
42.8180	60.7578
42.9704	61.4414
43.1228	64.4073
43.2752	62.1360
43.4276	62.8730
43.5800	65.4229
43.7324	67.2528
43.8848	65.4205
44.0372	60.9743
44.1896	60.6914
44.3420	63.2420
44.4944	60.1834
44.6468	64.1418
44.7992	62.4621
44.9516	63.5065
45.1040	57.5941
45.2564	58.4180
45.4088	62.9661
45.5612	67.9644
45.7136	67.6022
45.8660	63.0441
46.0184	62.8724
46.1708	62.6575
46.3232	63.3664
46.4756	65.3684
46.6280	66.3074
46.7804	74.1039
46.9328	70.1057
47.0852	64.0726
47.2376	63.3279
47.3900	64.9314
47.5424	69.6831
47.6948	63.5614
47.8472	61.5142
47.9996	62.1038
48.1520	63.6904
48.3044	63.9989
48.4568	65.2915
48.6092	66.2847
48.7616	64.1276
48.9140	67.0799
49.0664	71.6422
49.2188	73.4481
49.3712	67.2344
49.5236	65.2948
49.6760	68.0545
49.8284	71.0095
49.9808	66.6309
50.1332	64.8799
50.2856	61.1228
50.4380	60.5834
50.5904	58.2082
50.7428	57.8558
50.8952	59.7638
51.0476	63.4817
51.2000	60.8449
51.3524	59.7173
51.5048	60.4425
51.6572	61.4140
51.8096	59.8182
51.9620	59.9837
52.1144	62.5650
52.2668	60.7882
52.4192	60.8562
52.5716	63.1063
52.7240	65.2999
52.8764	67.0252
53.0288	64.6442
53.1812	68.4716
53.3336	62.7102
53.4860	64.1780
53.6384	62.6938
53.7908	64.5939
53.9432	60.6073
54.0956	59.9022
54.2480	60.7821
54.4004	64.0985
54.5528	61.5913
54.7052	61.0178
54.8576	63.5614
55.0100	70.5513
55.1624	64.9596
55.3148	65.3463
55.4672	60.6741
55.6196	60.8769
55.7720	59.1249
55.9244	60.6196
56.0768	59.4532
56.2292	57.3921
56.3816	56.6938
56.5340	61.4504
56.6864	60.9092
56.8388	60.1758
56.9912	64.0080
57.1436	65.2658
57.2960	65.0814
57.4484	59.1996
57.6008	58.9571
57.7532	60.7837
57.9056	61.5780
58.0580	62.7154
58.2104	64.9144
58.3628	60.4889
58.5152	60.0311
58.6676	57.8652
58.8200	64.4024
58.9724	66.7804
59.1248	67.6558
59.2772	61.4341
59.4296	61.4420
59.5820	63.9978
59.7344	69.3558
59.8868	67.1967
60.0392	62.4876
60.1916	61.9914
60.3440	61.5240
60.4964	60.8445
60.6488	59.8361
60.8012	62.2224
60.9536	58.2227
61.1060	60.4569
61.2584	56.2702
61.4108	63.5848
61.5632	61.0038
61.7156	62.0270
61.8680	56.3049
62.0204	55.3615
62.1728	54.6374
62.3252	58.6556
62.4776	60.8838
62.6300	64.2343
62.7824	59.0689
62.9348	56.0075
63.0872	51.7278