HOLE:	1230A
LEG:	201
TOP:	87.0199
BOTTOM:	266.3947
DEPTH_WMSF	CALI
m	in
87.0199	7.3430
87.1723	9.0230
87.3247	10.7985
87.4771	12.6617
87.6295	14.5453
87.7819	16.5224
87.9343	18.1235
88.0867	18.2510
88.2391	18.2627
88.3915	18.2487
88.5439	18.2502
88.6963	18.2503
88.8487	18.2621
89.0011	18.2471
89.1535	18.2503
89.3059	18.2602
89.4583	18.2562
89.6107	18.2666
89.7631	18.2520
89.9155	18.2727
90.0679	18.2600
90.2203	18.2645
90.3727	18.2628
90.5251	18.2572
90.6775	18.2679
90.8299	18.2581
90.9823	18.2608
91.1347	18.2593
91.2871	18.1994
91.4395	18.0901
91.5919	17.5803
91.7443	17.3688
91.8967	17.3429
92.0491	17.3307
92.2015	17.3291
92.3539	17.3124
92.5063	17.2564
92.6587	17.2437
92.8111	17.2378
92.9635	17.2398
93.1159	17.1542
93.2683	17.0330
93.4207	16.9677
93.5731	16.9304
93.7255	16.9329
93.8779	16.7850
94.0303	16.6252
94.1827	16.5406
94.3351	16.5148
94.4875	16.4565
94.6399	16.4374
94.7923	16.4125
94.9447	16.2276
95.0971	16.0054
95.2495	15.9857
95.4019	15.9867
95.5543	15.9850
95.7067	15.9860
95.8591	15.9857
96.0115	15.9819
96.1639	15.9956
96.3163	15.9838
96.4687	15.9848
96.6211	15.9789
96.7735	15.9917
96.9259	16.0511
97.0783	16.5683
97.2307	17.3564
97.3831	17.6662
97.5355	17.7984
97.6879	17.7899
97.8403	17.8016
97.9927	17.7881
98.1451	17.6330
98.2975	17.5896
98.4499	17.8369
98.6023	17.8407
98.7547	17.8397
98.9071	17.8110
99.0595	17.2372
99.2119	17.6584
99.3643	17.9586
99.5167	17.8698
99.6691	18.1706
99.8215	18.2097
99.9739	18.2071
100.1263	18.2026
100.2787	18.1994
100.4311	18.2128
100.5835	18.1997
100.7359	18.2113
100.8883	18.2062
101.0407	18.1925
101.1931	18.1051
101.3455	17.7458
101.4979	17.7063
101.6503	17.6934
101.8027	17.5718
101.9551	16.6248
102.1075	15.5566
102.2599	15.4917
102.4123	15.3821
102.5647	15.2132
102.7171	15.2117
102.8695	15.1804
103.0219	15.0578
103.1743	15.0365
103.3267	15.0173
103.4791	14.9373
103.6315	14.9398
103.7839	14.8118
103.9363	14.6592
104.0887	14.5573
104.2411	14.4980
104.3935	14.4117
104.5459	14.3229
104.6983	14.3183
104.8507	14.3162
105.0031	14.3238
105.1555	14.3183
105.3079	14.3119
105.4603	14.3198
105.6127	14.3195
105.7651	14.3280
105.9175	14.4157
106.0699	14.4294
106.2223	14.4954
106.3747	14.5287
106.5271	14.4235
106.6795	14.3831
106.8319	14.3926
106.9843	14.3836
107.1367	14.3887
107.2891	14.3894
107.4415	14.3912
107.5939	14.3890
107.7463	14.4360
107.8987	14.4847
108.0511	14.5882
108.2035	14.8238
108.3559	14.9331
108.5083	15.4727
108.6607	15.6931
108.8131	15.6894
108.9655	15.6861
109.1179	15.6935
109.2703	15.6879
109.4227	15.6915
109.5751	15.6854
109.7275	15.6947
109.8799	15.6807
110.0323	15.6861
110.1847	15.6884
110.3371	15.7046
110.4895	15.6898
110.6419	15.5106
110.7943	15.4446
110.9467	15.2587
111.0991	14.8775
111.2515	13.8689
111.4039	13.6641
111.5563	13.6302
111.7087	13.5828
111.8611	13.5778
112.0135	13.5675
112.1659	13.5707
112.3183	13.5723
112.4707	13.5727
112.6231	13.5774
112.7755	13.5794
112.9279	13.7262
113.0803	13.9907
113.2327	14.0171
113.3851	13.9974
113.5375	14.0174
113.6899	13.9984
113.8423	14.0313
113.9947	14.0252
114.1471	14.0262
114.2995	14.0219
114.4519	14.0313
114.6043	14.0499
114.7567	14.3362
114.9091	14.2019
115.0615	14.2679
115.2139	14.3119
115.3663	14.3177
115.5187	14.4277
115.6711	14.3069
115.8235	14.0516
115.9759	14.0593
116.1283	14.0960
116.2807	14.0928
116.4331	14.1056
116.5855	14.4623
116.7379	14.6490
116.8903	14.7535
117.0427	14.6338
117.1951	14.4699
117.3475	14.3435
117.4999	14.4384
117.6523	14.4487
117.8047	14.4466
117.9571	14.4500
118.1095	14.5308
118.2619	14.6810
118.4143	14.6446
118.5667	14.6521
118.7191	14.6523
118.8715	14.6521
119.0239	14.7562
119.1763	14.7577
119.3287	14.7537
119.4811	14.5124
119.6335	14.4455
119.7859	14.3236
119.9383	14.1694
120.0907	14.1707
120.2431	14.1799
120.3955	13.8474
120.5479	13.9704
120.7003	14.1149
120.8527	13.6195
121.0051	13.5667
121.1575	13.5641
121.3099	13.6182
121.4623	13.5477
121.6147	13.4015
121.7671	13.4156
121.9195	13.4222
122.0719	13.4239
122.2243	13.6981
122.3767	13.5563
122.5291	13.6010
122.6815	13.6139
122.8339	13.6921
122.9863	13.6986
123.1387	13.5117
123.2911	13.5036
123.4435	13.5040
123.5959	13.5322
123.7483	13.5490
123.9007	13.6986
124.0531	13.7086
124.2055	13.6995
124.3579	13.6834
124.5103	13.6816
124.6627	13.6890
124.8151	13.7907
124.9675	14.1955
125.1199	14.4134
125.2723	13.7786
125.4247	13.7499
125.5771	13.7350
125.7295	13.5774
125.8819	13.4574
126.0343	13.2979
126.1867	13.2796
126.3391	13.3997
126.4915	13.5471
126.6439	13.5447
126.7963	13.5312
126.9487	13.4351
127.1011	13.5866
127.2535	13.6248
127.4059	13.6184
127.5583	13.6223
127.7107	13.5971
127.8631	13.5959
128.0155	13.5898
128.1679	13.6026
128.3203	13.5946
128.4727	13.8557
128.6251	13.4863
128.7775	13.5484
128.9299	13.5322
129.0823	13.5251
129.2347	13.5261
129.3871	13.5281
129.5395	13.6338
129.6919	13.6936
129.8443	13.6887
129.9967	13.7330
130.1491	13.3239
130.3015	13.3008
130.4539	13.3070
130.6063	13.4523
130.7587	13.3554
130.9111	13.0949
131.0635	13.1273
131.2159	13.1386
131.3683	13.0996
131.5207	13.1345
131.6731	13.0737
131.8255	13.0652
131.9779	13.0606
132.1303	12.8788
132.2827	12.9083
132.4351	12.9276
132.5875	12.9305
132.7399	12.9232
132.8923	13.1543
133.0447	13.3932
133.1971	12.6339
133.3495	12.6311
133.5019	12.7264
133.6543	12.8418
133.8067	12.7893
133.9591	12.7805
134.1115	12.8352
134.2639	13.0397
134.4163	13.1899
134.5687	13.1913
134.7211	13.2522
134.8735	13.2779
135.0259	13.3991
135.1783	13.6002
135.3307	13.6558
135.4831	13.6732
135.6355	13.8191
135.7879	13.9207
135.9403	13.9580
136.0927	13.9937
136.2451	14.0047
136.3975	14.0079
136.5499	14.0341
136.7023	14.0463
136.8547	14.0383
137.0071	14.0485
137.1595	13.9948
137.3119	13.9900
137.4643	14.0150
137.6167	13.9491
137.7691	13.9481
137.9215	13.9649
138.0739	14.0577
138.2263	14.1369
138.3787	14.0215
138.5311	13.3469
138.6835	12.9768
138.8359	12.9758
138.9883	12.9814
139.1407	13.0449
139.2931	13.0971
139.4455	13.0509
139.5979	12.9519
139.7503	12.5475
139.9027	12.4628
140.0551	12.4522
140.2075	12.4411
140.3599	12.4373
140.5123	12.5736
140.6647	12.6372
140.8171	12.5319
140.9695	12.6330
141.1219	12.6453
141.2743	12.6500
141.4267	12.7065
141.5791	12.7436
141.7315	12.8906
141.8839	12.9158
142.0363	12.9134
142.1887	12.9169
142.3411	12.9525
142.4935	12.9788
142.6459	13.1305
142.7983	13.2991
142.9507	13.3128
143.1031	13.4371
143.2555	13.7186
143.4079	13.9176
143.5603	13.9900
143.7127	14.0617
143.8651	14.1022
144.0175	14.1125
144.1699	14.0930
144.3223	14.1044
144.4747	14.1181
144.6271	14.0561
144.7795	13.9684
144.9319	13.9344
145.0843	13.9116
145.2367	13.8771
145.3891	13.8653
145.5415	13.8750
145.6939	13.9319
145.8463	13.9707
145.9987	13.9765
146.1511	13.8715
146.3035	13.7896
146.4559	13.7244
146.6083	13.7237
146.7607	13.7239
146.9131	13.7185
147.0655	13.7898
147.2179	13.8263
147.3703	13.7280
147.5227	13.7188
147.6751	13.7360
147.8275	13.7637
147.9799	13.7622
148.1323	13.7685
148.2847	13.9575
148.4371	14.4762
148.5895	14.7137
148.7419	13.8725
148.8943	13.4191
149.0467	13.3555
149.1991	13.6804
149.3515	13.7533
149.5039	13.7213
149.6563	13.7221
149.8087	13.7238
149.9611	13.7299
150.1135	13.7180
150.2659	13.7705
150.4183	13.9766
150.5707	14.0252
150.7231	14.1897
150.8755	14.2311
151.0279	14.1003
151.1803	14.1082
151.3327	13.6714
151.4851	13.3012
151.6375	13.2519
151.7899	13.1822
151.9423	13.1841
152.0947	13.1930
152.2471	13.1979
152.3995	13.2362
152.5519	13.2613
152.7043	13.1518
152.8567	13.0973
153.0091	12.9808
153.1615	12.9809
153.3139	12.9818
153.4663	12.9692
153.6187	12.9681
153.7711	12.9396
153.9235	12.9328
154.0759	12.9307
154.2283	12.9357
154.3807	12.8607
154.5331	12.7552
154.6855	12.7550
154.8379	12.7864
154.9903	12.8389
155.1427	12.8619
155.2951	12.8785
155.4475	12.9286
155.5999	12.9293
155.7523	12.9755
155.9047	13.1266
156.0571	12.8652
156.2095	12.8707
156.3619	12.8654
156.5143	12.8654
156.6667	12.8723
156.8191	12.8601
156.9715	12.8361
157.1239	12.8840
157.2763	12.9751
157.4287	13.2100
157.5811	13.2701
157.7335	13.3710
157.8859	13.2830
158.0383	13.2830
158.1907	13.2765
158.3431	13.2759
158.4955	13.3124
158.6479	13.3841
158.8003	13.4190
158.9527	13.4797
159.1051	13.3490
159.2575	13.3065
159.4099	13.5434
159.5623	13.3016
159.7147	13.2197
159.8671	13.2163
160.0195	13.2085
160.1719	13.2266
160.3243	13.2260
160.4767	13.2564
160.6291	13.2596
160.7815	13.2656
160.9339	13.2804
161.0863	13.2863
161.2387	13.2830
161.3911	13.5462
161.5435	13.8646
161.6959	13.9874
161.8483	13.9717
162.0007	14.1180
162.1531	14.1691
162.3055	14.6453
162.4579	15.4407
162.6103	15.5453
162.7627	15.1689
162.9151	15.1819
163.0675	15.0779
163.2199	15.0995
163.3723	15.7147
163.5247	15.7382
163.6771	15.7365
163.8295	15.7101
163.9819	14.8144
164.1343	14.5801
164.2867	14.5844
164.4391	14.6175
164.5915	14.6443
164.7439	14.6595
164.8963	14.8277
165.0487	14.9625
165.2011	14.9008
165.3535	14.9331
165.5059	14.8603
165.6583	14.4986
165.8107	14.7840
165.9631	14.9300
166.1155	14.8319
166.2679	14.5027
166.4203	14.5098
166.5727	14.5194
166.7251	14.5544
166.8775	14.5718
167.0299	14.6073
167.1823	14.6149
167.3347	14.6061
167.4871	14.6372
167.6395	14.7703
167.7919	14.8145
167.9443	14.7087
168.0967	14.5802
168.2491	14.5826
168.4015	14.5851
168.5539	14.5864
168.7063	15.8363
168.8587	16.4893
169.0111	16.0142
169.1635	15.1527
169.3159	15.4113
169.4683	15.9702
169.6207	15.3397
169.7731	15.2061
169.9255	15.2212
170.0779	15.3353
170.2303	15.4299
170.3827	15.8725
170.5351	15.7250
170.6875	15.6898
170.8399	15.5451
170.9923	15.5505
171.1447	15.5228
171.2971	15.5202
171.4495	15.5242
171.6019	15.5242
171.7543	15.4677
171.9067	15.3818
172.0591	15.4526
172.2115	15.4545
172.3639	15.4522
172.5163	15.4604
172.6687	15.5861
172.8211	15.6604
172.9735	15.6753
173.1259	15.8321
173.2783	15.5959
173.4307	15.6073
173.5831	15.5969
173.7355	15.6767
173.8879	15.9169
174.0403	15.9721
174.1927	15.9075
174.3451	16.2597
174.4975	15.8467
174.6499	15.8939
174.8023	15.9351
174.9547	15.9960
175.1071	16.0604
175.2595	16.1752
175.4119	16.2082
175.5643	16.1996
175.7167	16.1983
175.8691	16.1979
176.0215	16.2279
176.1739	16.5209
176.3263	16.6326
176.4787	16.6425
176.6311	16.6462
176.7835	16.6574
176.9359	16.8701
177.0883	17.0522
177.2407	17.0601
177.3931	17.0679
177.5455	17.0997
177.6979	17.1036
177.8503	17.1069
178.0027	17.1321
178.1551	17.0822
178.3075	17.0879
178.4599	17.1079
178.6123	17.1194
178.7647	17.1813
178.9171	17.1463
179.0695	17.1509
179.2219	17.1778
179.3743	17.2205
179.5267	17.2171
179.6791	17.2264
179.8315	17.2551
179.9839	17.2719
180.1363	17.5431
180.2887	17.7861
180.4411	17.7279
180.5935	17.4192
180.7459	17.3545
180.8983	17.2362
181.0507	17.2443
181.2031	17.2129
181.3555	17.2047
181.5079	17.1278
181.6603	17.2142
181.8127	17.4448
181.9651	17.4447
182.1175	17.4391
182.2699	17.4386
182.4223	17.4364
182.5747	17.4594
182.7271	17.5862
182.8795	17.5941
183.0319	17.5502
183.1843	17.5675
183.3367	17.5937
183.4891	18.1323
183.6415	18.2021
183.7939	17.9546
183.9463	17.6378
184.0987	17.5940
184.2511	17.8100
184.4035	17.9370
184.5559	18.0148
184.7083	18.0057
184.8607	18.0352
185.0131	18.1814
185.1655	18.2045
185.3179	18.2327
185.4703	18.1255
185.6227	18.1478
185.7751	18.1788
185.9275	18.1529
186.0799	18.0675
186.2323	18.0280
186.3847	18.1426
186.5371	18.2198
186.6895	18.2338
186.8419	18.2256
186.9943	18.2335
187.1467	18.2550
187.2991	18.2503
187.4515	18.2409
187.6039	18.2443
187.7563	18.2388
187.9087	18.2403
188.0611	18.2503
188.2135	18.2464
188.3659	18.2266
188.5183	18.2418
188.6707	18.2372
188.8231	18.2219
188.9755	18.2266
189.1279	18.2510
189.2803	18.2623
189.4327	18.2349
189.5851	18.2412
189.7375	18.2655
189.8899	18.2520
190.0423	18.2567
190.1947	18.2673
190.3471	18.2631
190.4995	18.1959
190.6519	18.0923
190.8043	18.1783
190.9567	18.2471
191.1091	18.2607
191.2615	18.2650
191.4139	18.2707
191.5663	18.2529
191.7187	18.2615
191.8711	18.2647
192.0235	18.2581
192.1759	18.2674
192.3283	18.2520
192.4807	18.2646
192.6331	18.2558
192.7855	18.2596
192.9379	18.2621
193.0903	18.2603
193.2427	18.2532
193.3951	18.2559
193.5475	18.2539
193.6999	18.2579
193.8523	18.2643
194.0047	18.2469
194.1571	18.2622
194.3095	18.2500
194.4619	18.2611
194.6143	18.2534
194.7667	18.2552
194.9191	18.2472
195.0715	18.2612
195.2239	18.2651
195.3763	18.2522
195.5287	18.2602
195.6811	18.2667
195.8335	18.2624
195.9859	18.2640
196.1383	18.2559
196.2907	18.2669
196.4431	18.2539
196.5955	18.2672
196.7479	18.2631
196.9003	18.2621
197.0527	18.2597
197.2051	18.2642
197.3575	18.2622
197.5099	18.2602
197.6623	18.2691
197.8147	18.2601
197.9671	18.2583
198.1195	18.2630
198.2719	18.2694
198.4243	18.2562
198.5767	18.2610
198.7291	18.2632
198.8815	18.2665
199.0339	18.2600
199.1863	18.2649
199.3387	18.2649
199.4911	18.2591
199.6435	18.2587
199.7959	18.2670
199.9483	18.2656
200.1007	18.2501
200.2531	18.2627
200.4055	18.2620
200.5579	18.2705
200.7103	18.2571
200.8627	18.2655
201.0151	18.2622
201.1675	18.2611
201.3199	18.2628
201.4723	18.2639
201.6247	18.2618
201.7771	18.2666
201.9295	18.2541
202.0819	18.2632
202.2343	18.2576
202.3867	18.2431
202.5391	18.2643
202.6915	18.2578
202.8439	18.2662
202.9963	18.2598
203.1487	18.2646
203.3011	18.2610
203.4535	18.2581
203.6059	18.2655
203.7583	18.2552
203.9107	18.2531
204.0631	18.2574
204.2155	18.2581
204.3679	18.2452
204.5203	18.2228
204.6727	18.2257
204.8251	18.2345
204.9775	18.2176
205.1299	18.1638
205.2823	18.1392
205.4347	18.2393
205.5871	18.1872
205.7395	17.8116
205.8919	18.1450
206.0443	18.2359
206.1967	17.9565
206.3491	17.5857
206.5015	17.5588
206.6539	17.5746
206.8063	17.8871
206.9587	18.1855
207.1111	17.7907
207.2635	18.1142
207.4159	18.0293
207.5683	17.8654
207.7207	18.0148
207.8731	18.1934
208.0255	18.2350
208.1779	18.2584
208.3303	18.2584
208.4827	18.2127
208.6351	18.2665
208.7875	18.2554
208.9399	18.2618
209.0923	18.2592
209.2447	18.2600
209.3971	18.2728
209.5495	18.2521
209.7019	18.2571
209.8543	18.2659
210.0067	18.2136
210.1591	17.7877
210.3115	17.8170
210.4639	17.7785
210.6163	18.1697
210.7687	18.2491
210.9211	18.2462
211.0735	18.0290
211.2259	17.4217
211.3783	17.5724
211.5307	16.7691
211.6831	16.5561
211.8355	16.6849
211.9879	17.2454
212.1403	17.2966
212.2927	16.7019
212.4451	18.0594
212.5975	18.2659
212.7499	18.2670
212.9023	18.2540
213.0547	18.2629
213.2071	17.3182
213.3595	15.9833
213.5119	15.9884
213.6643	15.9822
213.8167	15.8681
213.9691	15.8331
214.1215	15.7807
214.2739	15.9519
214.4263	16.7103
214.5787	17.2310
214.7311	18.1967
214.8835	18.2630
215.0359	18.2557
215.1883	18.0833
215.3407	16.5031
215.4931	16.0399
215.6455	15.7050
215.7979	15.3726
215.9503	15.5785
216.1027	16.2682
216.2551	16.4676
216.4075	17.5819
216.5599	17.7925
216.7123	17.7305
216.8647	17.8527
217.0171	17.4627
217.1695	15.4717
217.3219	15.8668
217.4743	17.5341
217.6267	18.2187
217.7791	18.2308
217.9315	17.7612
218.0839	16.2704
218.2363	16.1615
218.3887	16.6787
218.5411	17.5178
218.6935	18.0697
218.8459	18.0697
218.9983	18.1794
219.1507	17.7044
219.3031	18.1732
219.4555	18.2638
219.6079	17.8910
219.7603	17.8881
219.9127	18.0287
220.0651	17.6447
220.2175	16.8280
220.3699	17.1435
220.5223	17.5887
220.6747	17.9449
220.8271	18.2569
220.9795	18.2600
221.1319	17.5863
221.2843	16.1018
221.4367	16.4945
221.5891	15.9821
221.7415	16.6951
221.8939	16.9676
222.0463	16.8984
222.1987	17.2628
222.3511	18.1662
222.5035	18.2460
222.6559	18.2607
222.8083	17.4884
222.9607	16.6454
223.1131	16.5876
223.2655	16.7622
223.4179	16.8736
223.5703	16.1416
223.7227	16.4469
223.8751	16.0692
224.0275	14.1139
224.1799	14.9022
224.3323	15.0782
224.4847	13.9296
224.6371	13.7464
224.7895	13.7590
224.9419	15.1513
225.0943	15.3331
225.2467	15.6502
225.3991	15.6053
225.5515	15.5996
225.7039	15.2985
225.8563	17.1924
226.0087	17.7251
226.1611	17.8964
226.3135	18.2564
226.4659	18.2618
226.6183	18.2575
226.7707	18.2731
226.9231	18.2511
227.0755	18.2726
227.2279	18.2519
227.3803	18.2609
227.5327	17.4795
227.6851	15.7417
227.8375	15.8026
227.9899	15.9180
228.1423	15.9389
228.2947	16.5125
228.4471	16.0199
228.5995	16.0597
228.7519	16.9716
228.9043	18.1662
229.0567	18.0913
229.2091	18.2363
229.3615	17.2378
229.5139	17.5340
229.6663	17.6265
229.8187	16.8648
229.9711	16.8049
230.1235	17.1304
230.2759	17.6318
230.4283	17.6188
230.5807	16.8597
230.7331	17.0205
230.8855	13.2246
231.0379	14.2976
231.1903	16.5835
231.3427	14.4246
231.4951	14.7678
231.6475	16.2660
231.7999	15.9716
231.9523	17.1309
232.1047	17.4998
232.2571	17.2738
232.4095	17.1256
232.5619	17.1729
232.7143	15.8648
232.8667	15.6898
233.0191	15.6849
233.1715	15.6827
233.3239	15.6935
233.4763	15.9170
233.6287	15.5544
233.7811	15.1021
233.9335	15.5392
234.0859	16.7888
234.2383	17.0146
234.3907	17.1543
234.5431	17.4352
234.6955	17.5231
234.8479	17.6063
235.0003	16.5367
235.1527	17.7581
235.3051	17.8355
235.4575	18.0317
235.6099	18.2479
235.7623	18.2387
235.9147	17.8828
236.0671	16.9886
236.2195	17.7256
236.3719	16.3073
236.5243	16.1627
236.6767	16.1801
236.8291	16.3041
236.9815	17.2378
237.1339	18.0926
237.2863	18.2600
237.4387	18.2676
237.5911	18.2317
237.7435	18.2478
237.8959	18.2616
238.0483	18.2589
238.2007	17.2021
238.3531	18.2420
238.5055	18.2622
238.6579	18.2698
238.8103	18.2413
238.9627	18.2580
239.1151	18.2578
239.2675	18.2578
239.4199	16.9163
239.5723	15.6669
239.7247	15.4964
239.8771	14.7145
240.0295	14.4808
240.1819	13.8795
240.3343	13.9728
240.4867	14.0024
240.6391	14.0145
240.7915	14.0056
240.9439	14.0045
241.0963	13.9491
241.2487	12.6582
241.4011	13.4716
241.5535	13.6979
241.7059	13.6984
241.8583	13.7097
242.0107	13.7016
242.1631	13.8915
242.3155	14.8280
242.4679	14.9027
242.6203	14.9173
242.7727	15.1943
242.9251	15.2636
243.0775	15.3205
243.2299	15.9705
243.3823	16.9015
243.5347	16.9319
243.6871	17.7791
243.8395	18.2209
243.9919	15.9234
244.1443	14.7471
244.2967	14.7860
244.4491	15.3632
244.6015	17.4609
244.7539	17.5472
244.9063	17.5378
245.0587	17.2724
245.2111	16.7689
245.3635	16.6066
245.5159	16.5727
245.6683	16.5499
245.8207	16.3103
245.9731	15.8247
246.1255	17.2586
246.2779	17.4166
246.4303	18.1211
246.5827	18.1995
246.7351	18.2361
246.8875	18.2565
247.0399	18.2575
247.1923	18.2583
247.3447	18.0844
247.4971	14.1348
247.6495	12.9578
247.8019	12.9604
247.9543	12.9762
248.1067	13.6019
248.2591	13.2989
248.4115	13.2407
248.5639	13.1785
248.7163	13.3488
248.8687	13.4863
249.0211	13.5148
249.1735	13.6722
249.3259	13.9323
249.4783	13.9116
249.6307	13.7278
249.7831	13.9308
249.9355	13.9146
250.0879	13.9075
250.2403	13.9060
250.3927	13.9732
250.5451	14.2598
250.6975	14.2970
250.8499	14.2767
251.0023	13.5697
251.1547	13.6429
251.3071	13.6528
251.4595	13.6478
251.6119	14.1478
251.7643	14.3288
251.9167	14.3360
252.0691	14.3549
252.2215	14.3670
252.3739	14.3698
252.5263	14.3638
252.6787	14.3649
252.8311	14.6643
252.9835	15.4188
253.1359	14.9782
253.2883	14.7481
253.4407	14.4462
253.5931	14.4576
253.7455	14.6430
253.8979	14.5534
254.0503	14.5908
254.2027	14.6315
254.3551	14.6301
254.5075	14.6376
254.6599	14.5736
254.8123	14.6719
254.9647	14.8285
255.1171	14.8099
255.2695	14.8158
255.4219	14.8270
255.5743	14.8367
255.7267	14.8255
255.8791	15.2399
256.0315	14.7629
256.1839	14.8538
256.3363	14.9097
256.4887	15.0913
256.6411	15.1157
256.7935	14.1844
256.9459	14.3133
257.0983	14.4411
257.2507	14.6845
257.4031	14.8784
257.5555	14.5841
257.7079	14.8070
257.8603	14.8712
258.0127	15.4791
258.1651	16.5806
258.3175	16.5848
258.4699	16.4663
258.6223	16.6426
258.7747	17.2201
258.9271	17.4882
259.0795	18.1852
259.2319	18.2553
259.3843	18.2692
259.5367	17.2469
259.6891	17.4175
259.8415	17.6719
259.9939	17.5822
260.1463	17.5638
260.2987	17.6943
260.4511	17.6992
260.6035	18.0907
260.7559	17.7507
260.9083	17.3392
261.0607	16.6173
261.2131	15.4639
261.3655	15.3916
261.5179	15.1063
261.6703	14.4459
261.8227	14.4540
261.9751	14.5889
262.1275	14.6320
262.2799	14.6014
262.4323	14.3782
262.5847	14.2168
262.7371	14.2200
262.8895	14.3546
263.0419	15.0558
263.1943	15.1825
263.3467	15.0984
263.4991	14.9871
263.6515	15.0008
263.8039	15.0685
263.9563	14.9458
264.1087	14.6385
264.2611	14.5786
264.4135	14.7190
264.5659	14.8680
264.7183	14.8945
264.8707	15.2864
265.0231	15.9646
265.1755	16.0083
265.3279	16.1075
265.4803	16.3725
265.6327	16.1654
265.7851	15.9593
265.9375	14.9160
266.0899	14.4646
266.2423	14.0898
266.3947	2.7922