HOLE:	1230A
LEG:	201
TOP:	79.0956
BOTTOM:	261.9756
DEPTH_WMSF	DTCO	DT2	DTST	VCO	VS2	VST
m	us/ft	us/ft	us/ft	km/s	km/s	km/s
79.0956	163.9048	231.1907	219.1234	1.8596	1.3184	1.3910
79.2480	164.6373	322.1552	219.1234	1.8514	0.9461	1.3910
79.4004	159.8126	543.1717	219.1234	1.9073	0.5612	1.3910
79.5528	154.9880	543.1717	219.1234	1.9666	0.5612	1.3910
79.7052	150.1634	574.0332	245.9563	2.0298	0.5310	1.2393
79.8576	145.3388	574.0332	264.4141	2.0972	0.5310	1.1528
80.0100	135.9943	574.0332	282.8719	2.2413	0.5310	1.0775
80.1624	135.0864	598.4362	294.0178	2.2564	0.5093	1.0367
80.3148	132.7809	604.8317	305.1637	2.2955	0.5039	0.9988
80.4672	162.3916	611.2272	327.4555	1.8770	0.4987	0.9308
80.6196	170.0433	624.0184	327.4555	1.7925	0.4885	0.9308
80.7720	171.4629	568.0926	268.4888	1.7777	0.5365	1.1353
80.9244	172.8825	612.1244	268.4888	1.7631	0.4979	1.1353
81.0768	168.0701	664.9297	187.9227	1.8136	0.4584	1.6220
81.2292	163.2576	717.7350	187.4357	1.8670	0.4247	1.6262
81.3816	-999.2500	706.7891	189.8029	-999.2500	0.4313	1.6059
81.5340	-999.2500	684.8971	189.8029	-999.2500	0.4450	1.6059
81.6864	164.3326	693.2124	234.7743	1.8548	0.4397	1.2983
81.8388	164.6909	693.2124	234.7743	1.8508	0.4397	1.2983
81.9912	165.0493	637.9542	186.6892	1.8467	0.4778	1.6327
82.1436	165.4076	637.9542	199.9848	1.8427	0.4778	1.5241
82.2960	165.7659	653.1636	189.9691	1.8388	0.4667	1.6045
82.4484	168.1066	633.5726	183.8031	1.8132	0.4811	1.6583
82.6008	169.3597	629.1910	189.1071	1.7997	0.4844	1.6118
82.7532	168.4702	601.2117	189.1407	1.8092	0.5070	1.6115
82.9056	167.5807	601.2117	191.9807	1.8188	0.5070	1.5877
83.0580	166.6911	597.0452	180.9292	1.8286	0.5105	1.6847
83.2104	165.8016	597.0452	185.2128	1.8384	0.5105	1.6457
83.3628	164.9120	597.0452	185.2128	1.8483	0.5105	1.6457
83.5152	164.0225	727.3327	185.5945	1.8583	0.4191	1.6423
83.6676	163.5025	727.3327	189.1970	1.8642	0.4191	1.6110
83.8200	147.5356	727.3327	193.7019	2.0660	0.4191	1.5736
83.9724	146.9302	655.5649	186.3055	2.0745	0.4649	1.6360
84.1248	146.3249	743.8754	186.3055	2.0831	0.4098	1.6360
84.2772	145.7195	743.8754	187.4777	2.0917	0.4098	1.6258
84.4296	152.7950	743.8754	191.6811	1.9949	0.4098	1.5902
84.5820	159.8705	639.6185	184.1109	1.9066	0.4765	1.6555
84.7344	160.3987	639.6185	185.5432	1.9003	0.4765	1.6428
84.8868	160.9269	639.6185	206.6041	1.8941	0.4765	1.4753
85.0392	154.9078	676.2412	203.5043	1.9676	0.4507	1.4978
85.1916	148.8887	676.2412	182.9326	2.0472	0.4507	1.6662
85.3440	142.8695	676.2412	182.0916	2.1334	0.4507	1.6739
85.4964	136.8504	676.2412	193.9456	2.2273	0.4507	1.5716
85.6488	130.8313	705.6686	240.9481	2.3297	0.4319	1.2650
85.8012	130.5076	705.6686	185.4687	2.3355	0.4319	1.6434
85.9536	130.1839	705.6686	194.1038	2.3413	0.4319	1.5703
86.1060	135.5556	705.1544	183.0835	2.2486	0.4323	1.6648
86.2584	140.9274	702.8113	184.6246	2.1628	0.4337	1.6509
86.4108	146.2991	701.7847	184.6246	2.0834	0.4343	1.6509
86.5632	151.6709	700.2449	251.2034	2.0096	0.4353	1.2134
86.7156	157.0426	699.7316	251.2034	1.9409	0.4356	1.2134
86.8680	162.4144	698.7051	251.2034	1.8767	0.4362	1.2134
87.0204	167.7861	697.1653	251.2034	1.8166	0.4372	1.2134
87.1728	173.8331	696.1387	251.2034	1.7534	0.4378	1.2134
87.3252	172.3235	695.2589	294.1666	1.7688	0.4384	1.0362
87.4776	174.5921	694.3790	337.1298	1.7458	0.4390	0.9041
87.6300	175.3867	693.4991	337.1298	1.7379	0.4395	0.9041
87.7824	179.5877	693.0591	416.4963	1.6972	0.4398	0.7318
87.9348	176.9760	692.2526	405.9530	1.7223	0.4403	0.7508
88.0872	177.7706	691.8859	362.5537	1.7146	0.4405	0.8407
88.2396	178.5653	691.8859	180.4124	1.7070	0.4405	1.6895
88.3920	179.3599	691.5193	180.4124	1.6994	0.4408	1.6895
88.5444	180.1545	691.1527	180.4124	1.6919	0.4410	1.6895
88.6968	180.9491	691.1527	180.4124	1.6845	0.4410	1.6895
88.8492	181.7438	690.7861	180.4124	1.6771	0.4412	1.6895
89.0016	182.5384	691.1527	180.4124	1.6698	0.4410	1.6895
89.1540	183.3330	690.7861	182.8300	1.6626	0.4412	1.6671
89.3064	184.1277	690.0529	187.5029	1.6554	0.4417	1.6256
89.4588	-999.2500	582.5060	188.5203	-999.2500	0.5233	1.6168
89.6112	185.7169	607.2775	199.6604	1.6412	0.5019	1.5266
89.7636	186.5115	607.2775	194.8897	1.6342	0.5019	1.5640
89.9160	183.9531	607.2775	194.9627	1.6570	0.5019	1.5634
90.0684	183.8069	607.2775	198.4607	1.6583	0.5019	1.5358
90.2208	183.7279	607.2775	193.7321	1.6590	0.5019	1.5733
90.3732	183.1598	607.2775	199.4245	1.6641	0.5019	1.5284
90.5256	182.5916	607.2775	194.5464	1.6693	0.5019	1.5667
90.6780	182.0235	607.2775	193.1986	1.6745	0.5019	1.5777
90.8304	181.4554	607.2775	191.1900	1.6798	0.5019	1.5942
90.9828	180.8873	607.5999	191.4584	1.6850	0.5017	1.5920
91.1352	180.3192	607.5999	188.0789	1.6904	0.5017	1.6206
91.2876	179.7510	607.2775	185.9756	1.6957	0.5019	1.6389
91.4400	179.1829	607.5999	186.8278	1.7011	0.5017	1.6315
91.5924	179.8541	615.2943	291.7937	1.6947	0.4954	1.0446
91.7448	180.6264	622.9887	494.4806	1.6875	0.4893	0.6164
91.8972	180.6924	638.0386	494.4806	1.6869	0.4777	0.6164
92.0496	180.7832	638.3774	494.4806	1.6860	0.4775	0.6164
92.2020	180.8667	638.7162	462.7184	1.6852	0.4772	0.6587
92.3544	180.8803	638.3774	462.7184	1.6851	0.4775	0.6587
92.5068	180.9202	638.3774	462.7184	1.6847	0.4775	0.6587
92.6592	-999.2500	710.5260	418.9429	-999.2500	0.4290	0.7276
92.8116	-999.2500	710.5260	418.9429	-999.2500	0.4290	0.7276
92.9640	-999.2500	710.5260	382.5815	-999.2500	0.4290	0.7967
93.1164	-999.2500	710.5260	352.2544	-999.2500	0.4290	0.8653
93.2688	-999.2500	710.5260	336.7023	-999.2500	0.4290	0.9053
93.4212	-999.2500	710.5260	336.7023	-999.2500	0.4290	0.9053
93.5736	-999.2500	710.5260	336.7023	-999.2500	0.4290	0.9053
93.7260	-999.2500	710.5260	504.5206	-999.2500	0.4290	0.6041
93.8784	-999.2500	710.5260	552.6914	-999.2500	0.4290	0.5515
94.0308	-999.2500	710.5260	582.4596	-999.2500	0.4290	0.5233
94.1832	-999.2500	710.9029	582.4596	-999.2500	0.4288	0.5233
94.3356	-999.2500	710.9029	582.4596	-999.2500	0.4288	0.5233
94.4880	-999.2500	710.9029	582.4596	-999.2500	0.4288	0.5233
94.6404	-999.2500	710.9029	536.9612	-999.2500	0.4288	0.5676
94.7928	-999.2500	666.5237	491.4627	-999.2500	0.4573	0.6202
94.9452	182.0960	666.5237	400.4658	1.6739	0.4573	0.7611
95.0976	183.0461	666.5237	400.4658	1.6652	0.4573	0.7611
95.2500	183.9962	666.5237	376.5392	1.6566	0.4573	0.8095
95.4024	184.2440	666.5237	352.6127	1.6543	0.4573	0.8644
95.5548	184.4917	666.5237	354.9831	1.6521	0.4573	0.8586
95.7072	184.7395	666.5237	352.9011	1.6499	0.4573	0.8637
95.8596	184.9872	666.5237	335.2188	1.6477	0.4573	0.9093
96.0120	185.2349	666.8772	350.0236	1.6455	0.4571	0.8708
96.1644	185.4827	666.8772	352.3708	1.6433	0.4571	0.8650
96.3168	185.7304	666.8772	347.9326	1.6411	0.4571	0.8760
96.4692	185.9781	666.8772	189.4522	1.6389	0.4571	1.6089
96.6216	186.2259	661.6536	189.4522	1.6367	0.4607	1.6089
96.7740	186.4736	661.6536	189.4522	1.6346	0.4607	1.6089
96.9264	186.7213	661.6536	230.9887	1.6324	0.4607	1.3196
97.0788	186.9691	661.3029	288.5004	1.6302	0.4609	1.0565
97.2312	187.2168	661.6536	346.0121	1.6281	0.4607	0.8809
97.3836	187.4515	661.3271	346.0370	1.6260	0.4609	0.8808
97.5360	187.2924	661.6536	346.4247	1.6274	0.4607	0.8799
97.6884	187.4748	661.6536	345.4332	1.6258	0.4607	0.8824
97.8408	187.4622	661.5500	339.1013	1.6259	0.4607	0.8989
97.9932	186.9511	685.4683	330.6339	1.6304	0.4447	0.9219
98.1456	187.2658	727.4185	331.5933	1.6277	0.4190	0.9192
98.2980	187.2074	727.6353	352.2543	1.6282	0.4189	0.8653
98.4504	187.1186	727.6353	384.1155	1.6289	0.4189	0.7935
98.6028	187.0856	727.6353	400.1122	1.6292	0.4189	0.7618
98.7552	187.0526	727.6353	400.1113	1.6295	0.4189	0.7618
98.9076	187.0194	727.6353	332.9826	1.6298	0.4189	0.9154
99.0600	186.9865	727.6353	329.2096	1.6301	0.4189	0.9259
99.2124	186.9535	727.6353	330.7889	1.6304	0.4189	0.9214
99.3648	186.9206	727.2845	345.4645	1.6307	0.4191	0.8823
99.5172	186.8876	715.8976	362.2114	1.6309	0.4258	0.8415
99.6696	186.8546	724.0504	388.0244	1.6312	0.4210	0.7855
99.8220	186.8216	719.8141	388.5128	1.6315	0.4234	0.7845
99.9744	187.1833	714.7070	380.7331	1.6284	0.4265	0.8006
100.1268	187.9491	671.1254	365.1956	1.6217	0.4542	0.8346
100.2792	187.8146	627.2057	365.7001	1.6229	0.4860	0.8335
100.4316	187.6804	627.2057	360.6894	1.6241	0.4860	0.8451
100.5840	187.5462	627.2057	364.4795	1.6252	0.4860	0.8363
100.7364	187.4118	626.9762	371.3229	1.6264	0.4861	0.8209
100.8888	187.2775	626.8729	301.9998	1.6276	0.4862	1.0093
101.0412	187.1433	686.9643	205.9536	1.6287	0.4437	1.4800
101.1936	187.0088	698.8342	191.3036	1.6299	0.4362	1.5933
101.3460	186.8746	698.8342	191.3036	1.6311	0.4362	1.5933
101.4984	186.7404	699.2051	191.3036	1.6322	0.4359	1.5933
101.6508	186.6054	699.2547	191.3036	1.6334	0.4359	1.5933
101.8032	186.4716	699.5760	191.3036	1.6346	0.4357	1.5933
101.9556	186.3371	699.5760	191.3036	1.6358	0.4357	1.5933
102.1080	186.2029	699.5760	191.3036	1.6369	0.4357	1.5933
102.2604	186.4462	699.5760	191.3036	1.6348	0.4357	1.5933
102.4128	186.2660	699.5760	191.3036	1.6364	0.4357	1.5933
102.5652	185.0981	699.5760	188.8482	1.6467	0.4357	1.6140
102.7176	184.2516	699.5760	186.4303	1.6543	0.4357	1.6349
102.8700	184.2725	699.5760	245.4107	1.6541	0.4357	1.2420
103.0224	184.3900	601.9824	268.6768	1.6530	0.5063	1.1345
103.1748	184.3574	576.6334	268.6768	1.6533	0.5286	1.1345
103.3272	184.8830	576.6334	231.1035	1.6486	0.5286	1.3189
103.4796	168.9983	576.6334	188.8508	1.8036	0.5286	1.6140
103.6320	153.0386	576.6334	188.4606	1.9917	0.5286	1.6173
103.7844	137.0365	576.6334	184.3246	2.2243	0.5286	1.6536
103.9368	124.2795	576.6334	187.0344	2.4526	0.5286	1.6297
104.0892	122.9987	576.6334	256.2988	2.4781	0.5286	1.1893
104.2416	121.7138	576.6334	392.9808	2.5043	0.5286	0.7756
104.3940	-999.2500	576.7726	381.0603	-999.2500	0.5285	0.7999
104.5464	-999.2500	576.9391	349.8374	-999.2500	0.5283	0.8713
104.6988	-999.2500	596.3242	331.9958	-999.2500	0.5111	0.9181
104.8512	-999.2500	637.0873	345.8031	-999.2500	0.4784	0.8814
105.0036	-999.2500	681.4144	287.5136	-999.2500	0.4473	1.0601
105.1560	-999.2500	684.0706	212.1438	-999.2500	0.4456	1.4368
105.3084	-999.2500	682.3943	200.8599	-999.2500	0.4467	1.5175
105.4608	-999.2500	682.3943	200.3459	-999.2500	0.4467	1.5214
105.6132	-999.2500	682.3782	182.8243	-999.2500	0.4467	1.6672
105.7656	-999.2500	681.4023	182.8243	-999.2500	0.4473	1.6672
105.9180	-999.2500	676.7047	182.9061	-999.2500	0.4504	1.6664
106.0704	-999.2500	671.7951	183.2554	-999.2500	0.4537	1.6633
106.2228	-999.2500	650.1926	272.1122	-999.2500	0.4688	1.1201
106.3752	-999.2500	615.3691	446.1990	-999.2500	0.4953	0.6831
106.5276	-999.2500	585.7064	446.1990	-999.2500	0.5204	0.6831
106.6800	-999.2500	585.7064	426.5594	-999.2500	0.5204	0.7146
106.8324	-999.2500	585.7064	373.7341	-999.2500	0.5204	0.8156
106.9848	135.5552	585.7064	349.0537	2.2486	0.5204	0.8732
107.1372	161.1732	662.7735	366.8899	1.8912	0.4599	0.8308
107.2896	165.6680	684.2886	355.3210	1.8398	0.4454	0.8578
107.4420	156.7938	684.2350	353.8312	1.9440	0.4455	0.8614
107.5944	147.9437	684.2350	186.7547	2.0603	0.4455	1.6321
107.7468	138.0750	683.8723	185.9124	2.2075	0.4457	1.6395
107.8992	128.5628	683.7699	188.1936	2.3709	0.4458	1.6196
108.0516	129.4836	683.5095	189.2274	2.3540	0.4459	1.6108
108.2040	133.8073	683.5095	304.4938	2.2779	0.4459	1.0010
108.3564	141.5563	643.5031	394.5056	2.1532	0.4737	0.7726
108.5088	149.2805	579.8193	397.5395	2.0418	0.5257	0.7667
108.6612	156.9801	460.0787	412.2617	1.9417	0.6625	0.7393
108.8136	163.7388	460.0787	410.6309	1.8615	0.6625	0.7423
108.9660	170.4975	460.0787	404.8638	1.7877	0.6625	0.7529
109.1184	170.0558	460.0787	387.5757	1.7924	0.6625	0.7864
109.2708	169.6142	460.0787	406.1454	1.7970	0.6625	0.7505
109.4232	169.1725	460.0787	389.3560	1.8017	0.6625	0.7828
109.5756	168.7308	650.4569	388.7457	1.8064	0.4686	0.7841
109.7280	169.1479	650.4569	389.6731	1.8020	0.4686	0.7822
109.8804	167.8474	650.4569	412.1041	1.8160	0.4686	0.7396
110.0328	167.4057	650.4569	410.8611	1.8207	0.4686	0.7419
110.1852	166.9640	650.4569	407.0432	1.8256	0.4686	0.7488
110.3376	166.5223	650.4569	410.1227	1.8304	0.4686	0.7432
110.4900	166.0806	650.4569	408.1480	1.8353	0.4686	0.7468
110.6424	165.6389	650.4569	412.5615	1.8402	0.4686	0.7388
110.7948	165.1973	650.4569	385.0665	1.8451	0.4686	0.7916
110.9472	164.7556	650.4569	383.5565	1.8500	0.4686	0.7947
111.0996	166.3795	650.4569	375.6326	1.8320	0.4686	0.8114
111.2520	167.8276	656.0144	379.9308	1.8162	0.4646	0.8023
111.4044	169.2711	474.3514	361.5927	1.8007	0.6426	0.8429
111.5568	170.7146	423.1105	377.6241	1.7855	0.7204	0.8072
111.7092	172.1555	423.1105	389.0029	1.7705	0.7204	0.7836
111.8616	173.5970	423.3504	390.7016	1.7558	0.7200	0.7801
112.0140	175.0405	423.9200	391.6216	1.7413	0.7190	0.7783
112.1664	176.4886	424.4597	390.0855	1.7270	0.7181	0.7814
112.3188	177.9321	424.4597	386.9255	1.7130	0.7181	0.7878
112.4712	179.3710	424.4597	384.2813	1.6993	0.7181	0.7932
112.6236	180.9949	424.4597	382.2864	1.6840	0.7181	0.7973
112.7760	182.6189	647.2709	375.6936	1.6691	0.4709	0.8113
112.9284	180.1609	648.0926	383.5252	1.6918	0.4703	0.7947
113.0808	176.7124	647.2709	380.0555	1.7249	0.4709	0.8020
113.2332	175.2448	647.2709	377.3799	1.7393	0.4709	0.8077
113.3856	172.7868	647.2709	373.1184	1.7640	0.4709	0.8169
113.5380	172.5989	690.7106	374.9208	1.7660	0.4413	0.8130
113.6904	172.4111	690.7106	374.3786	1.7679	0.4413	0.8142
113.8428	172.2435	690.7106	390.7209	1.7696	0.4413	0.7801
113.9952	172.0765	699.4532	402.7333	1.7713	0.4358	0.7568
114.1476	171.9095	709.4083	395.5579	1.7730	0.4297	0.7706
114.3000	171.7425	713.1096	393.6771	1.7748	0.4274	0.7742
114.4524	171.5755	713.6395	394.4995	1.7765	0.4271	0.7726
114.6048	172.7456	706.5540	397.2180	1.7645	0.4314	0.7673
114.7572	174.3439	693.4359	401.7132	1.7483	0.4396	0.7588
114.9096	171.1922	701.2440	386.1519	1.7805	0.4347	0.7893
115.0620	171.9408	701.2440	395.6376	1.7727	0.4347	0.7704
115.2144	172.7856	701.2440	391.3393	1.7641	0.4347	0.7789
115.3668	173.6304	700.3543	385.8804	1.7555	0.4352	0.7899
115.5192	170.4373	687.5872	384.3606	1.7884	0.4433	0.7930
115.6716	-999.2500	658.2432	384.2298	-999.2500	0.4631	0.7933
115.8240	-999.2500	658.2432	335.4786	-999.2500	0.4631	0.9086
115.9764	-999.2500	658.2432	333.7968	-999.2500	0.4631	0.9131
116.1288	-999.2500	658.2432	328.0020	-999.2500	0.4631	0.9293
116.2812	-999.2500	658.2432	334.7421	-999.2500	0.4631	0.9106
116.4336	-999.2500	658.1820	335.8272	-999.2500	0.4631	0.9076
116.5860	-999.2500	657.8253	330.0117	-999.2500	0.4634	0.9236
116.7384	-999.2500	657.6749	326.2950	-999.2500	0.4635	0.9341
116.8908	-999.2500	657.4772	324.3542	-999.2500	0.4636	0.9397
117.0432	-999.2500	657.4772	320.5124	-999.2500	0.4636	0.9510
117.1956	-999.2500	657.4772	236.7203	-999.2500	0.4636	1.2876
117.3480	-999.2500	657.4772	186.3133	-999.2500	0.4636	1.6360
117.5004	-999.2500	658.2432	186.3133	-999.2500	0.4631	1.6360
117.6528	-999.2500	658.2432	190.5876	-999.2500	0.4631	1.5993
117.8052	-999.2500	657.8253	190.5876	-999.2500	0.4634	1.5993
117.9576	-999.2500	657.1290	190.5876	-999.2500	0.4638	1.5993
118.1100	184.3618	657.1290	190.5876	1.6533	0.4638	1.5993
118.2624	180.6958	657.1290	191.1952	1.6868	0.4638	1.5942
118.4148	180.5623	657.4772	191.1952	1.6881	0.4636	1.5942
118.5672	180.5533	657.4772	191.1952	1.6882	0.4636	1.5942
118.7196	180.3290	657.1677	190.6604	1.6903	0.4638	1.5987
118.8720	179.5787	657.1290	190.8892	1.6973	0.4638	1.5968
119.0244	179.6956	657.1290	191.4960	1.6962	0.4638	1.5917
119.1768	179.5530	657.1290	191.7545	1.6976	0.4638	1.5896
119.3292	179.0755	672.9269	189.8135	1.7021	0.4530	1.6058
119.4816	178.5982	692.5486	202.7851	1.7066	0.4401	1.5031
119.6340	178.1199	695.1744	232.8874	1.7112	0.4385	1.3088
119.7864	177.6418	685.8975	230.5546	1.7158	0.4444	1.3220
119.9388	177.1635	538.1585	230.4372	1.7205	0.5664	1.3227
120.0912	176.6256	538.4435	247.4634	1.7257	0.5661	1.2317
120.2436	176.0876	538.4435	264.3575	1.7310	0.5661	1.1530
120.3960	175.5496	580.6943	298.2779	1.7363	0.5249	1.0219
120.5484	175.1989	580.6943	383.6375	1.7398	0.5249	0.7945
120.7008	171.3859	581.4321	390.8995	1.7785	0.5242	0.7797
120.8532	168.9746	581.4321	387.0362	1.8038	0.5242	0.7875
121.0056	169.0495	581.4321	212.5550	1.8030	0.5242	1.4340
121.1580	172.8598	581.4321	210.5107	1.7633	0.5242	1.4479
121.3104	172.3218	581.4321	208.4664	1.7688	0.5242	1.4621
121.4628	173.2012	581.4321	208.3068	1.7598	0.5242	1.4632
121.6152	169.3799	581.4321	215.7953	1.7995	0.5242	1.4125
121.7676	175.6320	581.8009	206.2126	1.7355	0.5239	1.4781
121.9200	175.8395	582.1697	203.8557	1.7334	0.5236	1.4952
122.0724	176.7189	582.1697	225.1745	1.7248	0.5236	1.3536
122.2248	177.5983	582.1697	226.0942	1.7163	0.5236	1.3481
122.3772	178.4777	568.5954	226.7005	1.7078	0.5361	1.3445
122.5296	179.4823	585.5924	223.0313	1.6982	0.5205	1.3666
122.6820	180.4846	688.0101	233.3379	1.6888	0.4430	1.3063
122.8344	181.4929	687.8233	253.8996	1.6794	0.4431	1.2005
122.9868	182.4980	687.5742	300.6758	1.6702	0.4433	1.0137
123.1392	183.5030	687.5742	315.3734	1.6610	0.4433	0.9665
123.2916	184.5081	688.3215	317.3315	1.6520	0.4428	0.9605
123.4440	184.1520	688.4460	311.9007	1.6552	0.4427	0.9772
123.5964	183.4623	688.0101	311.1369	1.6614	0.4430	0.9796
123.7488	182.7731	688.0101	359.2617	1.6677	0.4430	0.8484
123.9012	182.0850	688.0101	378.7583	1.6740	0.4430	0.8047
124.0536	181.3952	687.7626	371.3065	1.6803	0.4432	0.8209
124.2060	177.4876	687.5742	404.0050	1.7173	0.4433	0.7545
124.3584	179.3704	687.5742	321.0553	1.6993	0.4433	0.9494
124.5108	179.3238	687.1383	193.6539	1.6997	0.4436	1.5740
124.6632	178.6341	691.8032	191.0752	1.7063	0.4406	1.5952
124.8156	177.9450	690.3843	194.2041	1.7129	0.4415	1.5695
124.9680	177.2568	696.8621	194.0073	1.7196	0.4374	1.5711
125.1204	175.1814	710.4598	196.4881	1.7399	0.4290	1.5513
125.2728	175.1711	721.0699	192.6356	1.7400	0.4227	1.5823
125.4252	175.6721	724.1010	186.1228	1.7351	0.4209	1.6376
125.5776	175.6417	724.6257	187.0925	1.7354	0.4206	1.6292
125.7300	178.2718	724.6257	185.9619	1.7098	0.4206	1.6391
125.8824	180.9018	702.3589	185.4509	1.6849	0.4340	1.6436
126.0348	182.7374	646.6920	183.5084	1.6680	0.4713	1.6610
126.1872	182.0859	646.6920	184.4880	1.6740	0.4713	1.6522
126.3396	180.2713	676.2245	182.4985	1.6908	0.4507	1.6702
126.4920	178.4568	723.4767	189.8677	1.7080	0.4213	1.6053
126.6444	177.7164	729.3832	180.3165	1.7151	0.4179	1.6904
126.7968	175.3538	697.9062	185.0431	1.7382	0.4367	1.6472
126.9492	173.1105	514.5527	199.3061	1.7607	0.5924	1.5293
127.1016	170.1738	514.5527	231.5778	1.7911	0.5924	1.3162
127.2540	169.1214	514.5527	222.1895	1.8023	0.5924	1.3718
127.4064	166.5700	514.7858	220.9500	1.8299	0.5921	1.3795
127.5588	164.4042	514.5994	218.9668	1.8540	0.5923	1.3920
127.7112	164.2953	514.5527	208.0822	1.8552	0.5924	1.4648
127.8636	171.0110	514.3196	211.9970	1.7824	0.5926	1.4378
128.0160	170.5782	515.1224	203.3385	1.7869	0.5917	1.4990
128.1684	171.2121	514.9170	209.9636	1.7803	0.5919	1.4517
128.3208	171.6671	575.8401	218.9585	1.7756	0.5293	1.3921
128.4732	172.8083	698.3506	215.6540	1.7638	0.4365	1.4134
128.6256	176.3771	683.7401	212.7227	1.7281	0.4458	1.4329
128.7780	178.6883	726.4897	210.4959	1.7058	0.4196	1.4480
128.9304	180.3595	732.2544	183.0891	1.6900	0.4163	1.6648
129.0828	180.7730	732.2544	196.0054	1.6861	0.4163	1.5551
129.2352	180.4751	732.2544	189.1004	1.6889	0.4163	1.6119
129.3876	180.1771	650.4783	193.0421	1.6917	0.4686	1.5789
129.5400	179.8792	650.4783	192.2932	1.6945	0.4686	1.5851
129.6924	179.5812	712.8843	182.8206	1.6973	0.4276	1.6672
129.8448	179.2833	712.7323	182.8206	1.7001	0.4277	1.6672
129.9972	178.9853	713.1839	203.1622	1.7030	0.4274	1.5003
130.1496	178.6874	713.1839	203.1622	1.7058	0.4274	1.5003
130.3020	178.3894	713.1839	203.1622	1.7086	0.4274	1.5003
130.4544	178.8106	713.1839	190.4514	1.7046	0.4274	1.6004
130.6068	179.2318	713.1839	187.1872	1.7006	0.4274	1.6283
130.7592	175.4292	713.1839	187.1872	1.7375	0.4274	1.6283
130.9116	180.0742	713.1839	187.1872	1.6927	0.4274	1.6283
131.0640	180.4954	713.6354	204.2260	1.6887	0.4271	1.4925
131.2164	180.9166	713.6354	200.6976	1.6848	0.4271	1.5187
131.3688	180.8555	681.1853	203.8661	1.6853	0.4475	1.4951
131.5212	181.5546	648.7352	211.5113	1.6789	0.4698	1.4411
131.6736	180.7055	649.5563	192.3125	1.6867	0.4692	1.5849
131.8260	179.8564	649.5563	185.8449	1.6947	0.4692	1.6401
131.9784	181.1200	649.5563	193.9044	1.6829	0.4692	1.5719
132.1308	178.1255	649.1458	193.7642	1.7112	0.4695	1.5731
132.2832	176.6033	714.3677	187.8268	1.7259	0.4267	1.6228
132.4356	173.5929	730.8574	190.5444	1.7559	0.4170	1.5996
132.5880	173.0268	732.5091	190.2404	1.7616	0.4161	1.6022
132.7404	172.2387	732.3481	194.4395	1.7697	0.4162	1.5676
132.8928	171.0174	732.2466	189.9916	1.7823	0.4163	1.6043
133.0452	169.5782	732.2466	186.0155	1.7974	0.4163	1.6386
133.1976	169.0946	732.0400	183.0936	1.8026	0.4164	1.6647
133.3500	169.5482	731.7834	182.3708	1.7977	0.4165	1.6713
133.5024	169.3558	723.2010	185.7960	1.7998	0.4215	1.6405
133.6548	167.7930	689.4499	185.7300	1.8165	0.4421	1.6411
133.8072	167.9138	656.6765	185.2156	1.8152	0.4642	1.6457
133.9596	175.5392	633.3954	183.6932	1.7364	0.4812	1.6593
134.1120	177.3067	700.8221	180.9823	1.7191	0.4349	1.6842
134.2644	177.2498	720.6141	182.6567	1.7196	0.4230	1.6687
134.4168	177.0319	720.4619	182.2464	1.7217	0.4231	1.6725
134.5692	177.1440	684.5965	181.4870	1.7207	0.4452	1.6795
134.7216	177.4892	626.8065	188.3809	1.7173	0.4863	1.6180
134.8740	177.8334	593.6397	200.8160	1.7140	0.5134	1.5178
135.0264	178.1775	556.3040	200.8160	1.7107	0.5479	1.5178
135.1788	178.5217	489.7862	200.8160	1.7074	0.6223	1.5178
135.3312	178.9088	489.4756	204.5689	1.7037	0.6227	1.4900
135.4836	179.2960	474.1488	233.0536	1.7000	0.6428	1.3079
135.6360	179.6832	464.1328	233.0536	1.6963	0.6567	1.3079
135.7884	180.0703	713.7174	233.0536	1.6927	0.4271	1.3079
135.9408	180.4575	713.2646	233.0536	1.6891	0.4273	1.3079
136.0932	180.8447	713.7174	183.4888	1.6854	0.4271	1.6612
136.2456	179.7511	713.7174	188.9916	1.6957	0.4271	1.6128
136.3980	170.4857	692.6575	191.9534	1.7879	0.4400	1.5879
136.5504	155.6480	692.6575	184.3839	1.9583	0.4400	1.6531
136.7028	155.6158	695.6175	187.5179	1.9587	0.4382	1.6255
136.8552	155.3130	694.7592	186.5318	1.9625	0.4387	1.6341
137.0076	160.4596	689.1429	185.3764	1.8996	0.4423	1.6442
137.1600	165.6062	598.8691	180.0732	1.8405	0.5090	1.6927
137.3124	165.6566	609.2747	186.9160	1.8400	0.5003	1.6307
137.4648	165.7069	628.7830	180.2381	1.8394	0.4848	1.6911
137.6172	168.2978	625.9755	182.1768	1.8111	0.4869	1.6731
137.7696	168.6648	661.3470	182.1768	1.8072	0.4609	1.6731
137.9220	168.6827	691.9165	182.1768	1.8070	0.4405	1.6731
138.0744	172.9138	672.0477	212.7039	1.7627	0.4535	1.4330
138.2268	177.1450	672.0477	212.7039	1.7206	0.4535	1.4330
138.3792	174.8860	672.0477	212.7039	1.7429	0.4535	1.4330
138.5316	173.7474	671.1978	209.9124	1.7543	0.4541	1.4521
138.6840	173.6770	671.1978	215.7385	1.7550	0.4541	1.4128
138.8364	178.9874	670.7728	199.6890	1.7029	0.4544	1.5264
138.9888	175.0853	674.6797	182.3587	1.7409	0.4518	1.6715
139.1412	175.1696	674.6797	190.6409	1.7400	0.4518	1.5988
139.2936	175.4268	659.1044	193.2327	1.7375	0.4625	1.5774
139.4460	177.9312	666.2718	183.4997	1.7130	0.4575	1.6611
139.5984	178.6971	655.2631	203.6094	1.7057	0.4652	1.4970
139.7508	178.7961	667.6646	202.7142	1.7048	0.4565	1.5036
139.9032	178.8759	644.0587	204.0581	1.7040	0.4733	1.4937
140.0556	179.4204	632.4401	206.1812	1.6988	0.4819	1.4783
140.2080	178.3178	596.7933	206.1812	1.7093	0.5107	1.4783
140.3604	178.1362	707.1339	191.8042	1.7111	0.4310	1.5891
140.5128	178.7052	707.1339	197.4136	1.7056	0.4310	1.5440
140.6652	177.0558	707.1339	190.6607	1.7215	0.4310	1.5987
140.8176	180.4580	706.6870	186.0740	1.6891	0.4313	1.6381
140.9700	180.9308	706.2401	191.2612	1.6846	0.4316	1.5937
141.1224	183.1505	705.7932	188.1086	1.6642	0.4319	1.6204
141.2748	183.7644	705.7932	186.8385	1.6587	0.4319	1.6314
141.4272	184.6412	705.7932	192.4396	1.6508	0.4319	1.5839
141.5796	184.1956	705.7932	192.6161	1.6548	0.4319	1.5824
141.7320	184.1803	705.3463	192.4269	1.6549	0.4321	1.5840
141.8844	184.2224	706.2401	192.9252	1.6545	0.4316	1.5799
142.0368	184.3878	706.2401	192.8539	1.6531	0.4316	1.5805
142.1892	178.5056	706.4782	192.5193	1.7075	0.4314	1.5832
142.3416	178.4626	706.7164	190.8113	1.7079	0.4313	1.5974
142.4940	180.6495	706.8527	191.7283	1.6873	0.4312	1.5898
142.6464	181.5901	706.2523	189.8033	1.6785	0.4316	1.6059
142.7988	182.5308	705.3524	183.8799	1.6699	0.4321	1.6576
142.9512	182.4564	704.9001	190.7383	1.6706	0.4324	1.5980
143.1036	182.7315	703.9954	186.3665	1.6680	0.4330	1.6355
143.2560	180.8867	703.1028	188.6122	1.6851	0.4335	1.6160
143.4084	179.0419	702.6564	191.8627	1.7024	0.4338	1.5887
143.5608	177.1970	721.4456	188.8760	1.7201	0.4225	1.6138
143.7132	177.0159	720.0068	186.2406	1.7219	0.4233	1.6366
143.8656	176.9352	719.1936	187.4941	1.7227	0.4238	1.6257
144.0180	176.9422	728.8304	189.1864	1.7226	0.4182	1.6111
144.1704	176.0005	663.1638	185.1930	1.7318	0.4596	1.6459
144.3228	175.0589	642.9009	192.5490	1.7411	0.4741	1.5830
144.4752	175.0485	637.1763	202.1546	1.7413	0.4784	1.5078
144.6276	175.5908	624.1793	198.6746	1.7359	0.4883	1.5342
144.7800	175.4948	598.4818	188.5879	1.7368	0.5093	1.6162
144.9324	175.4666	602.0276	191.8939	1.7371	0.5063	1.5884
145.0848	175.0224	604.0633	196.8129	1.7415	0.5046	1.5487
145.2372	173.2927	655.6663	190.3341	1.7589	0.4649	1.6014
145.3896	174.4867	670.7639	189.1621	1.7469	0.4544	1.6113
145.5420	174.6679	716.2802	191.0918	1.7450	0.4255	1.5951
145.6944	174.7271	723.2872	198.2809	1.7445	0.4214	1.5372
145.8468	174.7477	723.5261	196.6817	1.7443	0.4213	1.5497
145.9992	174.7437	724.7450	197.7786	1.7443	0.4206	1.5411
146.1516	176.0525	732.5093	196.2904	1.7313	0.4161	1.5528
146.3040	177.3613	625.0907	184.9904	1.7185	0.4876	1.6477
146.4564	178.6702	625.0907	186.9703	1.7060	0.4876	1.6302
146.6088	179.9790	625.0907	187.0333	1.6936	0.4876	1.6297
146.7612	181.2878	625.0907	187.6514	1.6813	0.4876	1.6243
146.9136	182.5966	625.4872	186.8203	1.6693	0.4873	1.6315
147.0660	187.3171	625.4872	195.8389	1.6272	0.4873	1.5564
147.2184	184.0299	625.4872	247.0431	1.6563	0.4873	1.2338
147.3708	184.7466	625.4872	247.0431	1.6498	0.4873	1.2338
147.5232	185.4632	625.4872	188.3921	1.6435	0.4873	1.6179
147.6756	186.1799	625.8838	188.3921	1.6371	0.4870	1.6179
147.8280	186.8965	625.4872	188.3921	1.6309	0.4873	1.6179
147.9804	187.6132	625.4872	188.3921	1.6246	0.4873	1.6179
148.1328	187.5577	625.0907	188.3921	1.6251	0.4876	1.6179
148.2852	179.9377	623.6689	185.0460	1.6939	0.4887	1.6472
148.4376	176.1001	616.8712	187.4402	1.7309	0.4941	1.6261
148.5900	178.0218	462.1075	189.1427	1.7122	0.6596	1.6115
148.7424	179.7300	497.7140	190.6560	1.6959	0.6124	1.5987
148.8948	185.9177	505.9945	193.4934	1.6395	0.6024	1.5753
149.0472	187.4286	487.4226	186.6911	1.6262	0.6253	1.6327
149.1996	187.4454	511.6997	182.9116	1.6261	0.5957	1.6664
149.3520	187.6285	540.5394	185.3012	1.6245	0.5639	1.6449
149.5044	187.8119	536.2505	188.5974	1.6229	0.5684	1.6162
149.6568	187.7421	520.0746	190.3082	1.6235	0.5861	1.6016
149.8092	186.9126	508.2766	194.3584	1.6307	0.5997	1.5683
149.9616	186.0831	508.2766	196.1718	1.6380	0.5997	1.5538
150.1140	185.1499	508.2766	195.1966	1.6463	0.5997	1.5615
150.2664	184.2167	508.2766	192.1637	1.6546	0.5997	1.5862
150.4188	183.2835	508.2766	207.5470	1.6630	0.5997	1.4686
150.5712	182.3503	507.9541	198.2666	1.6715	0.6001	1.5373
150.7236	181.4171	514.4529	193.6320	1.6801	0.5925	1.5741
150.8760	180.4839	520.0786	198.1945	1.6888	0.5861	1.5379
151.0284	178.8894	521.0697	193.8647	1.7039	0.5850	1.5722
151.1808	176.5048	520.3469	193.8742	1.7269	0.5858	1.5722
151.3332	176.5844	508.2779	196.3613	1.7261	0.5997	1.5523
151.4856	177.5373	595.0763	187.1071	1.7168	0.5122	1.6290
151.6380	178.0535	594.3428	190.5688	1.7119	0.5128	1.5994
151.7904	178.4368	593.9857	197.3367	1.7082	0.5131	1.5446
151.9428	179.2473	592.5177	189.7058	1.7005	0.5144	1.6067
152.0952	180.0579	515.6365	191.2546	1.6928	0.5911	1.5937
152.2476	180.8684	515.6365	187.1371	1.6852	0.5911	1.6288
152.4000	177.4510	515.6365	191.6151	1.7177	0.5911	1.5907
152.5524	174.0337	515.6365	186.9059	1.7514	0.5911	1.6308
152.7048	173.4179	481.5216	201.5979	1.7576	0.6330	1.5119
152.8572	172.5423	481.4293	190.9689	1.7665	0.6331	1.5961
153.0096	174.7646	702.5635	197.4006	1.7441	0.4338	1.5441
153.1620	176.9869	702.5635	199.0003	1.7222	0.4338	1.5317
153.3144	173.0936	712.4233	198.2445	1.7609	0.4278	1.5375
153.4668	174.2832	687.8148	197.1424	1.7489	0.4431	1.5461
153.6192	174.2286	668.2333	190.6253	1.7494	0.4561	1.5990
153.7716	174.2026	659.5768	187.9210	1.7497	0.4621	1.6220
153.9240	176.9944	663.0491	188.2924	1.7221	0.4597	1.6188
154.0764	179.7862	691.7769	186.2567	1.6954	0.4406	1.6365
154.2288	182.5779	720.5046	184.9379	1.6694	0.4230	1.6481
154.3812	185.3697	648.8160	185.0827	1.6443	0.4698	1.6469
154.5336	181.7246	723.1071	191.7997	1.6773	0.4215	1.5892
154.6860	178.9812	723.5646	192.7112	1.7030	0.4213	1.5817
154.8384	177.6312	723.5646	191.3837	1.7159	0.4213	1.5926
154.9908	176.3149	722.0902	198.9886	1.7287	0.4221	1.5318
155.1432	175.6830	514.7539	190.3132	1.7350	0.5921	1.6016
155.2956	179.4220	514.7539	187.3147	1.6988	0.5921	1.6272
155.4480	180.0317	488.1778	196.2438	1.6931	0.6244	1.5532
155.6004	174.3630	485.7476	188.2221	1.7481	0.6275	1.6194
155.7528	173.5022	525.7371	188.2221	1.7568	0.5798	1.6194
155.9052	173.4857	521.0775	185.1865	1.7569	0.5849	1.6459
156.0576	172.6005	519.0508	204.0954	1.7659	0.5872	1.4934
156.2100	165.4294	570.5787	204.0954	1.8425	0.5342	1.4934
156.3624	165.5067	606.7177	217.0151	1.8416	0.5024	1.4045
156.5148	168.4084	608.8865	218.6175	1.8099	0.5006	1.3942
156.6672	177.9538	644.0109	212.4998	1.7128	0.4733	1.4344
156.8196	177.6976	679.3265	185.7949	1.7153	0.4487	1.6405
156.9720	177.6736	679.9295	185.7642	1.7155	0.4483	1.6408
157.1244	177.5835	679.5315	189.3062	1.7164	0.4485	1.6101
157.2768	175.6652	694.2851	204.7994	1.7351	0.4390	1.4883
157.4292	173.6671	682.9842	196.6076	1.7551	0.4463	1.5503
157.5816	172.7132	679.9023	239.0801	1.7648	0.4483	1.2749
157.7340	173.4638	659.8056	227.6726	1.7572	0.4620	1.3388
157.8864	174.2143	676.2661	227.7822	1.7496	0.4507	1.3381
158.0388	170.3665	678.2570	207.9255	1.7891	0.4494	1.4659
158.1912	175.7155	725.5344	194.0892	1.7346	0.4201	1.5704
158.3436	176.4660	716.8322	190.9775	1.7273	0.4252	1.5960
158.4960	177.2166	717.0626	189.4370	1.7200	0.4251	1.6090
158.6484	177.9672	678.1964	182.0014	1.7127	0.4494	1.6747
158.8008	170.0775	630.8600	196.2561	1.7921	0.4832	1.5531
158.9532	172.4330	582.7249	192.2790	1.7677	0.5231	1.5852
159.1056	170.5482	582.7249	196.6533	1.7872	0.5231	1.5500
159.2580	171.0453	571.7537	194.7450	1.7820	0.5331	1.5651
159.4104	168.1282	583.6359	192.5057	1.8129	0.5222	1.5833
159.5628	171.7834	556.9647	187.8348	1.7743	0.5473	1.6227
159.7152	172.5368	541.8134	187.5371	1.7666	0.5626	1.6253
159.8676	173.0340	541.8134	185.4208	1.7615	0.5626	1.6438
160.0200	169.2124	541.8134	185.4208	1.8013	0.5626	1.6438
160.1724	174.0283	540.5263	189.2589	1.7515	0.5639	1.6105
160.3248	174.5255	724.1826	187.9944	1.7465	0.4209	1.6213
160.4772	175.0226	722.3537	187.9944	1.7415	0.4220	1.6213
160.6296	175.5198	730.9316	199.5517	1.7366	0.4170	1.5274
160.7820	176.0169	720.5206	197.4478	1.7317	0.4230	1.5437
160.9344	176.5141	718.2324	218.9970	1.7268	0.4244	1.3918
161.0868	176.8582	705.9958	221.6797	1.7234	0.4317	1.3750
161.2392	176.8341	706.5748	227.6888	1.7237	0.4314	1.3387
161.3916	176.8254	709.0684	227.4542	1.7238	0.4299	1.3401
161.5440	176.9016	705.6985	216.1967	1.7230	0.4319	1.4098
161.6964	176.7598	710.5214	219.3964	1.7244	0.4290	1.3893
161.8488	177.0847	661.3168	218.6084	1.7212	0.4609	1.3943
162.0012	176.5597	683.6320	213.2187	1.7263	0.4459	1.4295
162.1536	176.2755	685.6467	214.9409	1.7291	0.4445	1.4181
162.3060	176.1288	685.4104	224.1237	1.7306	0.4447	1.3600
162.4584	175.4494	670.5083	216.8094	1.7373	0.4546	1.4059
162.6108	176.3206	690.1531	223.9004	1.7287	0.4416	1.3613
162.7632	177.3150	700.8888	225.7914	1.7190	0.4349	1.3499
162.9156	177.8311	698.0637	219.1155	1.7140	0.4366	1.3911
163.0680	178.3880	688.3659	222.2827	1.7087	0.4428	1.3712
163.2204	179.5626	675.7444	239.4495	1.6975	0.4511	1.2729
163.3728	180.9492	678.5022	239.4267	1.6845	0.4492	1.2731
163.5252	180.3766	656.0218	239.4039	1.6898	0.4646	1.2732
163.6776	178.4966	633.3152	239.4450	1.7076	0.4813	1.2730
163.8300	177.7921	604.0500	241.1256	1.7144	0.5046	1.2641
163.9824	176.9769	596.5895	237.9393	1.7223	0.5109	1.2810
164.1348	175.6529	585.0281	224.4458	1.7353	0.5210	1.3580
164.2872	175.3574	579.6113	229.4073	1.7382	0.5259	1.3287
164.4396	175.3308	578.1888	233.2922	1.7384	0.5272	1.3065
164.5920	175.9015	623.5487	215.9192	1.7328	0.4888	1.4117
164.7444	180.1599	667.0551	220.4784	1.6919	0.4569	1.3825
164.8968	180.4641	677.6326	212.6373	1.6890	0.4498	1.4334
165.0492	180.2035	678.6774	212.4409	1.6914	0.4491	1.4348
165.2016	179.9425	677.4293	218.5544	1.6939	0.4499	1.3946
165.3540	179.6823	676.7585	224.0648	1.6963	0.4504	1.3603
165.5064	179.4217	664.6395	224.2099	1.6988	0.4586	1.3595
165.6588	179.1610	652.0911	222.8268	1.7013	0.4674	1.3679
165.8112	178.9004	696.3273	231.4201	1.7038	0.4377	1.3171
165.9636	178.6398	712.1149	240.4320	1.7062	0.4280	1.2677
166.1160	178.3297	702.9857	224.6028	1.7092	0.4336	1.3571
166.2684	178.0630	670.4185	228.4678	1.7118	0.4546	1.3341
166.4208	178.1407	659.6428	217.3997	1.7110	0.4621	1.4020
166.5732	178.2798	650.3322	225.5230	1.7097	0.4687	1.3515
166.7256	178.7571	664.3087	203.5152	1.7051	0.4588	1.4977
166.8780	179.1898	689.6276	204.8924	1.7010	0.4420	1.4876
167.0304	179.3951	694.0744	199.0878	1.6991	0.4392	1.5310
167.1828	179.3859	698.0150	198.4742	1.6992	0.4367	1.5357
167.3352	179.3989	683.6501	199.3675	1.6990	0.4458	1.5289
167.4876	179.2165	654.8260	212.0632	1.7008	0.4655	1.4373
167.6400	179.1129	608.1024	211.3404	1.7017	0.5012	1.4422
167.7924	178.5849	597.8126	213.5640	1.7068	0.5099	1.4272
167.9448	178.2441	590.3450	218.4024	1.7100	0.5163	1.3956
168.0972	178.1623	599.5466	212.3207	1.7108	0.5084	1.4356
168.2496	178.1337	604.9534	203.5315	1.7111	0.5038	1.4976
168.4020	177.9867	604.3944	210.3038	1.7125	0.5043	1.4493
168.5544	179.2425	672.0875	257.1370	1.7005	0.4535	1.1854
168.7068	178.4104	677.2123	244.1190	1.7084	0.4501	1.2486
168.8592	178.3863	683.9639	245.8716	1.7087	0.4456	1.2397
169.0116	178.3087	689.5745	239.3721	1.7094	0.4420	1.2733
169.1640	178.3081	686.9429	235.3321	1.7094	0.4437	1.2952
169.3164	178.4648	686.4205	240.4898	1.7079	0.4440	1.2674
169.4688	178.4189	692.0059	242.7161	1.7084	0.4405	1.2558
169.6212	177.3771	707.1599	234.0541	1.7184	0.4310	1.3023
169.7736	176.3336	714.4233	217.1249	1.7286	0.4266	1.4038
169.9260	175.2882	713.0050	216.2993	1.7389	0.4275	1.4092
170.0784	174.2429	707.7853	210.9516	1.7493	0.4306	1.4449
170.2308	173.1975	691.0131	208.8808	1.7599	0.4411	1.4592
170.3832	172.8640	691.1852	207.3861	1.7633	0.4410	1.4697
170.5356	172.8148	710.7511	210.9539	1.7638	0.4288	1.4449
170.6880	172.7656	719.2930	209.5594	1.7643	0.4238	1.4545
170.8404	171.5497	713.4635	205.8784	1.7768	0.4272	1.4805
170.9928	171.2474	706.9267	208.8104	1.7799	0.4312	1.4597
171.1452	171.0045	714.2383	231.7278	1.7824	0.4268	1.3154
171.2976	170.7610	698.5842	237.8845	1.7850	0.4363	1.2813
171.4500	170.2303	687.1544	251.7264	1.7905	0.4436	1.2109
171.6024	168.7139	684.7352	242.1958	1.8066	0.4451	1.2585
171.7548	168.1038	674.9003	231.4898	1.8132	0.4516	1.3167
171.9072	168.8638	685.4247	227.1631	1.8050	0.4447	1.3418
172.0596	173.8994	698.0176	211.2622	1.7528	0.4367	1.4428
172.2120	180.5567	698.5948	205.4471	1.6881	0.4363	1.4836
172.3644	185.9034	667.4946	210.7354	1.6396	0.4566	1.4464
172.5168	186.0609	659.0447	207.6475	1.6382	0.4625	1.4679
172.6692	183.0884	696.6072	208.3339	1.6648	0.4376	1.4631
172.8216	181.8680	708.3651	197.5132	1.6760	0.4303	1.5432
172.9740	181.2309	705.8662	210.9487	1.6819	0.4318	1.4449
173.1264	180.5933	705.0925	196.1678	1.6878	0.4323	1.5538
173.2788	179.9580	702.7455	198.8786	1.6937	0.4337	1.5326
173.4312	179.4215	702.4106	209.1693	1.6988	0.4339	1.4572
173.5836	178.8837	702.6712	210.3237	1.7039	0.4338	1.4492
173.7360	178.3469	702.7455	209.8511	1.7090	0.4337	1.4525
173.8884	177.8104	702.7455	202.0197	1.7142	0.4337	1.5088
174.0408	177.2731	702.7455	203.1314	1.7194	0.4337	1.5005
174.1932	176.7358	694.4874	204.6008	1.7246	0.4389	1.4897
174.3456	176.3822	681.3903	194.7571	1.7281	0.4473	1.5650
174.4980	176.4022	673.3292	187.7735	1.7279	0.4527	1.6233
174.6504	176.4349	647.0146	185.4359	1.7276	0.4711	1.6437
174.8028	176.3557	636.2062	187.2517	1.7283	0.4791	1.6278
174.9552	176.2763	661.4033	210.9638	1.7291	0.4608	1.4448
175.1076	176.2423	668.2938	198.7929	1.7295	0.4561	1.5333
175.2600	176.1979	672.7485	200.2899	1.7299	0.4531	1.5218
175.4124	182.7814	690.2420	210.7930	1.6676	0.4416	1.4460
175.5648	186.6089	709.6116	223.5312	1.6334	0.4295	1.3636
175.7172	185.5557	719.3988	230.7346	1.6427	0.4237	1.3210
175.8696	184.5075	721.2219	230.7346	1.6520	0.4226	1.3210
176.0220	183.4586	721.5060	230.7346	1.6614	0.4225	1.3210
176.1744	182.4077	720.8505	230.7346	1.6710	0.4228	1.3210
176.3268	181.3629	718.1518	230.7346	1.6806	0.4244	1.3210
176.4792	180.3144	702.9643	230.7346	1.6904	0.4336	1.3210
176.6316	179.2638	697.4311	421.4585	1.7003	0.4370	0.7232
176.7840	178.2149	703.2609	468.9674	1.7103	0.4334	0.6499
176.9364	177.1667	698.6020	586.6191	1.7204	0.4363	0.5196
177.0888	176.1135	692.0755	665.2421	1.7307	0.4404	0.4582
177.2412	175.0636	684.8734	665.2421	1.7411	0.4451	0.4582
177.3936	174.2887	676.3190	665.2421	1.7488	0.4507	0.4582
177.5460	174.0522	672.1102	665.2421	1.7512	0.4535	0.4582
177.6984	174.2980	656.0391	665.2421	1.7488	0.4646	0.4582
177.8508	178.2442	656.0391	665.2421	1.7100	0.4646	0.4582
178.0032	178.1278	662.4527	645.6426	1.7112	0.4601	0.4721
178.1556	177.9202	668.6042	625.9929	1.7131	0.4559	0.4869
178.3080	177.2294	679.4996	621.6459	1.7198	0.4486	0.4903
178.4604	174.1891	665.1097	648.5699	1.7498	0.4583	0.4700
178.6128	172.1648	628.5881	688.8275	1.7704	0.4849	0.4425
178.7652	171.9446	609.7121	711.0491	1.7727	0.4999	0.4287
178.9176	171.9004	612.2155	711.0491	1.7731	0.4979	0.4287
179.0700	171.9965	598.8889	711.0491	1.7722	0.5089	0.4287
179.2224	172.7105	593.1958	711.0491	1.7648	0.5138	0.4287
179.3748	175.2019	590.3392	711.0491	1.7397	0.5163	0.4287
179.5272	177.9236	575.7154	720.1130	1.7131	0.5294	0.4233
179.6796	179.1542	633.2231	721.1298	1.7013	0.4814	0.4227
179.8320	179.9641	663.3248	721.1298	1.6937	0.4595	0.4227
179.9844	180.1973	669.3612	721.1298	1.6915	0.4554	0.4227
180.1368	180.4180	668.3773	721.1298	1.6894	0.4560	0.4227
180.2892	182.2113	674.3029	721.1298	1.6728	0.4520	0.4227
180.4416	182.8336	688.7082	721.1298	1.6671	0.4426	0.4227
180.5940	178.7558	702.3897	717.8883	1.7051	0.4340	0.4246
180.7464	177.8067	713.1523	706.7881	1.7142	0.4274	0.4313
180.8988	175.5113	712.9477	721.3520	1.7367	0.4275	0.4225
181.0512	175.5169	710.7139	721.5303	1.7366	0.4289	0.4224
181.2036	176.3348	707.1837	721.5742	1.7286	0.4310	0.4224
181.3560	176.9728	705.3176	737.2313	1.7223	0.4322	0.4134
181.5084	177.1703	705.4658	760.4677	1.7204	0.4321	0.4008
181.6608	177.3674	705.4658	760.4677	1.7185	0.4321	0.4008
181.8132	177.5650	723.3770	760.4677	1.7166	0.4214	0.4008
181.9656	177.7627	727.8549	760.4677	1.7147	0.4188	0.4008
182.1180	177.9603	727.8549	760.4677	1.7128	0.4188	0.4008
182.2704	177.9751	724.8997	760.4677	1.7126	0.4205	0.4008
182.4228	177.4414	713.0789	760.4677	1.7178	0.4274	0.4008
182.5752	176.7743	713.0789	760.4677	1.7243	0.4274	0.4008
182.7276	176.1072	700.4323	760.4677	1.7308	0.4352	0.4008
182.8800	176.1069	695.9500	741.3532	1.7308	0.4380	0.4111
183.0324	177.2146	710.8256	743.8275	1.7200	0.4288	0.4098
183.1848	178.3223	722.3237	713.0200	1.7093	0.4220	0.4275
183.3372	179.4300	711.4880	734.9695	1.6987	0.4284	0.4147
183.4896	180.5377	707.9636	719.6299	1.6883	0.4305	0.4236
183.6420	181.6454	623.9358	752.6744	1.6780	0.4885	0.4050
183.7944	181.7145	623.9358	757.9821	1.6774	0.4885	0.4021
183.9468	181.5428	623.9358	757.7866	1.6790	0.4885	0.4022
184.0992	180.8583	663.2687	757.2977	1.6853	0.4595	0.4025
184.2516	180.2673	722.8808	757.2977	1.6908	0.4217	0.4025
184.4040	178.6915	727.9812	747.6225	1.7058	0.4187	0.4077
184.5564	177.9227	723.6819	743.7524	1.7131	0.4212	0.4098
184.7088	177.7657	720.7259	743.7524	1.7146	0.4229	0.4098
184.8612	177.7381	711.3305	733.9497	1.7149	0.4285	0.4153
185.0136	176.9007	706.8450	724.1470	1.7230	0.4312	0.4209
185.1660	177.4014	710.4525	737.4980	1.7182	0.4290	0.4133
185.3184	176.4534	703.9015	737.4980	1.7274	0.4330	0.4133
185.4708	176.6506	713.5115	737.8043	1.7255	0.4272	0.4131
185.6232	176.6998	716.2979	738.1106	1.7250	0.4255	0.4130
185.7756	176.7572	703.3379	738.7232	1.7244	0.4334	0.4126
185.9280	177.8172	682.1005	727.7665	1.7141	0.4469	0.4188
186.0804	186.7010	683.2269	510.2720	1.6326	0.4461	0.5973
186.2328	186.3403	707.6915	483.0852	1.6357	0.4307	0.6310
186.3852	184.6687	713.1663	483.0852	1.6505	0.4274	0.6310
186.5376	182.9953	712.4451	483.0852	1.6656	0.4278	0.6310
186.6900	182.0507	712.4101	483.0852	1.6743	0.4278	0.6310
186.8424	181.9100	712.4101	569.0726	1.6756	0.4278	0.5356
186.9948	181.8601	712.4101	741.0473	1.6760	0.4278	0.4113
187.1472	181.7679	712.3599	741.0473	1.6769	0.4279	0.4113
187.2996	182.0464	711.9578	741.0473	1.6743	0.4281	0.4113
187.4520	181.3325	712.8623	550.0854	1.6809	0.4276	0.5541
187.6044	182.0730	702.1477	571.2252	1.6741	0.4341	0.5336
187.7568	182.2595	709.0906	571.2252	1.6724	0.4299	0.5336
187.9092	182.5338	704.4995	571.2252	1.6698	0.4327	0.5336
188.0616	183.4485	699.6143	751.2808	1.6615	0.4357	0.4057
188.2140	183.8622	695.5490	751.2808	1.6578	0.4382	0.4057
188.3664	182.0762	687.0543	751.2808	1.6740	0.4436	0.4057
188.5188	180.3753	687.4184	744.0135	1.6898	0.4434	0.4097
188.6712	180.0260	688.6562	744.0135	1.6931	0.4426	0.4097
188.8236	175.4210	688.2193	744.0135	1.7376	0.4429	0.4097
188.9760	182.0291	649.3905	718.1051	1.6745	0.4694	0.4245
189.1284	181.9035	637.0416	683.5328	1.6756	0.4785	0.4459
189.2808	183.5315	614.2324	646.0018	1.6608	0.4962	0.4718
189.4332	181.2165	598.4852	753.0421	1.6820	0.5093	0.4048
189.5856	180.7680	681.6240	753.0421	1.6862	0.4472	0.4048
189.7380	180.2604	719.8099	772.3931	1.6909	0.4235	0.3946
189.8904	180.3537	723.6683	773.3253	1.6900	0.4212	0.3941
190.0428	180.4468	717.5065	776.0667	1.6892	0.4248	0.3928
190.1952	180.4095	712.6576	768.9361	1.6895	0.4277	0.3964
190.3476	180.3575	713.2688	768.9361	1.6900	0.4273	0.3964
190.5000	180.5413	692.3898	750.1138	1.6883	0.4402	0.4063
190.6524	180.6877	700.1938	742.1816	1.6869	0.4353	0.4107
190.8048	182.1834	702.8911	741.6439	1.6731	0.4336	0.4110
190.9572	182.2024	703.9438	736.2363	1.6729	0.4330	0.4140
191.1096	182.0934	703.4844	713.5685	1.6739	0.4333	0.4272
191.2620	182.0390	697.6870	714.1948	1.6744	0.4369	0.4268
191.4144	181.5349	691.8943	714.8212	1.6790	0.4405	0.4264
191.5668	180.9489	699.4592	716.0739	1.6845	0.4358	0.4257
191.7192	179.5517	701.2314	716.0739	1.6976	0.4347	0.4257
191.8716	179.2564	641.7722	741.4104	1.7004	0.4749	0.4111
192.0240	179.1160	704.7626	741.4104	1.7017	0.4325	0.4111
192.1764	178.7288	709.4360	741.4104	1.7054	0.4296	0.4111
192.3288	179.1183	682.2380	704.9138	1.7017	0.4468	0.4324
192.4812	179.7777	702.5044	704.9138	1.6954	0.4339	0.4324
192.6336	181.5518	703.3817	704.9138	1.6789	0.4333	0.4324
192.7860	180.1423	697.3297	679.9183	1.6920	0.4371	0.4483
192.9384	180.0388	692.9007	692.3544	1.6930	0.4399	0.4402
193.0908	179.7846	699.1425	730.5901	1.6954	0.4360	0.4172
193.2432	179.7301	696.3835	730.5901	1.6959	0.4377	0.4172
193.3956	179.2505	686.8946	739.9566	1.7004	0.4437	0.4119
193.5480	179.2608	677.7651	715.9065	1.7003	0.4497	0.4258
193.7004	179.2232	681.0090	701.2229	1.7007	0.4476	0.4347
193.8528	179.1816	678.3792	701.3088	1.7011	0.4493	0.4346
194.0052	179.2444	673.8760	690.6981	1.7005	0.4523	0.4413
194.1576	179.3888	659.2728	680.1733	1.6991	0.4623	0.4481
194.3100	178.8788	648.7161	680.1733	1.7040	0.4699	0.4481
194.4624	178.2723	661.7460	707.6117	1.7098	0.4606	0.4307
194.6148	177.0193	649.4135	707.6117	1.7219	0.4694	0.4307
194.7672	176.9897	645.8306	739.6331	1.7222	0.4720	0.4121
194.9196	176.9177	617.9254	739.6331	1.7229	0.4933	0.4121
195.0720	176.9554	652.3132	739.0929	1.7225	0.4673	0.4124
195.2244	176.9263	647.6955	738.5527	1.7228	0.4706	0.4127
195.3768	177.7659	663.7040	737.4723	1.7146	0.4592	0.4133
195.5292	180.2980	672.9517	725.6718	1.6906	0.4529	0.4200
195.6816	180.3577	671.6960	713.8713	1.6900	0.4538	0.4270
195.8340	180.4451	654.9728	621.1597	1.6892	0.4654	0.4907
195.9864	179.6790	668.5681	619.9631	1.6964	0.4559	0.4916
196.1388	179.4349	668.7608	618.7665	1.6987	0.4558	0.4926
196.2912	179.5544	625.0361	650.9946	1.6976	0.4877	0.4682
196.4436	180.3808	634.2567	646.2990	1.6898	0.4806	0.4716
196.5960	180.3364	661.0848	727.5905	1.6902	0.4611	0.4189
196.7484	180.3503	667.1541	729.8588	1.6901	0.4569	0.4176
196.9008	181.2634	672.8778	732.1271	1.6816	0.4530	0.4163
197.0532	180.0103	569.4724	729.8160	1.6933	0.5352	0.4176
197.2056	179.9119	569.4724	747.3918	1.6942	0.5352	0.4078
197.3580	179.9133	569.4724	762.6564	1.6942	0.5352	0.3997
197.5104	179.9178	570.3791	762.6564	1.6941	0.5344	0.3997
197.6628	179.8632	654.7695	762.6564	1.6946	0.4655	0.3997
197.8152	180.2914	654.7695	710.1237	1.6906	0.4655	0.4292
197.9676	180.8143	679.4483	710.1237	1.6857	0.4486	0.4292
198.1200	181.1943	703.7535	710.1237	1.6822	0.4331	0.4292
198.2724	185.6376	696.8740	710.1237	1.6419	0.4374	0.4292
198.4248	185.6151	665.7589	726.9269	1.6421	0.4578	0.4193
198.5772	185.2203	678.8679	768.9352	1.6456	0.4490	0.3964
198.7296	185.1364	705.9536	768.9352	1.6464	0.4318	0.3964
198.8820	185.3064	727.4171	768.9352	1.6449	0.4190	0.3964
199.0344	179.8479	728.7463	768.9352	1.6948	0.4183	0.3964
199.1868	178.9568	728.4199	768.9352	1.7032	0.4184	0.3964
199.3392	179.1407	728.8065	768.9352	1.7015	0.4182	0.3964
199.4916	183.3946	728.7743	768.9352	1.6620	0.4182	0.3964
199.6440	179.5493	728.4199	768.9352	1.6976	0.4184	0.3964
199.7964	179.8020	726.9938	768.9352	1.6952	0.4193	0.3964
199.9488	179.8087	717.7806	768.9352	1.6952	0.4246	0.3964
200.1012	179.7319	706.9165	768.9352	1.6959	0.4312	0.3964
200.2536	179.8851	695.7264	768.9352	1.6944	0.4381	0.3964
200.4060	180.8037	693.3499	768.9352	1.6858	0.4396	0.3964
200.5584	180.6584	676.0443	768.9352	1.6872	0.4509	0.3964
200.7108	177.2457	648.2068	768.9352	1.7197	0.4702	0.3964
200.8632	177.2577	647.9674	758.3641	1.7196	0.4704	0.4019
201.0156	177.2668	647.5007	745.4437	1.7195	0.4707	0.4089
201.1680	177.2961	646.8472	758.2486	1.7192	0.4712	0.4020
201.3204	177.3483	649.8848	769.6039	1.7187	0.4690	0.3961
201.4728	177.1704	660.8157	775.0538	1.7204	0.4613	0.3933
201.6252	181.0109	665.6355	752.4677	1.6839	0.4579	0.4051
201.7776	183.2806	665.4711	726.1716	1.6630	0.4580	0.4197
201.9300	182.1328	671.8834	720.6479	1.6735	0.4537	0.4230
202.0824	183.2216	706.9411	719.4022	1.6636	0.4312	0.4237
202.2348	177.9939	705.3331	719.0371	1.7124	0.4321	0.4239
202.3872	176.3003	705.6306	771.2498	1.7289	0.4320	0.3952
202.5396	175.1637	721.2009	779.9858	1.7401	0.4226	0.3908
202.6920	174.1849	721.7378	768.0986	1.7499	0.4223	0.3968
202.8444	173.8743	728.2456	677.5903	1.7530	0.4185	0.4498
202.9968	173.4321	712.2963	675.7588	1.7575	0.4279	0.4511
203.1492	174.1168	710.2457	675.7588	1.7506	0.4292	0.4511
203.3016	174.5220	682.0569	681.7852	1.7465	0.4469	0.4471
203.4540	175.0897	636.1935	736.0225	1.7408	0.4791	0.4141
203.6064	176.6723	639.8884	736.0225	1.7252	0.4763	0.4141
203.7588	177.4950	644.3821	736.0225	1.7173	0.4730	0.4141
203.9112	177.3520	650.0197	736.0225	1.7186	0.4689	0.4141
204.0636	181.4252	651.4399	736.0225	1.6801	0.4679	0.4141
204.2160	182.4485	655.0984	735.3472	1.6706	0.4653	0.4145
204.3684	180.7521	660.1172	733.3214	1.6863	0.4617	0.4156
204.5208	176.3507	650.7702	746.6766	1.7284	0.4684	0.4082
204.6732	173.8538	602.9955	770.1436	1.7532	0.5055	0.3958
204.8256	173.6944	560.7754	774.6184	1.7548	0.5435	0.3935
204.9780	173.6183	560.1644	760.9200	1.7556	0.5441	0.4006
205.1304	172.3947	552.6138	731.5794	1.7681	0.5516	0.4166
205.2828	174.1705	528.3157	666.6188	1.7500	0.5769	0.4572
205.4352	175.6313	565.0880	610.5419	1.7355	0.5394	0.4992
205.5876	175.5840	568.5681	585.3124	1.7359	0.5361	0.5208
205.7400	175.1639	581.6459	583.0831	1.7401	0.5240	0.5227
205.8924	175.0151	601.2431	543.0670	1.7416	0.5070	0.5613
206.0448	175.9748	611.8566	609.0989	1.7321	0.4982	0.5004
206.1972	176.3590	618.4730	659.8634	1.7283	0.4928	0.4619
206.3496	176.5869	617.8600	662.6312	1.7261	0.4933	0.4600
206.5020	176.3980	613.4933	623.4968	1.7279	0.4968	0.4889
206.6544	176.1906	615.2259	602.2276	1.7300	0.4954	0.5061
206.8068	176.1139	613.1176	617.5703	1.7307	0.4971	0.4936
206.9592	176.1749	601.0137	605.9772	1.7301	0.5071	0.5030
207.1116	175.8611	589.0130	591.6132	1.7332	0.5175	0.5152
207.2640	176.8568	601.0165	597.8435	1.7234	0.5071	0.5098
207.4164	177.0855	603.6718	606.4863	1.7212	0.5049	0.5026
207.5688	177.0873	601.6257	623.4247	1.7212	0.5066	0.4889
207.7212	178.1822	640.0812	630.0342	1.7106	0.4762	0.4838
207.8736	178.9180	662.0093	678.4387	1.7036	0.4604	0.4493
208.0260	179.4962	656.4361	696.9393	1.6981	0.4643	0.4373
208.1784	179.9665	655.7628	691.0215	1.6937	0.4648	0.4411
208.3308	180.1619	649.4724	681.6729	1.6918	0.4693	0.4471
208.4832	180.1844	636.9683	636.4993	1.6916	0.4785	0.4789
208.6356	180.2051	631.8590	599.3727	1.6914	0.4824	0.5085
208.7880	180.4610	631.5417	599.3727	1.6890	0.4826	0.5085
208.9404	181.1682	635.0704	599.3727	1.6824	0.4800	0.5085
209.0928	181.3324	643.9982	621.1635	1.6809	0.4733	0.4907
209.2452	180.0652	648.0649	669.0562	1.6927	0.4703	0.4556
209.3976	178.7981	641.3463	696.5172	1.7047	0.4753	0.4376
209.5500	177.8309	636.1636	714.6371	1.7140	0.4791	0.4265
209.7024	177.7129	639.1782	706.7971	1.7151	0.4769	0.4312
209.8548	177.4016	633.4555	706.7971	1.7182	0.4812	0.4312
210.0072	177.1205	641.7106	703.3261	1.7209	0.4750	0.4334
210.1596	177.0561	641.7511	676.9062	1.7215	0.4750	0.4503
210.3120	176.9052	642.2817	673.2203	1.7230	0.4746	0.4528
210.4644	176.3954	644.5549	641.3439	1.7280	0.4729	0.4753
210.6168	175.8824	634.6718	617.0197	1.7330	0.4803	0.4940
210.7692	175.0392	621.1230	668.2666	1.7413	0.4907	0.4561
210.9216	174.1021	599.8283	673.1481	1.7507	0.5082	0.4528
211.0740	174.7453	614.2496	665.2157	1.7443	0.4962	0.4582
211.2264	174.9818	613.6711	657.2097	1.7419	0.4967	0.4638
211.3788	174.8591	583.7715	652.6518	1.7431	0.5221	0.4670
211.5312	176.1184	546.8985	648.8035	1.7307	0.5573	0.4698
211.6836	174.9442	541.6030	647.8778	1.7423	0.5628	0.4705
211.8360	174.5596	577.3503	647.8778	1.7461	0.5279	0.4705
211.9884	174.8638	656.1459	670.0800	1.7431	0.4645	0.4549
212.1408	175.6693	709.7684	702.3644	1.7351	0.4294	0.4340
212.2932	176.2051	719.7383	705.4435	1.7298	0.4235	0.4321
212.4456	176.2987	715.0519	703.1242	1.7289	0.4263	0.4335
212.5980	176.8757	709.4249	709.5473	1.7233	0.4296	0.4296
212.7504	177.4772	702.3436	706.1777	1.7174	0.4340	0.4316
212.9028	177.5662	708.3475	716.8080	1.7166	0.4303	0.4252
213.0552	177.4897	718.2382	743.9346	1.7173	0.4244	0.4097
213.2076	177.3842	716.8561	751.4497	1.7183	0.4252	0.4056
213.3600	177.2285	719.9771	747.7916	1.7198	0.4234	0.4076
213.5124	176.5726	720.5408	748.8542	1.7262	0.4230	0.4070
213.6648	175.5671	700.2531	751.9240	1.7361	0.4353	0.4054
213.8172	175.0872	665.8193	737.6840	1.7409	0.4578	0.4132
213.9696	174.7601	664.3649	692.1214	1.7441	0.4588	0.4404
214.1220	173.9240	652.0691	689.5573	1.7525	0.4674	0.4420
214.2744	173.9321	640.3422	677.2495	1.7524	0.4760	0.4501
214.4268	176.0794	617.0963	678.3357	1.7311	0.4939	0.4493
214.5792	179.4975	640.9590	754.5072	1.6981	0.4755	0.4040
214.7316	182.5693	638.3120	754.5072	1.6695	0.4775	0.4040
214.8840	181.8208	637.9963	754.5072	1.6764	0.4778	0.4040
215.0364	181.0724	637.9963	754.5072	1.6833	0.4778	0.4040
215.1888	181.3114	638.6266	754.5072	1.6811	0.4773	0.4040
215.3412	182.5842	639.0417	754.5072	1.6694	0.4770	0.4040
215.4936	179.7435	640.9828	754.5072	1.6958	0.4755	0.4040
215.6460	177.2261	641.2155	754.5072	1.7199	0.4754	0.4040
215.7984	170.2206	641.7969	754.5072	1.7906	0.4749	0.4040
215.9508	167.5345	641.6807	754.5072	1.8193	0.4750	0.4040
216.1032	167.3892	641.2155	754.5072	1.8209	0.4754	0.4040
216.2556	166.3321	641.5773	754.5072	1.8325	0.4751	0.4040
216.4080	165.8972	640.7281	754.5072	1.8373	0.4757	0.4040
216.5604	167.7359	640.4692	658.3613	1.8172	0.4759	0.4630
216.7128	166.6914	630.0847	609.6694	1.8286	0.4838	0.4999
216.8652	164.9333	621.6304	609.6694	1.8480	0.4903	0.4999
217.0176	164.2025	621.4472	609.6694	1.8563	0.4905	0.4999
217.1700	163.3535	621.5938	609.6694	1.8659	0.4904	0.4999
217.3224	164.3620	622.4366	609.6694	1.8545	0.4897	0.4999
217.4748	165.2153	625.0753	609.6694	1.8449	0.4876	0.4999
217.6272	165.2734	625.0753	659.9622	1.8442	0.4876	0.4619
217.7796	165.1184	625.0753	659.9622	1.8460	0.4876	0.4619
217.9320	165.0738	624.6794	659.9622	1.8465	0.4879	0.4619
218.0844	164.6243	623.9333	618.0198	1.8515	0.4885	0.4932
218.2368	166.1416	614.3750	597.9644	1.8346	0.4961	0.5097
218.3892	166.3578	614.3750	585.2371	1.8322	0.4961	0.5208
218.5416	166.9973	581.7180	581.7775	1.8252	0.5240	0.5239
218.6940	167.2176	573.7745	578.3180	1.8228	0.5312	0.5271
218.8464	165.2210	513.3959	571.3989	1.8448	0.5937	0.5334
218.9988	165.1124	514.5243	609.2799	1.8460	0.5924	0.5003
219.1512	168.0089	508.5736	582.6800	1.8142	0.5993	0.5231
219.3036	166.9249	519.6907	631.0403	1.8260	0.5865	0.4830
219.4560	165.2690	520.3037	631.0403	1.8443	0.5858	0.4830
219.6084	167.4039	533.3646	631.0403	1.8208	0.5715	0.4830
219.7608	168.4069	522.5853	631.0403	1.8099	0.5833	0.4830
219.9132	167.7615	615.0504	631.0403	1.8169	0.4956	0.4830
220.0656	167.6805	614.0677	631.0403	1.8178	0.4964	0.4830
220.2180	167.8854	613.9448	631.0403	1.8155	0.4965	0.4830
220.3704	167.8842	677.6803	631.0403	1.8156	0.4498	0.4830
220.5228	169.2984	702.9648	611.0851	1.8004	0.4336	0.4988
220.6752	169.2189	697.6646	595.0187	1.8012	0.4369	0.5123
220.8276	167.7439	697.2950	595.0187	1.8171	0.4371	0.5123
220.9800	168.2087	696.6382	606.4968	1.8121	0.4375	0.5026
221.1324	169.0698	698.5234	646.6699	1.8028	0.4364	0.4713
221.2848	167.3823	711.3064	646.6699	1.8210	0.4285	0.4713
221.4372	167.3878	711.3064	646.6699	1.8209	0.4285	0.4713
221.5896	168.1814	711.3064	646.6699	1.8124	0.4285	0.4713
221.7420	167.7489	713.3428	646.6699	1.8170	0.4273	0.4713
221.8944	166.9316	714.7004	646.6699	1.8259	0.4265	0.4713
222.0468	166.8769	713.7953	679.9203	1.8265	0.4270	0.4483
222.1992	161.3059	712.8903	713.1708	1.8896	0.4276	0.4274
222.3516	155.7349	711.6835	779.6716	1.9572	0.4283	0.3909
222.5040	150.1639	710.5522	779.6716	2.0298	0.4290	0.3909
222.6564	142.4776	710.6061	779.6716	2.1393	0.4289	0.3909
222.8088	128.4796	711.7482	779.6716	2.3724	0.4282	0.3909
222.9612	125.1363	714.3772	779.6716	2.4358	0.4267	0.3909
223.1136	129.4216	715.1530	779.6716	2.3551	0.4262	0.3909
223.2660	138.1625	715.1530	779.6716	2.2061	0.4262	0.3909
223.4184	144.2771	714.7634	474.5900	2.1126	0.4264	0.6422
223.5708	147.1866	714.7004	425.2577	2.0709	0.4265	0.7168
223.7232	168.5667	714.7004	425.2577	1.8082	0.4265	0.7168
223.8756	169.3329	713.7953	425.2577	1.8000	0.4270	0.7168
224.0280	169.3074	713.7953	425.2577	1.8003	0.4270	0.7168
224.1804	168.7188	714.2479	425.2577	1.8066	0.4267	0.7168
224.3328	168.5269	713.7953	425.2577	1.8086	0.4270	0.7168
224.4852	168.4007	713.3428	425.2577	1.8100	0.4273	0.7168
224.6376	168.9393	713.7953	425.2577	1.8042	0.4270	0.7168
224.7900	168.0166	713.3428	425.2577	1.8141	0.4273	0.7168
224.9424	170.9942	713.3428	425.2577	1.7825	0.4273	0.7168
225.0948	170.7450	713.3428	589.8627	1.7851	0.4273	0.5167
225.2472	170.5550	713.3428	636.1203	1.7871	0.4273	0.4792
225.3996	168.4734	713.3428	636.1203	1.8092	0.4273	0.4792
225.5520	166.8617	712.9380	636.1203	1.8267	0.4275	0.4792
225.7044	166.1678	712.1842	636.1203	1.8343	0.4280	0.4792
225.8568	164.7156	711.5989	636.1203	1.8505	0.4283	0.4792
226.0092	164.6660	711.3064	636.1203	1.8510	0.4285	0.4792
226.1616	164.6963	711.3064	636.1203	1.8507	0.4285	0.4792
226.3140	163.3201	711.3064	636.1203	1.8663	0.4285	0.4792
226.4664	165.5782	711.3064	636.1203	1.8408	0.4285	0.4792
226.6188	165.3436	710.9293	636.1203	1.8435	0.4287	0.4792
226.7712	164.5098	710.1751	636.1203	1.8528	0.4292	0.4792
226.9236	167.3717	710.1751	636.1203	1.8211	0.4292	0.4792
227.0760	167.9096	710.1751	507.1878	1.8153	0.4292	0.6010
227.2284	166.8612	728.0470	507.1878	1.8267	0.4187	0.6010
227.3808	168.6657	723.0278	507.1878	1.8071	0.4216	0.6010
227.5332	168.0202	711.2462	507.1878	1.8141	0.4285	0.6010
227.6856	168.1661	644.7542	507.1878	1.8125	0.4727	0.6010
227.8380	168.5628	644.5109	507.1878	1.8083	0.4729	0.6010
227.9904	168.7697	644.5109	319.8770	1.8060	0.4729	0.9529
228.1428	171.4760	644.7555	180.2887	1.7775	0.4727	1.6906
228.2952	168.0711	644.8533	180.2887	1.8135	0.4727	1.6906
228.4476	171.5408	698.2826	180.2887	1.7769	0.4365	1.6906
228.6000	169.6068	698.2826	572.3291	1.7971	0.4365	0.5326
228.7524	168.2798	698.2826	572.3291	1.8113	0.4365	0.5326
228.9048	168.3855	698.2826	572.3291	1.8102	0.4365	0.5326
229.0572	168.0158	698.2826	572.3291	1.8141	0.4365	0.5326
229.2096	167.5069	697.9117	572.3291	1.8196	0.4367	0.5326
229.3620	167.2764	698.2826	572.3291	1.8222	0.4365	0.5326
229.5144	177.5858	698.6533	572.3291	1.7164	0.4363	0.5326
229.6668	174.8045	698.6533	572.3291	1.7437	0.4363	0.5326
229.8192	174.3163	699.0242	572.3291	1.7486	0.4360	0.5326
229.9716	174.1009	699.0242	572.3291	1.7507	0.4360	0.5326
230.1240	174.1145	699.0242	572.3291	1.7506	0.4360	0.5326
230.2764	174.2886	568.5402	572.3291	1.7488	0.5361	0.5326
230.4288	173.7257	437.3126	572.3291	1.7545	0.6970	0.5326
230.5812	172.1023	440.7981	566.3467	1.7711	0.6915	0.5382
230.7336	176.2802	439.8687	566.3467	1.7291	0.6929	0.5382
230.8860	176.2896	439.8687	566.3467	1.7290	0.6929	0.5382
231.0384	170.5330	669.0925	566.3467	1.7874	0.4555	0.5382
231.1908	164.7763	667.8215	566.3467	1.8498	0.4564	0.5382
231.3432	162.6406	664.8560	566.3467	1.8741	0.4585	0.5382
231.4956	162.7685	592.1409	596.1978	1.8726	0.5147	0.5112
231.6480	164.1858	592.4553	596.1978	1.8565	0.5145	0.5112
231.8004	166.2180	591.8267	596.1978	1.8338	0.5150	0.5112
231.9528	166.2263	592.1409	596.1978	1.8337	0.5147	0.5112
232.1052	173.5840	592.1409	596.1978	1.7559	0.5147	0.5112
232.2576	175.1411	663.9218	596.1978	1.7403	0.4591	0.5112
232.4100	175.6354	666.8738	197.9685	1.7354	0.4571	1.5397
232.5624	176.1298	666.8738	197.9685	1.7306	0.4571	1.5397
232.7148	176.5267	667.2955	197.9685	1.7267	0.4568	1.5397
232.8672	176.9237	666.8738	197.9685	1.7228	0.4571	1.5397
233.0196	177.3207	666.8738	197.9685	1.7189	0.4571	1.5397
233.1720	168.8982	523.9682	197.9685	1.8047	0.5817	1.5397
233.3244	162.9774	524.6321	197.9685	1.8702	0.5810	1.5397
233.4768	160.6657	524.9642	197.9685	1.8971	0.5806	1.5397
233.6292	159.4428	524.9642	197.9685	1.9117	0.5806	1.5397
233.7816	159.4327	524.9642	197.9685	1.9118	0.5806	1.5397
233.9340	159.3378	525.2961	497.0758	1.9129	0.5803	0.6132
234.0864	163.2944	523.9682	497.0758	1.8666	0.5817	0.6132
234.2388	165.3521	523.6362	497.0758	1.8434	0.5821	0.6132
234.3912	164.4168	523.9682	497.0758	1.8538	0.5817	0.6132
234.5436	164.2030	661.9365	497.0758	1.8563	0.4605	0.6132
234.6960	166.3406	661.9365	675.0031	1.8324	0.4605	0.4516
234.8484	167.0496	661.9365	675.0031	1.8246	0.4605	0.4516
235.0008	168.9033	661.0977	675.0031	1.8046	0.4611	0.4516
235.1532	170.8705	661.0977	668.3912	1.7838	0.4611	0.4560
235.3056	169.6064	661.9365	661.7794	1.7971	0.4605	0.4606
235.4580	171.7547	661.9365	648.5556	1.7746	0.4605	0.4700
235.6104	171.6602	661.5171	504.1686	1.7756	0.4608	0.6046
235.7628	172.7699	662.3558	504.1686	1.7642	0.4602	0.6046
235.9152	172.4043	662.3558	504.1686	1.7680	0.4602	0.6046
236.0676	171.1213	697.6566	712.8368	1.7812	0.4369	0.4276
236.2200	168.3660	697.2145	712.8368	1.8104	0.4372	0.4276
236.3724	181.1862	696.3306	712.8368	1.6823	0.4377	0.4276
236.5248	184.5692	698.0986	712.0445	1.6514	0.4366	0.4281
236.6772	185.3834	698.0986	722.7493	1.6442	0.4366	0.4217
236.8296	186.4412	698.0986	732.6619	1.6349	0.4366	0.4160
236.9820	170.7693	695.5201	709.0580	1.7849	0.4382	0.4299
237.1344	169.4157	695.5201	670.2352	1.7991	0.4382	0.4548
237.2868	166.2688	695.8885	670.2352	1.8332	0.4380	0.4548
237.4392	163.9763	695.8885	670.2352	1.8588	0.4380	0.4548
237.5916	164.3858	696.7725	670.2352	1.8542	0.4375	0.4548
237.7440	166.1988	698.0986	670.2352	1.8340	0.4366	0.4548
237.8964	152.9177	698.5406	670.2352	1.9933	0.4363	0.4548
238.0488	152.3336	695.8885	670.2352	2.0009	0.4380	0.4548
238.2012	156.1240	697.2145	487.6387	1.9523	0.4372	0.6251
238.3536	159.1797	697.2145	487.6387	1.9148	0.4372	0.6251
238.5060	163.3378	697.6566	487.6387	1.8661	0.4369	0.6251
238.6584	164.4534	696.3306	375.9559	1.8534	0.4377	0.8107
238.8108	165.5228	696.3306	375.9559	1.8415	0.4377	0.8107
238.9632	166.6207	698.9827	375.9559	1.8293	0.4361	0.8107
239.1156	166.5801	698.5406	375.9559	1.8298	0.4363	0.8107
239.2680	166.2265	673.2781	375.9559	1.8337	0.4527	0.8107
239.4204	164.1959	672.4260	563.4493	1.8563	0.4533	0.5410
239.5728	163.7624	672.4260	563.4493	1.8613	0.4533	0.5410
239.7252	168.3322	673.7042	563.4493	1.8107	0.4524	0.5410
239.8776	163.8210	622.1120	563.4493	1.8606	0.4899	0.5410
240.0300	159.3098	620.9310	337.1784	1.9133	0.4909	0.9040
240.1824	146.3753	620.9310	337.1784	2.0823	0.4909	0.9040
240.3348	147.1911	620.9310	337.1784	2.0708	0.4909	0.9040
240.4872	143.1114	619.4221	337.1784	2.1298	0.4921	0.9040
240.6396	144.1124	539.5765	582.8516	2.1150	0.5649	0.5230
240.7920	145.1134	498.4125	582.8516	2.1005	0.6115	0.5230
240.9444	145.6311	499.7295	582.8516	2.0930	0.6099	0.5230
241.0968	145.7126	500.0456	582.8516	2.0918	0.6096	0.5230
241.2492	145.6792	500.0456	582.8516	2.0923	0.6096	0.5230
241.4016	148.3290	499.3608	582.8516	2.0549	0.6104	0.5230
241.5540	147.7219	498.0964	582.8516	2.0634	0.6119	0.5230
241.7064	147.8947	497.7803	582.8516	2.0610	0.6123	0.5230
241.8588	148.0971	497.7803	582.8516	2.0581	0.6123	0.5230
242.0112	147.8274	497.7803	582.8516	2.0619	0.6123	0.5230
242.1636	144.6453	496.9375	548.1459	2.1072	0.6134	0.5561
242.3160	149.1603	496.3580	548.1459	2.0435	0.6141	0.5561
242.4684	149.9602	496.0945	548.1459	2.0326	0.6144	0.5561
242.6208	149.9023	495.8312	548.1459	2.0333	0.6147	0.5561
242.7732	152.9539	496.0945	548.1459	1.9928	0.6144	0.5561
242.9256	156.0161	496.0945	548.1459	1.9537	0.6144	0.5561
243.0780	160.3007	496.0945	548.1459	1.9014	0.6144	0.5561
243.2304	159.9357	495.5677	385.0470	1.9058	0.6151	0.7916
243.3828	159.9520	497.4643	385.0470	1.9056	0.6127	0.7916
243.5352	159.9301	497.4643	385.0470	1.9059	0.6127	0.7916
243.6876	159.6082	497.2008	385.0470	1.9097	0.6130	0.7916
243.8400	159.4085	497.4643	385.0470	1.9121	0.6127	0.7916
243.9924	165.8019	496.9375	385.0470	1.8384	0.6134	0.7916
244.1448	169.8849	496.9375	385.0470	1.7942	0.6134	0.7916
244.2972	170.0022	495.8312	385.0470	1.7929	0.6147	0.7916
244.4496	169.3997	495.5677	385.0470	1.7993	0.6151	0.7916
244.6020	165.5890	495.5677	385.0470	1.8407	0.6151	0.7916
244.7544	157.4904	495.5677	385.0470	1.9354	0.6151	0.7916
244.9068	157.1343	495.5677	385.0470	1.9398	0.6151	0.7916
245.0592	151.7677	496.3580	385.0470	2.0084	0.6141	0.7916
245.2116	148.9469	496.0945	362.7391	2.0464	0.6144	0.8403
245.3640	152.3113	496.0945	340.4311	2.0012	0.6144	0.8953
245.5164	149.4773	495.8312	295.8152	2.0391	0.6147	1.0304
245.6688	149.3397	495.5677	295.8152	2.0410	0.6151	1.0304
245.8212	151.5660	186.8683	295.8152	2.0110	1.6311	1.0304
245.9736	154.3673	186.8683	295.8152	1.9745	1.6311	1.0304
246.1260	153.9388	187.1920	295.8152	1.9800	1.6283	1.0304
246.2784	163.6350	187.1920	295.8152	1.8627	1.6283	1.0304
246.4308	184.3455	186.8683	530.7735	1.6534	1.6311	0.5743
246.5832	183.1210	186.8683	530.7735	1.6645	1.6311	0.5743
246.7356	182.7741	535.4835	530.7735	1.6677	0.5692	0.5743
246.8880	182.7672	535.4835	598.8660	1.6677	0.5692	0.5090
247.0404	181.3581	535.4835	666.7894	1.6807	0.5692	0.4571
247.1928	180.0540	535.4835	683.9818	1.6928	0.5692	0.4456
247.3452	178.8587	535.6415	683.9818	1.7042	0.5690	0.4456
247.4976	179.1620	536.6783	683.9818	1.7013	0.5679	0.4456
247.6500	175.6161	541.5773	683.9818	1.7356	0.5628	0.4456
247.8024	165.7155	551.3056	679.6470	1.8393	0.5529	0.4485
247.9548	163.8518	559.0676	664.9100	1.8602	0.5452	0.4584
248.1072	164.5253	559.3818	668.3857	1.8526	0.5449	0.4560
248.2596	160.5328	558.6748	672.2959	1.8987	0.5456	0.4534
248.4120	160.2415	566.5692	672.2959	1.9022	0.5380	0.4534
248.5644	159.8490	569.2256	667.4947	1.9068	0.5355	0.4566
248.7168	159.3335	589.3082	647.2610	1.9130	0.5172	0.4709
248.8692	159.3872	571.1949	595.7542	1.9123	0.5336	0.5116
249.0216	159.5013	564.9559	578.0516	1.9110	0.5395	0.5273
249.1740	160.9509	512.1401	577.4316	1.8938	0.5952	0.5279
249.3264	160.4754	508.0099	577.4316	1.8994	0.6000	0.5279
249.4788	160.4626	508.3957	582.5912	1.8995	0.5995	0.5232
249.6312	159.9348	501.6930	590.5920	1.9058	0.6076	0.5161
249.7836	159.9860	496.3555	598.5929	1.9052	0.6141	0.5092
249.9360	160.1114	496.2537	614.5945	1.9037	0.6142	0.4959
250.0884	160.3810	500.8026	614.5721	1.9005	0.6086	0.4960
250.2408	159.8720	500.2782	599.5787	1.9065	0.6093	0.5084
250.3932	160.8034	478.9511	584.5630	1.8955	0.6364	0.5214
250.5456	156.8545	475.1732	652.4284	1.9432	0.6415	0.4672
250.6980	156.3455	469.9978	651.0493	1.9496	0.6485	0.4682
250.8504	157.3397	458.0428	633.0972	1.9372	0.6654	0.4814
251.0028	159.1359	523.4085	479.4121	1.9154	0.5823	0.6358
251.1552	159.8022	575.4945	476.9099	1.9074	0.5296	0.6391
251.3076	160.1042	547.0557	481.3200	1.9038	0.5572	0.6333
251.4600	159.4632	543.4684	491.5697	1.9114	0.5608	0.6201
251.6124	159.5947	545.8637	493.3184	1.9099	0.5584	0.6179
251.7648	156.9962	549.4679	488.1400	1.9415	0.5547	0.6244
251.9172	156.5609	498.8811	610.7455	1.9469	0.6110	0.4991
252.0696	155.6707	490.1570	623.2086	1.9580	0.6218	0.4891
252.2220	158.0596	495.2147	603.3777	1.9284	0.6155	0.5052
252.3744	158.0655	489.0156	565.2726	1.9283	0.6233	0.5392
252.5268	157.5529	486.7699	527.1675	1.9346	0.6262	0.5782
252.6792	158.7539	473.3968	505.6658	1.9200	0.6439	0.6028
252.8316	158.7522	473.8127	491.2238	1.9200	0.6433	0.6205
252.9840	159.2317	474.5394	504.1264	1.9142	0.6423	0.6046
253.1364	163.2477	513.3154	502.5870	1.8671	0.5938	0.6065
253.2888	161.1194	505.9868	569.0219	1.8918	0.6024	0.5357
253.4412	162.0345	502.5700	553.8553	1.8811	0.6065	0.5503
253.5936	161.0774	487.0734	548.3373	1.8923	0.6258	0.5559
253.7460	160.8463	473.3802	510.4695	1.8950	0.6439	0.5971
253.8984	160.7990	474.4851	514.9439	1.8956	0.6424	0.5919
254.0508	159.2352	475.9152	592.1584	1.9142	0.6405	0.5147
254.2032	161.1693	477.8019	669.3729	1.8912	0.6379	0.4554
254.3556	162.2945	483.9060	669.3729	1.8781	0.6299	0.4554
254.5080	163.1347	489.6714	660.5893	1.8684	0.6225	0.4614
254.6604	163.2363	484.3254	590.2405	1.8673	0.6293	0.5164
254.8128	163.8906	484.4004	579.4423	1.8598	0.6292	0.5260
254.9652	163.9791	491.4146	568.6439	1.8588	0.6203	0.5360
255.1176	163.9445	486.2401	547.0474	1.8592	0.6269	0.5572
255.2700	162.8310	461.5053	618.1713	1.8719	0.6605	0.4931
255.4224	162.5837	474.5131	574.1736	1.8747	0.6424	0.5309
255.5748	162.4521	477.5874	556.8099	1.8763	0.6382	0.5474
255.7272	162.4963	478.8590	539.4463	1.8758	0.6365	0.5650
255.8796	160.9335	493.2013	504.7189	1.8940	0.6180	0.6039
256.0320	164.6351	480.4547	515.8650	1.8514	0.6344	0.5909
256.1844	164.4574	482.3546	494.6860	1.8534	0.6319	0.6162
256.3368	168.9436	488.0179	580.0756	1.8042	0.6246	0.5255
256.4892	167.9929	501.5089	644.2861	1.8144	0.6078	0.4731
256.6416	162.9104	491.1494	632.7217	1.8710	0.6206	0.4817
256.7940	162.6099	502.8262	651.4250	1.8744	0.6062	0.4679
256.9464	162.5473	504.1435	649.5597	1.8752	0.6046	0.4692
257.0988	162.9337	498.8815	623.1240	1.8707	0.6110	0.4892
257.2512	163.4847	507.0768	595.2510	1.8644	0.6011	0.5121
257.4036	163.5224	512.0965	610.4613	1.8640	0.5952	0.4993
257.5560	163.3609	514.8391	614.3198	1.8658	0.5920	0.4962
257.7084	163.3226	519.8539	615.0585	1.8663	0.5863	0.4956
257.8608	160.3548	544.3625	615.7972	1.9008	0.5599	0.4950
258.0132	161.8490	518.2568	626.4326	1.8833	0.5881	0.4866
258.1656	161.7174	520.6009	624.4689	1.8848	0.5855	0.4881
258.3180	161.6231	518.1033	622.5052	1.8859	0.5883	0.4896
258.4704	161.5313	518.1945	610.3419	1.8870	0.5882	0.4994
258.6228	161.4846	517.9585	646.7072	1.8875	0.5885	0.4713
258.7752	161.5396	516.2012	631.6180	1.8869	0.5905	0.4826
258.9276	161.1752	521.0706	633.1174	1.8911	0.5850	0.4814
259.0800	161.2197	520.3497	652.5052	1.8906	0.5858	0.4671
259.2324	161.1762	521.3809	608.4667	1.8911	0.5846	0.5009
259.3848	161.2486	517.5330	608.4667	1.8903	0.5890	0.5009
259.5372	161.6760	523.1761	605.5135	1.8853	0.5826	0.5034
259.6896	161.5116	522.8655	628.0934	1.8872	0.5829	0.4853
259.8420	161.5020	518.8417	614.0480	1.8873	0.5875	0.4964
259.9944	161.7446	529.3179	627.6947	1.8845	0.5758	0.4856
260.1468	161.8819	520.1920	627.2959	1.8829	0.5859	0.4859
260.2992	161.6747	517.4944	634.7180	1.8853	0.5890	0.4802
260.4516	161.7357	520.6747	644.9334	1.8846	0.5854	0.4726
260.6040	161.8652	513.0146	655.1488	1.8831	0.5941	0.4652
260.7564	162.1165	515.9730	660.3286	1.8802	0.5907	0.4616
260.9088	162.4395	517.8692	665.5084	1.8764	0.5886	0.4580
261.0612	162.5322	517.4077	609.7368	1.8753	0.5891	0.4999
261.2136	162.3074	524.6521	595.4144	1.8779	0.5810	0.5119
261.3660	162.3484	525.1113	595.4850	1.8775	0.5805	0.5119
261.5184	162.2732	524.8177	608.8060	1.8783	0.5808	0.5007
261.6708	162.4494	534.6568	591.0638	1.8763	0.5701	0.5157
261.8232	162.3751	536.7462	573.3215	1.8772	0.5679	0.5316
261.9756	162.4645	523.3943	626.1865	1.8761	0.5824	0.4868