HOLE:	1230A
LEG:	201
TOP:	81.0763
BOTTOM:	279.9583
DEPTH_WMSF	IDPH	IMPH	SFLU
m	ohmm	ohmm	ohmm
81.0763	0.3059	0.5057	0.7517
81.2287	0.3422	0.4213	0.7062
81.3811	0.3825	0.4112	0.7352
81.5335	0.4279	0.4509	0.9640
81.6859	0.4968	0.5393	0.9633
81.8383	1.4626	0.6840	1.0389
81.9907	0.9065	0.8588	1.0244
82.1431	0.9025	0.9533	0.9814
82.2955	0.8809	0.8961	0.9313
82.4479	0.8430	0.7785	0.8856
82.6003	0.8082	0.6887	0.8468
82.7527	0.7758	0.6556	0.7582
82.9051	0.7678	0.6844	0.7499
83.0575	0.7794	0.7662	0.7587
83.2099	0.8004	0.8697	0.7914
83.3623	0.8175	0.9376	0.7914
83.5147	0.8353	0.9341	0.7798
83.6671	0.8445	0.8895	0.7387
83.8195	0.8496	0.8526	0.7217
83.9719	0.8603	0.8462	0.7220
84.1243	0.8425	0.8769	0.7004
84.2767	0.8890	0.9500	0.6808
84.4291	0.9630	1.0681	0.6891
84.5815	0.9622	1.2213	0.6971
84.7339	1.0425	1.3726	0.9518
84.8863	1.1918	1.4578	1.3168
85.0387	1.2343	1.4446	1.1143
85.1911	1.2570	1.3741	1.3463
85.3435	1.2723	1.2999	1.1568
85.4959	1.2667	1.2410	1.2196
85.6483	1.2450	1.1873	1.0224
85.8007	1.2311	1.1198	0.7959
85.9531	1.1426	1.0345	0.7826
86.1055	1.0300	0.9494	0.7819
86.2579	1.0307	0.8859	0.7774
86.4103	0.9531	0.8538	0.7657
86.5627	0.8947	0.8492	0.7611
86.7151	0.8916	0.8596	0.7644
86.8675	0.8644	0.8715	0.7498
87.0199	0.8629	0.8769	0.7555
87.1723	0.8671	0.8740	0.7535
87.3247	0.8986	0.8664	0.7633
87.4771	0.9471	0.8605	0.7650
87.6295	0.9724	0.8622	0.7667
87.7819	1.0131	0.8756	0.7787
87.9343	1.0368	0.9031	0.8047
88.0867	1.0474	0.9433	0.8189
88.2391	1.0719	0.9881	0.8862
88.3915	1.0981	1.0248	0.8548
88.5439	1.1042	1.0419	0.8413
88.6963	1.1076	1.0364	0.9206
88.8487	1.0877	1.0163	0.9503
89.0011	1.0700	0.9919	0.9501
89.1535	1.0663	0.9690	0.9281
89.3059	1.0444	0.9497	0.8505
89.4583	1.0351	0.9340	0.8526
89.6107	1.0316	0.9206	0.8317
89.7631	1.0016	0.9087	0.7613
89.9155	0.9782	0.8986	0.7435
90.0679	0.9597	0.8900	0.7426
90.2203	0.9370	0.8829	0.7529
90.3727	0.9298	0.8786	0.7544
90.5251	0.9264	0.8787	0.7509
90.6775	0.9285	0.8841	0.7604
90.8299	0.9321	0.8959	0.7488
90.9823	0.9340	0.9148	0.7505
91.1347	0.9350	0.9379	0.7753
91.2871	0.9367	0.9584	0.8051
91.4395	0.9363	0.9694	0.8231
91.5919	0.9361	0.9690	0.8622
91.7443	0.9402	0.9614	0.8503
91.8967	0.9382	0.9538	0.8382
92.0491	0.9381	0.9516	0.8251
92.2015	0.9208	0.9548	0.8113
92.3539	0.9088	0.9595	0.8281
92.5063	0.9067	0.9601	0.8577
92.6587	0.9041	0.9537	0.8278
92.8111	0.9027	0.9413	0.8317
92.9635	0.8963	0.9272	0.8270
93.1159	0.8930	0.9161	0.8326
93.2683	0.8927	0.9104	0.8106
93.4207	0.8925	0.9096	0.8082
93.5731	0.8925	0.9119	0.8101
93.7255	0.8941	0.9160	0.8131
93.8779	0.9001	0.9217	0.8251
94.0303	0.9030	0.9290	0.8253
94.1827	0.9061	0.9371	0.8244
94.3351	0.9251	0.9445	0.8307
94.4875	0.9331	0.9499	0.8454
94.6399	0.9326	0.9534	0.8608
94.7923	0.9396	0.9564	0.8663
94.9447	0.9432	0.9601	0.8659
95.0971	0.9457	0.9645	0.8686
95.2495	0.9484	0.9689	0.8781
95.4019	0.9511	0.9729	0.8817
95.5543	0.9539	0.9765	0.8766
95.7067	0.9570	0.9814	0.8848
95.8591	0.9621	0.9892	0.8901
96.0115	0.9648	0.9995	0.8855
96.1639	0.9699	1.0106	0.8886
96.3163	0.9760	1.0199	0.8986
96.4687	0.9755	1.0249	0.9054
96.6211	0.9837	1.0264	0.9027
96.7735	0.9979	1.0277	0.9086
96.9259	0.9943	1.0307	0.9110
97.0783	1.0012	1.0358	0.9148
97.2307	1.0032	1.0429	0.9083
97.3831	0.9990	1.0488	0.9205
97.5355	0.9832	1.0466	0.8856
97.6879	0.9761	1.0310	0.9197
97.8403	0.9526	1.0034	0.8844
97.9927	0.9314	0.9697	0.8872
98.1451	0.9189	0.9377	0.8648
98.2975	0.9053	0.9142	0.7931
98.4499	0.8972	0.9018	0.7575
98.6023	0.8799	0.8999	0.7571
98.7547	0.8677	0.9043	0.8188
98.9071	0.8648	0.9076	0.9254
99.0595	0.8656	0.9018	0.9035
99.2119	0.8541	0.8861	0.7732
99.3643	0.8455	0.8673	0.7522
99.5167	0.8382	0.8525	0.7420
99.6691	0.8327	0.8444	0.7566
99.8215	0.8319	0.8415	0.7559
99.9739	0.8307	0.8411	0.7551
100.1263	0.8304	0.8420	0.7505
100.2787	0.8317	0.8448	0.7524
100.4311	0.8312	0.8498	0.7596
100.5835	0.8319	0.8560	0.7680
100.7359	0.8324	0.8614	0.7661
100.8883	0.8327	0.8650	0.7674
101.0407	0.8332	0.8667	0.7743
101.1931	0.8341	0.8675	0.7740
101.3455	0.8349	0.8683	0.7759
101.4979	0.8378	0.8695	0.7770
101.6503	0.8416	0.8714	0.7818
101.8027	0.8422	0.8746	0.7835
101.9551	0.8551	0.8792	0.7946
102.1075	0.8612	0.8846	0.7953
102.2599	0.8636	0.8896	0.7964
102.4123	0.8670	0.8933	0.8047
102.5647	0.8696	0.8957	0.8066
102.7171	0.8736	0.8973	0.8102
102.8695	0.8801	0.8983	0.8073
103.0219	0.8901	0.8989	0.7882
103.1743	0.9113	0.9005	0.7849
103.3267	0.9285	0.9063	0.8051
103.4791	0.9464	0.9198	0.8707
103.6315	0.9632	0.9431	0.8714
103.7839	0.9730	0.9747	0.8289
103.9363	0.9817	1.0075	0.8733
104.0887	0.9889	1.0309	0.9953
104.2411	0.9882	1.0380	0.9390
104.3935	0.9875	1.0295	0.8774
104.5459	0.9868	1.0135	0.8787
104.6983	0.9835	0.9997	0.8737
104.8507	0.9818	0.9930	0.8674
105.0031	0.9806	0.9912	0.8545
105.1555	0.9797	0.9889	0.8419
105.3079	0.9771	0.9826	0.8490
105.4603	0.9762	0.9727	0.8431
105.6127	0.9796	0.9629	0.8643
105.7651	0.9789	0.9570	0.8593
105.9175	0.9754	0.9553	0.8587
106.0699	0.9780	0.9550	0.8578
106.2223	0.9764	0.9535	0.8504
106.3747	0.9774	0.9507	0.8481
106.5271	0.9814	0.9486	0.8611
106.6795	0.9766	0.9485	0.8594
106.8319	0.9762	0.9500	0.8462
106.9843	0.9754	0.9503	0.8569
107.1367	0.9746	0.9476	0.8488
107.2891	0.9730	0.9435	0.8532
107.4415	0.9679	0.9413	0.8577
107.5939	0.9555	0.9420	0.8509
107.7463	0.9433	0.9441	0.8527
107.8987	0.9363	0.9447	0.8543
108.0511	0.9334	0.9405	0.8346
108.2035	0.9303	0.9312	0.8389
108.3559	0.9267	0.9203	0.8140
108.5083	0.9237	0.9113	0.7891
108.6607	0.9156	0.9070	0.8012
108.8131	0.9101	0.9086	0.8167
108.9655	0.9098	0.9145	0.8206
109.1179	0.9101	0.9211	0.8193
109.2703	0.9117	0.9263	0.8147
109.4227	0.9167	0.9300	0.8157
109.5751	0.9298	0.9348	0.8073
109.7275	0.9325	0.9437	0.8226
109.8799	0.9375	0.9578	0.8251
110.0323	0.9424	0.9733	0.8240
110.1847	0.9435	0.9844	0.8151
110.3371	0.9439	0.9870	0.8691
110.4895	0.9434	0.9813	0.8813
110.6419	0.9423	0.9706	0.8717
110.7943	0.9373	0.9584	0.8331
110.9467	0.9326	0.9481	0.8203
111.0991	0.9317	0.9419	0.8220
111.2515	0.9290	0.9410	0.8215
111.4039	0.9242	0.9445	0.8203
111.5563	0.9249	0.9505	0.8221
111.7087	0.9263	0.9572	0.8282
111.8611	0.9351	0.9634	0.8513
112.0135	0.9408	0.9684	0.8525
112.1659	0.9455	0.9721	0.8561
112.3183	0.9564	0.9743	0.8504
112.4707	0.9623	0.9754	0.8501
112.6231	0.9653	0.9772	0.8631
112.7755	0.9678	0.9814	0.8886
112.9279	0.9703	0.9878	0.8824
113.0803	0.9723	0.9947	0.8928
113.2327	0.9736	0.9997	0.9028
113.3851	0.9748	1.0014	0.8937
113.5375	0.9763	1.0007	0.8901
113.6899	0.9799	0.9996	0.8861
113.8423	0.9810	0.9998	0.8817
113.9947	0.9819	1.0014	0.8849
114.1471	0.9835	1.0030	0.8967
114.2995	0.9850	1.0031	0.9011
114.4519	0.9896	1.0014	0.9083
114.6043	0.9992	0.9998	0.8936
114.7567	1.0019	1.0013	0.9086
114.9091	1.0049	1.0080	0.8856
115.0615	1.0060	1.0184	0.9003
115.2139	1.0120	1.0282	0.9242
115.3663	1.0170	1.0334	0.9288
115.5187	1.0206	1.0333	0.9159
115.6711	1.0253	1.0316	0.9164
115.8235	1.0296	1.0338	0.9162
115.9759	1.0406	1.0435	0.9664
116.1283	1.0461	1.0594	0.9783
116.2807	1.0481	1.0762	0.9583
116.4331	1.0492	1.0875	0.9525
116.5855	1.0545	1.0900	0.9670
116.7379	1.0597	1.0849	0.9754
116.8903	1.0592	1.0764	0.9578
117.0427	1.0583	1.0676	0.9717
117.1951	1.0538	1.0600	0.9757
117.3475	1.0441	1.0545	0.9755
117.4999	1.0407	1.0509	0.9497
117.6523	1.0295	1.0480	0.9116
117.8047	1.0231	1.0443	0.9104
117.9571	1.0221	1.0389	0.9087
118.1095	1.0225	1.0329	0.9209
118.2619	1.0221	1.0296	0.9241
118.4143	1.0224	1.0322	0.9231
118.5667	1.0260	1.0404	0.9367
118.7191	1.0256	1.0506	0.9864
118.8715	1.0265	1.0585	0.9481
119.0239	1.0303	1.0608	0.9334
119.1763	1.0340	1.0584	0.9315
119.3287	1.0452	1.0559	0.9300
119.4811	1.0490	1.0572	0.9148
119.6335	1.0482	1.0624	0.9999
119.7859	1.0447	1.0682	1.0370
119.9383	1.0391	1.0701	1.0412
120.0907	1.0367	1.0651	1.0535
120.2431	1.0354	1.0545	0.9875
120.3955	1.0261	1.0435	0.8449
120.5479	1.0190	1.0360	0.8637
120.7003	1.0070	1.0318	0.9266
120.8527	0.9929	1.0284	0.9659
121.0051	0.9907	1.0234	0.9605
121.1575	0.9907	1.0161	0.9400
121.3099	0.9961	1.0092	0.7597
121.4623	0.9998	1.0064	0.7144
121.6147	1.0003	1.0089	0.8098
121.7671	1.0007	1.0152	0.9492
121.9195	1.0048	1.0219	0.9662
122.0719	1.0081	1.0265	0.9469
122.2243	1.0136	1.0282	0.9392
122.3767	1.0158	1.0278	0.9467
122.5291	1.0153	1.0266	0.9427
122.6815	1.0159	1.0247	0.9402
122.8339	1.0155	1.0214	0.9272
122.9863	1.0106	1.0163	0.9141
123.1387	1.0097	1.0119	0.8866
123.2911	1.0177	1.0130	0.8842
123.4435	1.0297	1.0231	0.8951
123.5959	1.0339	1.0412	0.8973
123.7483	1.0395	1.0652	0.9072
123.9007	1.0719	1.0935	0.9312
124.0531	1.0837	1.1227	0.9170
124.2055	1.0858	1.1445	0.9844
124.3579	1.0868	1.1486	1.1330
124.5103	1.0862	1.1310	1.1310
124.6627	1.0815	1.0994	1.1218
124.8151	1.0550	1.0664	0.9408
124.9675	1.0372	1.0393	0.9250
125.1199	1.0304	1.0181	0.9247
125.2723	1.0246	1.0019	0.8994
125.4247	1.0220	0.9928	0.8929
125.5771	1.0136	0.9934	0.8904
125.7295	1.0208	1.0031	0.9817
125.8819	1.0220	1.0179	1.0108
126.0343	1.0247	1.0319	1.0222
126.1867	1.0305	1.0399	1.0291
126.3391	1.0385	1.0397	1.0301
126.4915	1.0455	1.0347	1.0146
126.6439	1.0523	1.0299	0.9922
126.7963	1.0706	1.0289	0.9770
126.9487	1.1215	1.0375	0.9572
127.1011	1.1510	1.0650	1.0076
127.2535	1.1774	1.1179	1.0973
127.4059	1.2148	1.1937	1.1015
127.5583	1.2297	1.2803	1.1014
127.7107	1.2759	1.3559	1.0069
127.8631	1.3139	1.3959	1.1993
128.0155	1.2992	1.3910	1.3321
128.1679	1.2904	1.3514	1.3538
128.3203	1.2787	1.2957	1.4316
128.4727	1.2656	1.2438	1.4322
128.6251	1.2480	1.2059	1.1998
128.7775	1.1573	1.1754	1.0489
128.9299	1.1040	1.1408	1.1029
129.0823	1.0968	1.1010	1.1293
129.2347	1.0901	1.0646	1.1278
129.3871	1.0855	1.0415	1.0776
129.5395	1.0843	1.0373	1.0624
129.6919	1.1014	1.0524	0.9597
129.8443	1.1228	1.0825	0.9775
129.9967	1.1301	1.1202	0.9817
130.1491	1.1363	1.1551	0.9927
130.3015	1.1604	1.1765	1.0005
130.4539	1.1772	1.1815	0.9979
130.6063	1.1736	1.1756	1.0009
130.7587	1.1631	1.1650	1.0173
130.9111	1.1388	1.1528	1.0016
131.0635	1.1235	1.1379	1.0237
131.2159	1.1067	1.1160	1.0441
131.3683	1.0904	1.0852	0.9508
131.5207	1.0786	1.0492	0.9431
131.6731	1.0679	1.0151	0.9158
131.8255	1.0401	0.9899	0.9168
131.9779	1.0255	0.9782	0.9194
132.1303	1.0190	0.9792	0.9163
132.2827	1.0090	0.9877	0.9048
132.4351	1.0132	0.9976	0.9004
132.5875	1.0200	1.0045	0.9105
132.7399	1.0226	1.0078	0.9460
132.8923	1.0233	1.0103	0.9475
133.0447	1.0173	1.0129	0.9455
133.1971	1.0196	1.0107	0.9447
133.3495	1.0333	1.0019	0.9876
133.5019	1.0620	0.9974	0.9251
133.6543	1.0791	1.0145	0.7950
133.8067	1.0769	1.0635	0.8629
133.9591	1.0728	1.1374	1.0398
134.1115	1.0670	1.2026	1.1209
134.2639	1.0680	1.2149	1.0845
134.4163	1.0828	1.1691	1.0451
134.5687	1.0906	1.1056	0.9541
134.7211	1.0920	1.0631	0.8754
134.8735	1.0936	1.0574	0.8736
135.0259	1.0719	1.0868	0.8691
135.1783	1.0635	1.1340	1.0961
135.3307	1.0648	1.1715	1.2503
135.4831	1.0645	1.1804	1.1478
135.6355	1.0630	1.1627	1.1300
135.7879	1.0662	1.1319	1.0747
135.9403	1.0592	1.1017	0.9360
136.0927	1.0507	1.0817	0.9337
136.2451	1.0496	1.0745	0.9309
136.3975	1.0469	1.0785	0.9083
136.5499	1.0465	1.0908	0.9037
136.7023	1.0494	1.1098	0.8873
136.8547	1.0542	1.1339	1.0285
137.0071	1.0804	1.1630	1.1967
137.1595	1.1082	1.1962	1.1727
137.3119	1.1206	1.2290	1.1850
137.4643	1.1529	1.2563	1.2006
137.6167	1.1629	1.2752	1.1787
137.7691	1.1621	1.2803	1.1561
137.9215	1.1554	1.2636	1.2324
138.0739	1.1475	1.2258	1.1952
138.2263	1.1295	1.1802	1.1324
138.3787	1.0948	1.1428	0.9480
138.5311	1.0891	1.1221	0.8901
138.6835	1.0846	1.1147	0.9471
138.8359	1.0971	1.1105	1.0213
138.9883	1.1199	1.1067	1.0067
139.1407	1.1240	1.1138	0.8791
139.2931	1.1374	1.1447	1.3259
139.4455	1.1606	1.2011	1.4482
139.5979	1.1659	1.2646	1.6208
139.7503	1.1716	1.2982	1.4824
139.9027	1.1724	1.2775	1.2559
140.0551	1.1689	1.2185	1.2393
140.2075	1.1631	1.1545	1.1137
140.3599	1.1128	1.1043	0.9375
140.5123	1.0689	1.0713	0.9432
140.6647	1.0575	1.0521	0.9438
140.8171	1.0475	1.0425	0.9495
140.9695	1.0329	1.0402	0.9503
141.1219	1.0347	1.0435	0.9596
141.2743	1.0347	1.0500	0.9662
141.4267	1.0350	1.0591	0.9809
141.5791	1.0462	1.0726	0.9837
141.7315	1.0541	1.0906	0.9915
141.8839	1.0557	1.1087	1.0514
142.0363	1.0618	1.1209	1.0293
142.1887	1.0663	1.1236	1.0197
142.3411	1.0670	1.1160	1.0165
142.4935	1.0614	1.0991	1.0451
142.6459	1.0559	1.0758	1.0355
142.7983	1.0566	1.0518	1.0194
142.9507	1.0561	1.0332	0.9722
143.1031	1.0614	1.0248	0.9485
143.2555	1.0658	1.0297	0.9435
143.4079	1.0800	1.0479	0.9200
143.5603	1.1162	1.0759	0.9967
143.7127	1.1300	1.1099	1.0069
143.8651	1.1644	1.1504	1.0493
144.0175	1.1928	1.2009	1.1033
144.1699	1.2016	1.2606	1.1058
144.3223	1.2173	1.3187	1.1459
144.4747	1.2456	1.3552	1.1472
144.6271	1.2578	1.3546	1.1184
144.7795	1.2685	1.3255	1.0809
144.9319	1.2511	1.2933	0.9570
145.0843	1.2397	1.2732	0.9554
145.2367	1.2321	1.2619	1.0366
145.3891	1.2016	1.2487	1.1212
145.5415	1.1829	1.2263	1.0758
145.6939	1.1773	1.1953	1.0538
145.8463	1.1657	1.1629	1.0143
145.9987	1.1518	1.1385	0.9880
146.1511	1.1503	1.1262	1.0016
146.3035	1.1501	1.1256	0.9620
146.4559	1.1426	1.1340	1.0254
146.6083	1.1251	1.1447	1.0412
146.7607	1.1085	1.1460	1.1178
146.9131	1.1024	1.1299	1.0343
147.0655	1.0919	1.0994	0.9757
147.2179	1.0797	1.0655	0.9408
147.3703	1.0667	1.0394	0.9231
147.5227	1.0476	1.0272	0.9365
147.6751	1.0305	1.0281	0.9517
147.8275	1.0237	1.0364	0.9566
147.9799	1.0224	1.0461	0.9978
148.1323	1.0240	1.0540	0.9916
148.2847	1.0404	1.0638	0.9538
148.4371	1.0741	1.0851	0.9140
148.5895	1.0824	1.1259	0.9085
148.7419	1.0922	1.1843	0.9817
148.8943	1.1010	1.2443	1.0704
149.0467	1.1122	1.2804	1.1081
149.1991	1.1358	1.2763	1.2357
149.3515	1.1448	1.2405	1.0778
149.5039	1.1434	1.1958	1.0698
149.6563	1.1310	1.1611	1.0617
149.8087	1.1072	1.1436	1.0430
149.9611	1.0746	1.1377	0.9888
150.1135	1.0271	1.1284	0.9680
150.2659	1.0146	1.1039	0.9726
150.4183	1.0067	1.0656	0.9711
150.5707	1.0000	1.0263	0.9019
150.7231	1.0085	1.0006	0.8835
150.8755	1.0204	0.9986	0.8709
151.0279	1.0297	1.0234	0.8610
151.1803	1.0403	1.0705	0.8664
151.3327	1.0441	1.1254	0.8958
151.4851	1.0506	1.1652	1.1694
151.6375	1.0643	1.1713	1.2810
151.7899	1.0741	1.1466	1.0928
151.9423	1.0719	1.1104	1.0440
152.0947	1.0611	1.0795	0.9581
152.2471	1.0602	1.0598	0.9427
152.3995	1.0607	1.0503	0.9417
152.5519	1.0575	1.0512	0.9287
152.7043	1.0701	1.0664	0.9259
152.8567	1.0750	1.0981	0.9894
153.0091	1.0818	1.1405	1.0922
153.1615	1.1000	1.1795	1.1009
153.3139	1.1031	1.1986	1.1035
153.4663	1.1024	1.1917	1.0772
153.6187	1.1018	1.1685	1.0203
153.7711	1.0724	1.1417	1.0278
153.9235	1.0524	1.1148	1.0649
154.0759	1.0268	1.0856	1.0579
154.2283	1.0171	1.0547	1.0220
154.3807	1.0114	1.0268	1.0006
154.5331	1.0015	1.0075	0.9147
154.6855	0.9947	0.9998	0.9187
154.8379	0.9925	1.0004	0.9682
154.9903	0.9884	1.0032	0.9390
155.1427	0.9882	1.0059	0.9049
155.2951	0.9937	1.0119	0.9119
155.4475	0.9976	1.0257	0.9070
155.5999	1.0222	1.0480	0.8867
155.7523	1.0724	1.0763	0.8829
155.9047	1.0818	1.1067	0.8923
156.0571	1.0866	1.1367	1.0385
156.2095	1.0906	1.1643	1.0813
156.3619	1.0945	1.1847	1.0833
156.5143	1.0969	1.1877	1.1996
156.6667	1.0981	1.1664	0.9384
156.8191	1.0966	1.1299	0.9144
156.9715	1.0823	1.0987	0.9000
157.1239	1.0708	1.0885	0.9445
157.2763	1.0518	1.1025	0.9684
157.4287	1.0353	1.1314	0.9868
157.5811	1.0283	1.1570	0.9988
157.7335	1.0231	1.1600	1.0441
157.8859	1.0220	1.1339	1.0017
158.0383	1.0200	1.0886	0.8742
158.1907	1.0031	1.0408	0.8592
158.3431	0.9922	1.0039	0.8851
158.4955	0.9832	0.9842	0.9030
158.6479	0.9634	0.9789	0.9397
158.8003	0.9607	0.9811	0.9551
158.9527	0.9661	0.9873	0.9161
159.1051	0.9692	0.9977	0.9080
159.2575	0.9735	1.0125	0.8807
159.4099	0.9751	1.0292	0.8850
159.5623	0.9767	1.0431	0.8904
159.7147	0.9777	1.0501	0.9282
159.8671	0.9808	1.0508	0.9335
160.0195	0.9886	1.0508	0.9164
160.1719	0.9902	1.0528	0.9450
160.3243	0.9871	1.0531	1.0028
160.4767	0.9841	1.0463	0.9835
160.6291	0.9838	1.0326	0.9746
160.7815	0.9832	1.0180	0.9379
160.9339	0.9862	1.0117	0.8993
161.0863	0.9782	1.0177	0.9080
161.2387	0.9751	1.0314	0.9082
161.3911	0.9730	1.0430	0.9265
161.5435	0.9708	1.0458	0.9370
161.6959	0.9683	1.0381	0.9334
161.8483	0.9612	1.0207	0.9166
162.0007	0.9566	0.9964	0.8464
162.1531	0.9535	0.9698	0.8446
162.3055	0.9408	0.9469	0.8449
162.4579	0.9309	0.9336	0.8456
162.6103	0.9301	0.9324	0.8432
162.7627	0.9270	0.9398	0.8339
162.9151	0.9300	0.9491	0.8656
163.0675	0.9327	0.9566	0.8670
163.2199	0.9427	0.9641	0.8440
163.3723	0.9590	0.9757	0.8222
163.5247	0.9626	0.9934	0.8230
163.6771	0.9658	1.0140	0.8700
163.8295	0.9740	1.0303	0.9256
163.9819	0.9871	1.0371	0.9407
164.1343	0.9906	1.0367	0.9277
164.2867	0.9973	1.0351	0.9376
164.4391	1.0018	1.0361	0.9466
164.5915	0.9986	1.0394	0.9477
164.7439	0.9970	1.0409	0.9633
164.8963	0.9883	1.0359	0.9260
165.0487	0.9742	1.0233	0.9173
165.2011	0.9652	1.0056	0.9008
165.3535	0.9586	0.9864	0.8810
165.5059	0.9529	0.9688	0.8711
165.6583	0.9476	0.9564	0.8666
165.8107	0.9477	0.9537	0.8250
165.9631	0.9438	0.9631	0.8241
166.1155	0.9420	0.9812	0.9009
166.2679	0.9417	0.9980	0.9759
166.4203	0.9429	1.0024	1.0029
166.5727	0.9485	0.9923	0.9738
166.7251	0.9518	0.9764	0.8883
166.8775	0.9514	0.9655	0.8698
167.0299	0.9455	0.9644	0.8690
167.1823	0.9457	0.9711	0.8687
167.3347	0.9459	0.9807	0.8661
167.4871	0.9455	0.9891	0.9039
167.6395	0.9455	0.9940	0.9282
167.7919	0.9458	0.9942	0.8932
167.9443	0.9473	0.9898	0.8601
168.0967	0.9502	0.9826	0.8672
168.2491	0.9517	0.9759	0.8699
168.4015	0.9526	0.9736	0.8743
168.5539	0.9536	0.9764	0.8667
168.7063	0.9544	0.9825	0.8728
168.8587	0.9578	0.9894	0.8864
169.0111	0.9629	0.9962	0.8912
169.1635	0.9649	1.0029	0.8861
169.3159	0.9695	1.0099	0.8912
169.4683	0.9719	1.0163	0.8909
169.6207	0.9788	1.0214	0.9251
169.7731	0.9851	1.0262	0.9756
169.9255	0.9875	1.0324	0.9189
170.0779	0.9917	1.0411	0.9191
170.2303	0.9990	1.0514	0.9505
170.3827	0.9992	1.0602	0.9523
170.5351	0.9957	1.0624	0.9338
170.6875	0.9820	1.0540	0.9467
170.8399	0.9802	1.0353	0.9620
170.9923	0.9789	1.0114	0.9393
171.1447	0.9773	0.9900	0.8964
171.2971	0.9760	0.9782	0.8968
171.4495	0.9579	0.9773	0.8727
171.6019	0.9523	0.9817	0.9721
171.7543	0.9503	0.9836	0.9766
171.9067	0.9509	0.9780	0.9731
172.0591	0.9509	0.9661	0.9712
172.2115	0.9555	0.9549	0.9015
172.3639	0.9564	0.9517	0.8648
172.5163	0.9533	0.9576	0.8650
172.6687	0.9483	0.9677	0.8965
172.8211	0.9482	0.9757	0.8912
172.9735	0.9443	0.9765	0.8913
173.1259	0.9466	0.9705	0.8916
173.2783	0.9493	0.9634	0.8842
173.4307	0.9559	0.9612	0.8841
173.5831	0.9658	0.9663	0.8747
173.7355	0.9697	0.9778	0.8715
173.8879	0.9718	0.9929	0.8706
174.0403	0.9742	1.0075	0.9042
174.1927	0.9852	1.0196	0.8988
174.3451	1.0021	1.0295	0.8793
174.4975	1.0025	1.0362	1.0036
174.6499	1.0000	1.0377	1.0335
174.8023	0.9991	1.0335	1.0332
174.9547	0.9957	1.0244	1.0393
175.1071	0.9874	1.0116	0.9985
175.2595	0.9833	0.9970	0.8498
175.4119	0.9711	0.9821	0.8507
175.5643	0.9603	0.9676	0.8837
175.7167	0.9563	0.9554	0.8874
175.8691	0.9548	0.9473	0.8750
176.0215	0.9428	0.9433	0.8549
176.1739	0.9454	0.9436	0.8563
176.3263	0.9474	0.9486	0.8601
176.4787	0.9561	0.9578	0.8639
176.6311	0.9636	0.9685	0.8668
176.7835	0.9740	0.9786	0.8664
176.9359	0.9886	0.9880	0.9006
177.0883	0.9978	0.9983	0.9577
177.2407	1.0071	1.0115	0.9639
177.3931	1.0186	1.0278	0.9378
177.5455	1.0266	1.0449	0.9335
177.6979	1.0338	1.0610	0.9410
177.8503	1.0553	1.0772	0.9485
178.0027	1.0661	1.0953	0.9560
178.1551	1.0693	1.1147	0.9663
178.3075	1.0793	1.1337	0.9949
178.4599	1.0801	1.1496	0.9996
178.6123	1.0705	1.1549	1.0337
178.7647	1.0658	1.1399	1.1081
178.9171	1.0629	1.1024	1.0531
179.0695	1.0595	1.0521	1.0394
179.2219	1.0385	1.0053	0.9833
179.3743	1.0153	0.9759	0.8647
179.5267	1.0113	0.9689	0.8561
179.6791	1.0033	0.9792	0.8464
179.8315	0.9951	0.9971	0.8450
179.9839	0.9935	1.0140	0.8441
180.1363	1.0021	1.0255	0.8942
180.2887	1.0037	1.0326	0.9843
180.4411	1.0034	1.0381	0.9904
180.5935	1.0008	1.0405	0.9865
180.7459	0.9980	1.0347	0.9324
180.8983	0.9963	1.0179	0.9080
181.0507	0.9887	0.9940	0.8415
181.2031	0.9713	0.9709	0.8337
181.3555	0.9663	0.9565	0.8355
181.5079	0.9592	0.9545	0.8570
181.6603	0.9576	0.9643	0.8729
181.8127	0.9599	0.9807	0.8738
181.9651	0.9650	0.9967	0.8892
182.1175	0.9661	1.0056	0.9324
182.2699	0.9667	1.0045	0.9116
182.4223	0.9681	0.9945	0.9177
182.5747	0.9646	0.9798	0.8913
182.7271	0.9606	0.9658	0.8580
182.8795	0.9598	0.9571	0.8654
183.0319	0.9554	0.9548	0.8831
183.1843	0.9538	0.9575	0.8788
183.3367	0.9569	0.9633	0.8590
183.4891	0.9687	0.9717	0.8667
183.6415	0.9920	0.9843	0.8483
183.7939	1.0147	1.0032	0.8568
183.9463	1.0402	1.0298	0.8841
184.0987	1.0493	1.0626	0.9604
184.2511	1.0575	1.0958	0.9810
184.4035	1.0770	1.1221	1.0518
184.5559	1.0909	1.1349	1.0322
184.7083	1.0942	1.1318	1.0034
184.8607	1.0936	1.1179	0.9714
185.0131	1.0850	1.1017	0.9675
185.1655	1.0791	1.0865	0.9619
185.3179	1.0601	1.0681	0.9798
185.4703	1.0151	1.0425	0.9472
185.6227	0.9997	1.0110	0.9210
185.7751	0.9937	0.9811	0.8658
185.9275	0.9891	0.9621	0.8572
186.0799	0.9851	0.9592	0.8569
186.2323	0.9774	0.9694	0.8507
186.3847	0.9626	0.9839	0.9088
186.5371	0.9578	0.9927	0.9536
186.6895	0.9547	0.9899	0.9142
186.8419	0.9534	0.9763	0.9054
186.9943	0.9523	0.9589	0.9058
187.1467	0.9524	0.9452	0.8642
187.2991	0.9521	0.9385	0.8246
187.4515	0.9518	0.9382	0.8338
187.6039	0.9438	0.9419	0.8353
187.7563	0.9432	0.9473	0.8293
187.9087	0.9371	0.9524	0.8301
188.0611	0.9373	0.9564	0.8458
188.2135	0.9407	0.9607	0.8438
188.3659	0.9533	0.9681	0.8362
188.5183	0.9547	0.9807	0.8494
188.6707	0.9537	0.9953	0.8524
188.8231	0.9515	1.0032	0.9675
188.9755	0.9519	0.9965	0.9922
189.1279	0.9550	0.9769	0.9060
189.2803	0.9483	0.9551	0.7988
189.4327	0.9430	0.9418	0.8041
189.5851	0.9418	0.9401	0.8078
189.7375	0.9416	0.9448	0.8396
189.8899	0.9377	0.9490	0.8291
190.0423	0.9460	0.9501	0.8393
190.1947	0.9483	0.9507	0.8402
190.3471	0.9540	0.9540	0.8578
190.4995	0.9577	0.9604	0.8596
190.6519	0.9593	0.9675	0.8571
190.8043	0.9628	0.9727	0.8864
190.9567	0.9655	0.9759	0.8618
191.1091	0.9702	0.9783	0.8702
191.2615	0.9728	0.9802	0.8557
191.4139	0.9751	0.9816	0.8657
191.5663	0.9810	0.9832	0.8694
191.7187	0.9933	0.9864	0.8478
191.8711	1.0012	0.9930	0.8524
192.0235	1.0134	1.0042	0.8839
192.1759	1.0178	1.0191	0.9151
192.3283	1.0214	1.0348	0.9198
192.4807	1.0320	1.0477	0.9306
192.6331	1.0354	1.0554	0.9307
192.7855	1.0421	1.0576	0.9386
192.9379	1.0388	1.0568	0.9136
193.0903	1.0365	1.0552	0.9077
193.2427	1.0357	1.0532	0.8950
193.3951	1.0332	1.0502	0.9523
193.5475	1.0252	1.0461	0.9463
193.6999	1.0245	1.0417	0.9619
193.8523	1.0251	1.0385	0.9548
194.0047	1.0264	1.0371	0.9486
194.1571	1.0281	1.0367	0.9464
194.3095	1.0340	1.0375	0.9487
194.4619	1.0608	1.0427	0.9503
194.6143	1.0700	1.0556	0.9738
194.7667	1.0743	1.0755	1.0673
194.9191	1.0797	1.0963	1.0934
195.0715	1.0841	1.1096	1.0931
195.2239	1.0934	1.1109	1.0792
195.3763	1.1069	1.1043	0.9937
195.5287	1.1078	1.0973	0.9814
195.6811	1.1053	1.0943	0.9298
195.8335	1.0955	1.0953	0.9491
195.9859	1.0895	1.0976	0.9547
196.1383	1.0722	1.0956	0.9625
196.2907	1.0701	1.0847	0.9737
196.4431	1.0683	1.0659	0.9591
196.5955	1.0671	1.0453	0.9438
196.7479	1.0653	1.0308	0.9287
196.9003	1.0587	1.0279	0.9249
197.0527	1.0475	1.0361	0.9153
197.2051	1.0454	1.0487	0.9762
197.3575	1.0445	1.0568	0.9884
197.5099	1.0445	1.0557	0.9998
197.6623	1.0503	1.0484	0.9606
197.8147	1.0622	1.0439	0.9736
197.9671	1.0577	1.0500	0.9755
198.1195	1.0571	1.0666	0.9930
198.2719	1.0542	1.0856	0.9891
198.4243	1.0515	1.0961	1.0287
198.5767	1.0539	1.0928	1.0217
198.7291	1.0543	1.0800	0.9230
198.8815	1.0501	1.0661	0.9336
199.0339	1.0470	1.0571	0.9349
199.1863	1.0442	1.0547	0.9543
199.3387	1.0393	1.0573	0.9641
199.4911	1.0319	1.0610	0.9926
199.6435	1.0274	1.0610	0.9906
199.7959	1.0179	1.0548	0.9834
199.9483	1.0043	1.0437	0.9743
200.1007	0.9827	1.0292	0.9696
200.2531	0.9620	1.0110	0.9674
200.4055	0.9570	0.9881	0.8613
200.5579	0.9510	0.9636	0.8303
200.7103	0.9556	0.9440	0.8056
200.8627	0.9649	0.9375	0.7749
201.0151	0.9792	0.9499	0.8578
201.1675	0.9959	0.9821	0.9513
201.3199	1.0171	1.0300	0.9886
201.4723	1.0418	1.0839	1.0549
201.6247	1.0767	1.1283	1.1206
201.7771	1.0849	1.1461	1.0458
201.9295	1.0862	1.1325	1.0520
202.0819	1.0872	1.0998	0.9991
202.2343	1.0809	1.0658	0.9112
202.3867	1.0579	1.0419	0.9213
202.5391	1.0482	1.0311	0.9110
202.6915	1.0373	1.0307	0.8890
202.8439	1.0278	1.0356	0.9142
202.9963	1.0253	1.0406	0.9265
203.1487	1.0143	1.0401	0.9626
203.3011	1.0052	1.0312	0.9080
203.4535	1.0033	1.0158	0.8880
203.6059	1.0008	1.0001	0.9181
203.7583	1.0003	0.9901	0.8710
203.9107	1.0001	0.9883	0.8664
204.0631	1.0025	0.9937	0.8926
204.2155	1.0046	1.0042	0.9087
204.3679	1.0110	1.0186	0.9046
204.5203	1.0233	1.0358	0.9221
204.6727	1.0300	1.0535	1.0330
204.8251	1.0371	1.0692	1.0141
204.9775	1.0479	1.0827	0.9334
205.1299	1.0492	1.0952	0.9129
205.2823	1.0614	1.1060	0.9110
205.4347	1.0674	1.1122	1.0489
205.5871	1.0674	1.1109	1.0359
205.7395	1.0716	1.1029	1.0009
205.8919	1.0820	1.0936	1.0123
206.0443	1.0852	1.0889	1.0184
206.1967	1.0870	1.0911	0.9940
206.3491	1.0835	1.0984	1.0061
206.5015	1.0868	1.1077	0.9994
206.6539	1.0883	1.1164	1.0010
206.8063	1.0960	1.1229	1.0006
206.9587	1.0990	1.1274	0.9984
207.1111	1.0994	1.1308	0.9961
207.2635	1.0962	1.1314	1.0045
207.4159	1.0950	1.1267	0.9728
207.5683	1.0957	1.1178	0.9742
207.7207	1.0969	1.1106	0.9907
207.8731	1.0988	1.1116	0.9975
208.0255	1.1026	1.1235	0.9931
208.1779	1.0942	1.1413	0.9807
208.3303	1.0903	1.1540	1.0223
208.4827	1.0883	1.1533	1.0762
208.6351	1.0857	1.1412	1.0564
208.7875	1.0780	1.1249	1.0260
208.9399	1.0665	1.1091	0.9624
209.0923	1.0608	1.0933	0.9471
209.2447	1.0496	1.0746	0.9526
209.3971	1.0311	1.0531	0.9504
209.5495	1.0231	1.0338	0.9504
209.7019	1.0190	1.0222	0.9144
209.8543	1.0088	1.0203	0.8873
210.0067	1.0077	1.0259	0.8850
210.1591	1.0073	1.0355	0.8925
210.3115	1.0063	1.0455	0.9340
210.4639	1.0084	1.0532	0.9595
210.6163	1.0106	1.0572	0.9607
210.7687	1.0192	1.0585	0.9355
210.9211	1.0399	1.0594	0.9177
211.0735	1.0496	1.0624	0.9195
211.2259	1.0569	1.0700	0.9452
211.3783	1.0614	1.0829	1.0006
211.5307	1.0644	1.0991	1.0028
211.6831	1.0690	1.1143	1.0117
211.8355	1.0685	1.1231	0.9905
211.9879	1.0649	1.1207	0.9737
212.1403	1.0602	1.1065	0.9546
212.2927	1.0540	1.0850	0.9541
212.4451	1.0477	1.0628	0.9317
212.5975	1.0329	1.0465	0.8972
212.7499	1.0246	1.0407	0.9310
212.9023	1.0197	1.0461	0.9653
213.0547	1.0135	1.0585	0.9654
213.2071	1.0127	1.0704	0.9542
213.3595	1.0119	1.0741	0.9507
213.5119	1.0105	1.0650	0.9045
213.6643	1.0084	1.0454	0.9102
213.8167	1.0079	1.0228	0.9010
213.9691	1.0095	1.0053	0.9336
214.1215	1.0146	0.9990	0.8764
214.2739	1.0308	1.0065	0.8648
214.4263	1.0387	1.0267	0.8698
214.5787	1.0528	1.0555	0.9092
214.7311	1.0521	1.0877	0.9163
214.8835	1.0529	1.1149	0.9143
215.0359	1.0484	1.1242	0.9705
215.1883	1.0358	1.1061	0.9397
215.3407	1.0357	1.0669	0.9190
215.4931	1.0406	1.0266	0.8282
215.6455	1.0461	1.0051	0.7991
215.7979	1.0566	1.0139	0.8004
215.9503	1.0843	1.0550	0.8643
216.1027	1.1026	1.1232	1.0656
216.2551	1.1398	1.2090	1.1299
216.4075	1.2036	1.3012	1.3120
216.5599	1.2665	1.3849	1.3387
216.7123	1.2962	1.4469	1.3532
216.8647	1.3948	1.4906	1.4221
217.0171	1.4903	1.5359	1.4576
217.1695	1.5273	1.6004	1.4662
217.3219	1.5763	1.6846	1.4193
217.4743	1.6217	1.7650	1.3390
217.6267	1.6414	1.8057	1.3391
217.7791	1.6607	1.7933	1.4386
217.9315	1.6820	1.7522	1.5765
218.0839	1.6862	1.7157	1.6050
218.2363	1.6865	1.7000	1.5847
218.3887	1.6865	1.7039	1.5615
218.5411	1.6614	1.7141	1.5743
218.6935	1.6490	1.7128	1.5694
218.8459	1.6253	1.6908	1.5076
218.9983	1.6172	1.6562	1.4663
219.1507	1.6054	1.6249	1.4568
219.3031	1.5759	1.6071	1.3768
219.4555	1.5497	1.5999	1.3437
219.6079	1.5363	1.5887	1.3371
219.7603	1.4903	1.5595	1.3262
219.9127	1.4518	1.5107	1.3352
220.0651	1.4325	1.4513	1.3368
220.2175	1.4032	1.3907	1.2588
220.3699	1.3799	1.3363	1.2012
220.5223	1.3652	1.2928	1.1879
220.6747	1.3151	1.2622	1.0482
220.8271	1.2906	1.2447	1.0391
220.9795	1.2844	1.2371	1.0528
221.1319	1.2767	1.2322	1.0696
221.2843	1.2755	1.2250	1.0928
221.4367	1.2771	1.2189	1.0758
221.5891	1.2859	1.2203	1.0866
221.7415	1.3171	1.2344	1.1152
221.8939	1.3455	1.2648	1.1134
222.0463	1.3649	1.3123	1.1566
222.1987	1.3949	1.3726	1.2297
222.3511	1.4243	1.4492	1.2301
222.5035	1.4423	1.5645	1.3060
222.6559	1.5103	1.7460	1.6436
222.8083	1.6692	2.0024	1.7881
222.9607	1.7382	2.2881	1.8354
223.1131	1.7589	2.4727	1.8751
223.2655	1.8392	2.4469	1.8755
223.4179	1.9195	2.2828	1.8751
223.5703	1.9195	2.1107	1.8176
223.7227	1.8657	1.9782	1.5514
223.8751	1.7018	1.8833	1.4645
224.0275	1.6465	1.8101	1.4484
224.1799	1.6025	1.7318	1.3764
224.3323	1.4857	1.6320	1.3992
224.4847	1.4159	1.5203	1.3969
224.6371	1.4025	1.4187	1.3427
224.7895	1.3934	1.3460	1.2359
224.9419	1.3930	1.3109	1.2241
225.0943	1.3959	1.3084	1.2045
225.2467	1.4007	1.3302	1.1912
225.3991	1.4269	1.3750	1.2634
225.5515	1.5000	1.4434	1.3200
225.7039	1.5364	1.5256	1.3704
225.8563	1.5551	1.5993	1.4121
226.0087	1.5755	1.6394	1.4316
226.1611	1.5899	1.6400	1.4470
226.3135	1.5991	1.6223	1.4491
226.4659	1.6401	1.6080	1.4097
226.6183	1.6798	1.5984	1.4144
226.7707	1.6781	1.5843	1.4202
226.9231	1.6505	1.5613	1.4122
227.0755	1.6445	1.5345	1.4029
227.2279	1.6441	1.5158	1.4010
227.3803	1.6468	1.5149	1.3412
227.5327	1.6491	1.5341	1.2739
227.6851	1.6322	1.5722	1.2590
227.8375	1.6246	1.6276	1.2181
227.9899	1.6183	1.6929	1.1998
228.1423	1.6119	1.7466	1.2040
228.2947	1.6080	1.7580	1.2571
228.4471	1.6075	1.7146	1.3606
228.5995	1.6230	1.6426	1.2163
228.7519	1.6370	1.5838	1.1697
228.9043	1.6139	1.5627	1.1515
229.0567	1.5507	1.5771	1.1634
229.2091	1.5279	1.6007	1.1828
229.3615	1.5179	1.5981	1.2131
229.5139	1.4938	1.5547	1.3312
229.6663	1.4764	1.4871	1.2893
229.8187	1.4745	1.4252	1.2424
229.9711	1.4733	1.3912	1.2181
230.1235	1.5475	1.3902	1.2129
230.2759	1.6434	1.4188	1.2074
230.4283	1.7172	1.4867	1.1978
230.5807	1.7661	1.6204	1.2731
230.7331	1.7948	1.8342	1.2986
230.8855	1.8503	2.0812	1.5022
231.0379	1.9674	2.2324	1.7599
231.1903	1.9920	2.1958	1.6723
231.3427	2.0252	2.0584	1.7042
231.4951	2.0981	1.9611	1.8548
231.6475	2.0534	1.9385	1.8980
231.7999	1.8933	1.9237	1.8953
231.9523	1.5539	1.8418	1.6168
232.1047	1.4484	1.6898	1.4668
232.2571	1.3959	1.5174	1.3174
232.4095	1.2977	1.3725	1.0641
232.5619	1.2604	1.2775	1.0332
232.7143	1.2586	1.2285	1.0083
232.8667	1.2654	1.2150	1.0575
233.0191	1.2854	1.2357	1.0656
233.1715	1.3834	1.2953	1.1403
233.3239	1.4391	1.3943	1.3787
233.4763	1.4560	1.5240	1.4474
233.6287	1.5052	1.6605	1.4503
233.7811	1.5953	1.7601	1.4486
233.9335	1.6335	1.7860	1.4618
234.0859	1.6507	1.7466	1.6156
234.2383	1.6710	1.6811	1.5979
234.3907	1.6613	1.6216	1.5965
234.5431	1.6597	1.5819	1.5318
234.6955	1.6550	1.5609	1.3625
234.8479	1.5990	1.5477	1.3641
235.0003	1.5644	1.5322	1.3520
235.1527	1.5627	1.5142	1.3079
235.3051	1.5621	1.5004	1.3141
235.4575	1.5598	1.4974	1.3206
235.6099	1.5638	1.5078	1.3341
235.7623	1.5823	1.5309	1.3789
235.9147	1.5896	1.5607	1.3943
236.0671	1.5940	1.5874	1.4042
236.2195	1.6085	1.6017	1.3938
236.3719	1.6141	1.5998	1.3949
236.5243	1.6212	1.5867	1.3908
236.6767	1.6438	1.5736	1.3198
236.8291	1.6851	1.5691	1.3040
236.9815	1.7049	1.5769	1.3014
237.1339	1.7375	1.6019	1.3373
237.2863	1.7578	1.6505	1.4278
237.4387	1.7671	1.7195	1.4717
237.5911	1.7807	1.7868	1.6019
237.7435	1.7903	1.8151	1.5238
237.8959	1.8061	1.7846	1.4480
238.0483	1.8285	1.7195	1.4601
238.2007	1.8064	1.6663	1.4910
238.3531	1.7941	1.6546	1.5853
238.5055	1.7903	1.6846	1.6759
238.6579	1.8068	1.7374	1.6890
238.8103	1.8181	1.7929	1.6606
238.9627	1.8175	1.8397	1.4750
239.1151	1.8043	1.8691	1.4860
239.2675	1.7949	1.8709	1.4986
239.4199	1.7993	1.8425	1.5094
239.5723	1.8123	1.7943	1.5765
239.7247	1.8401	1.7509	1.5595
239.8771	1.8641	1.7562	1.5670
240.0295	2.0179	1.8681	1.6104
240.1819	2.1677	2.1514	2.0250
240.3343	2.2098	2.6798	2.1556
240.4867	2.2415	3.4819	2.6069
240.6391	2.2726	4.2661	3.4062
240.7915	2.3095	4.3213	3.7414
240.9439	2.3816	3.6233	4.3267
241.0963	2.4334	2.8534	2.7834
241.2487	2.4392	2.3167	2.5782
241.4011	2.4164	2.0171	2.5062
241.5535	2.3780	1.9087	2.4195
241.7059	2.3628	1.9435	2.2249
241.8583	2.2674	2.0627	1.6057
242.0107	2.1647	2.1906	1.5377
242.1631	2.1440	2.2518	1.5336
242.3155	2.0893	2.2196	1.8978
242.4679	2.0726	2.1414	2.3103
242.6203	2.0774	2.0829	2.3160
242.7727	2.0788	2.0652	2.1905
242.9251	2.1008	2.0690	1.9400
243.0775	2.0500	2.0721	1.9110
243.2299	2.0277	2.0617	1.7728
243.3823	2.0001	2.0227	1.6667
243.5347	1.9166	1.9394	1.6692
243.6871	1.8931	1.8170	1.6536
243.8395	1.8995	1.6918	1.4973
243.9919	1.8987	1.6093	1.3879
244.1443	1.8985	1.5979	1.3612
244.2967	1.9029	1.6665	1.3988
244.4491	1.9283	1.8111	1.4874
244.6015	1.9499	2.0111	1.6583
244.7539	1.9514	2.2170	1.8245
244.9063	1.9674	2.3591	1.8754
245.0587	2.0297	2.3899	1.8832
245.2111	2.0957	2.3220	1.9796
245.3635	2.1089	2.2123	2.0447
245.5159	2.1874	2.1134	1.9502
245.6683	2.2113	2.0462	1.8671
245.8207	2.1909	2.0060	1.8304
245.9731	2.1450	1.9762	1.6722
246.1255	2.0088	1.9334	1.5823
246.2779	1.9266	1.8530	1.5856
246.4303	1.8182	1.7273	1.4588
246.5827	1.7202	1.5789	1.1953
246.7351	1.6785	1.4473	1.1532
246.8875	1.6349	1.3650	1.1168
247.0399	1.6279	1.3502	1.0424
247.1923	1.6059	1.4085	1.0366
247.3447	1.5469	1.5276	1.0190
247.4971	1.5415	1.6663	1.0530
247.6495	1.5586	1.7613	1.0293
247.8019	1.6089	1.7747	1.1144
247.9543	1.6292	1.7300	1.1670
248.1067	1.6668	1.6802	1.2551
248.2591	1.7242	1.6606	1.3938
248.4115	1.7388	1.6772	1.4416
248.5639	1.7809	1.7193	1.6958
248.7163	1.7731	1.7713	1.7638
248.8687	1.7576	1.8162	1.7580
249.0211	1.7509	1.8401	1.6379
249.1735	1.7397	1.8403	1.5699
249.3259	1.7347	1.8234	1.5685
249.4783	1.7204	1.7953	1.5052
249.6307	1.6829	1.7594	1.4921
249.7831	1.6625	1.7204	1.4863
249.9355	1.6610	1.6871	1.4758
250.0879	1.6655	1.6689	1.4424
250.2403	1.6730	1.6718	1.4398
250.3927	1.6820	1.6961	1.4332
250.5451	1.7207	1.7370	1.3831
250.6975	1.7379	1.7844	1.4317
250.8499	1.7433	1.8227	1.4384
251.0023	1.7482	1.8353	1.4385
251.1547	1.7537	1.8184	1.6593
251.3071	1.7583	1.7887	1.6113
251.4595	1.7924	1.7684	1.5444
251.6119	1.8163	1.7663	1.5639
251.7643	1.8130	1.7769	1.5648
251.9167	1.7784	1.7881	1.5699
252.0691	1.7333	1.7870	1.6090
252.2215	1.7271	1.7677	1.6314
252.3739	1.7142	1.7386	1.5905
252.5263	1.6892	1.7148	1.5694
252.6787	1.6793	1.7033	1.5657
252.8311	1.6629	1.6961	1.4952
252.9835	1.6552	1.6799	1.3815
253.1359	1.6599	1.6528	1.3766
253.2883	1.6640	1.6311	1.3712
253.4407	1.6664	1.6346	1.4134
253.5931	1.6409	1.6673	1.4455
253.7455	1.6349	1.7082	1.4604
253.8979	1.6353	1.7241	1.5171
254.0503	1.6357	1.6995	1.4981
254.2027	1.6428	1.6539	1.4825
254.3551	1.6645	1.6206	1.4628
254.5075	1.6666	1.6202	1.4729
254.6599	1.6626	1.6523	1.4244
254.8123	1.6417	1.6974	1.4049
254.9647	1.6316	1.7277	1.4048
255.1171	1.6320	1.7269	1.4066
255.2695	1.6302	1.6998	1.4156
255.4219	1.6303	1.6601	1.4379
255.5743	1.6105	1.6189	1.4256
255.7267	1.5927	1.5865	1.3764
255.8791	1.5760	1.5694	1.3258
256.0315	1.5390	1.5642	1.3146
256.1839	1.5148	1.5582	1.3134
256.3363	1.5088	1.5404	1.2443
256.4887	1.5100	1.5126	1.2372
256.6411	1.5046	1.4876	1.2826
256.7935	1.5012	1.4776	1.3030
256.9459	1.4878	1.4835	1.2679
257.0983	1.4684	1.4926	1.2166
257.2507	1.4686	1.4890	1.2136
257.4031	1.4794	1.4680	1.1897
257.5555	1.5094	1.4380	1.1842
257.7079	1.5209	1.4125	1.1870
257.8603	1.5218	1.4046	1.2179
258.0127	1.5127	1.4206	1.2558
258.1651	1.5124	1.4520	1.2558
258.3175	1.5006	1.4776	1.2694
258.4699	1.4866	1.4817	1.2463
258.6223	1.4905	1.4719	1.2258
258.7747	1.4920	1.4742	1.2023
258.9271	1.5188	1.5133	1.2194
259.0795	1.5271	1.5919	1.2205
259.2319	1.5263	1.6784	1.2122
259.3843	1.5064	1.7200	1.2503
259.5367	1.5050	1.6897	1.2302
259.6891	1.5098	1.6140	1.2511
259.8415	1.5308	1.5418	1.3421
259.9939	1.5420	1.5072	1.3221
260.1463	1.5500	1.5181	1.3134
260.2987	1.5625	1.5614	1.2387
260.4511	1.5569	1.6123	1.2267
260.6035	1.5439	1.6445	1.2305
260.7559	1.5311	1.6433	1.3244
260.9083	1.5316	1.6154	1.3473
261.0607	1.5297	1.5807	1.3445
261.2131	1.5278	1.5543	1.2989
261.3655	1.5286	1.5401	1.2925
261.5179	1.5266	1.5363	1.2952
261.6703	1.5283	1.5412	1.3336
261.8227	1.5286	1.5531	1.3417
261.9751	1.5291	1.5662	1.3621
262.1275	1.5300	1.5702	1.3834
262.2799	1.5306	1.5575	1.3779
262.4323	1.5315	1.5321	1.4322
262.5847	1.5267	1.5070	1.4423
262.7371	1.5255	1.4937	1.4062
262.8895	1.5218	1.4953	1.3952
263.0419	1.5167	1.5060	1.3540
263.1943	1.5129	1.5178	1.3463
263.3467	1.5022	1.5258	1.3258
263.4991	1.5023	1.5290	1.3275
263.6515	1.5018	1.5281	1.3282
263.8039	1.5034	1.5258	1.3251
263.9563	1.5051	1.5238	1.3286
264.1087	1.4991	1.5200	1.3235
264.2611	1.4945	1.5120	1.3390
264.4135	1.4926	1.5001	1.3412
264.5659	1.4908	1.4866	1.3417
264.7183	1.4888	1.4754	1.3467
264.8707	1.4844	1.4711	1.3338
265.0231	1.4772	1.4755	1.3112
265.1755	1.4746	1.4852	1.2822
265.3279	1.4664	1.4940	1.2838
265.4803	1.4547	1.4954	1.3038
265.6327	1.4537	1.4861	1.3301
265.7851	1.4531	1.4720	1.3319
265.9375	1.4562	1.4658	1.3135
266.0899	1.4647	1.4759	1.2766
266.2423	1.4652	1.4986	1.2919
266.3947	1.4632	1.5204	1.3162
266.5471	1.4544	1.5257	1.3270
266.6995	1.4501	1.5095	1.3274
266.8519	1.4525	1.4826	1.2685
267.0043	1.4594	1.4607	1.2405
267.1567	1.4614	1.4520	1.2527
267.3091	1.4574	1.4582	1.2858
267.4615	1.4549	1.4768	1.3218
267.6139	1.4539	1.4988	1.2770
267.7663	1.4528	1.5100	1.2752
267.9187	1.4511	1.5014	1.2908
268.0711	1.4475	1.4778	1.3109
268.2235	1.4475	1.4544	1.3814
268.3759	1.4487	1.4462	1.3754
268.5283	1.4540	1.4584	1.3660
268.6807	1.4555	1.4823	1.3563
268.8331	1.4523	1.5038	1.3649
268.9855	1.4447	1.5134	1.3324
269.1379	1.4437	1.5103	1.3032
269.2903	1.4463	1.4984	1.2905
269.4427	1.4508	1.4839	1.2747
269.5951	1.4530	1.4736	1.2768
269.7475	1.4576	1.4714	1.2986
269.8999	1.4622	1.4779	1.2865
270.0523	1.4639	1.4902	1.2946
270.2047	1.4632	1.5024	1.3212
270.3571	1.4607	1.5089	1.3027
270.5095	1.4607	1.5094	1.3028
270.6619	1.4616	1.5078	1.3131
270.8143	1.4654	1.5079	1.3146
270.9667	1.4701	1.5105	1.3045
271.1191	1.4708	1.5142	1.3069
271.2715	1.4715	1.5170	1.3083
271.4239	1.4630	1.5176	1.3175
271.5763	1.4595	1.5141	1.3245
271.7287	1.4512	1.5035	1.3274
271.8811	1.4320	1.4839	1.3115
272.0335	1.4236	1.4576	1.3026
272.1859	1.4118	1.4284	1.2650
272.3383	1.3797	1.3993	1.2165
272.4907	1.3707	1.3726	1.2116
272.6431	1.3668	1.3509	1.1791
272.7955	1.3642	1.3393	1.1948
272.9479	1.3640	1.3424	1.2170
273.1003	1.3638	1.3597	1.2257
273.2527	1.3683	1.3828	1.2699
273.4051	1.3778	1.4013	1.2686
273.5575	1.3849	1.4109	1.2578
273.7099	1.3893	1.4148	1.2356
273.8623	1.3948	1.4184	1.2216
274.0147	1.4001	1.4245	1.2312
274.1671	1.4068	1.4350	1.2339
274.3195	1.4312	1.4525	1.2469
274.4719	1.4467	1.4787	1.2639
274.6243	1.4536	1.5096	1.2819
274.7767	1.4535	1.5346	1.3211
274.9291	1.4538	1.5405	1.3394
275.0815	1.4515	1.5210	1.3535
275.2339	1.4519	1.4824	1.3193
275.3863	1.4519	1.4388	1.1948
275.5387	1.4515	1.4032	1.1515
275.6911	1.4512	1.3835	1.1600
275.8435	1.4507	1.3811	1.1621
275.9959	1.4504	1.3905	1.1838
276.1483	1.4501	1.4024	1.1868
276.3007	1.4497	1.4099	1.1828
276.4531	1.4493	1.4112	1.1811
276.6055	1.4487	1.4077	1.1827
276.7579	1.4486	1.4027	1.1789
276.9103	1.4481	1.3995	1.1750
277.0627	1.4480	1.3988	1.1762
277.2151	1.4476	1.4000	1.1769
277.3675	1.4473	1.4017	1.1750
277.5199	1.4473	1.4029	1.1747
277.6723	1.4472	1.4026	1.1767
277.8247	1.4471	1.4011	1.1755
277.9771	1.4470	1.3994	1.1770
278.1295	1.4468	1.3983	1.1795
278.2819	1.4466	1.3981	1.1801
278.4343	1.4465	1.3988	1.1817
278.5867	1.4465	1.3997	1.1832
278.7391	1.4465	1.4004	1.1836
278.8915	1.4462	1.4007	1.1878
279.0439	1.4463	1.4007	1.1901
279.1963	1.4461	1.4004	1.1900
279.3487	1.4462	1.4001	1.1917
279.5011	1.4465	1.3999	1.1884
279.6535	1.4465	1.3997	1.1850
279.8059	1.4465	1.3996	1.1846
279.9583	1.4465	1.3996	1.1846