HOLE:	1230A
LEG:	201
TOP:	75.5904
BOTTOM:	273.8628
DEPTH_WMSF	SGR	CGR	POTA	THOR	URAN	
m	gAPI	gAPI	%	ppm	ppm	
75.5904	20.3042	5.8356	0.1055	1.1856	1.6346
75.7428	17.7833	4.9915	0.0932	0.9992	1.4451
75.8952	18.3477	4.7466	0.0860	0.9636	1.5365
76.0476	19.4472	4.7735	0.0784	1.0095	1.6577
76.2000	19.0686	4.5007	0.0624	1.0102	1.6458
76.3524	19.5054	4.8334	0.0686	1.0771	1.6575
76.5048	20.0663	5.4492	0.0949	1.1251	1.6513
76.6572	21.3941	6.1124	0.1174	1.2071	1.7264
76.8096	22.7546	6.7286	0.1286	1.3316	1.8105
76.9620	22.7827	6.9887	0.1267	1.4181	1.7843
77.1144	19.3530	5.9639	0.0958	1.2726	1.5126
77.2668	17.0606	5.0738	0.0637	1.1724	1.3542
77.4192	16.4361	4.5844	0.0465	1.1152	1.3389
77.5716	15.6896	4.1005	0.0376	1.0177	1.3093
77.7240	15.3521	3.9864	0.0324	1.0107	1.2840
77.8764	17.4140	4.6437	0.0331	1.2005	1.4427
78.0288	18.2227	5.0021	0.0260	1.3424	1.4936
78.1812	17.8017	5.3692	0.0267	1.4466	1.4045
78.3336	18.2533	6.3001	0.0528	1.5890	1.3504
78.4860	19.0321	6.5341	0.0704	1.5689	1.4119
78.6384	19.0856	5.8083	0.0665	1.3747	1.5000
78.7908	18.5553	5.4153	0.0634	1.2749	1.4845
78.9432	17.3915	5.2043	0.0636	1.2114	1.3768
79.0956	17.0673	4.8987	0.0651	1.1141	1.3747
79.2480	18.0762	4.7777	0.0736	1.0354	1.5024
79.4004	18.3045	4.4035	0.0694	0.9460	1.5704
79.5528	18.7142	4.5218	0.0675	0.9907	1.6034
79.7052	18.5083	5.0463	0.0809	1.0776	1.5208
79.8576	17.8470	5.4407	0.0986	1.1040	1.4016
80.0100	17.6105	5.6984	0.1135	1.1045	1.3457
80.1624	17.9460	6.1131	0.1276	1.1554	1.3368
80.3148	19.4683	7.0106	0.1514	1.2997	1.4074
80.4672	22.1052	8.5973	0.1887	1.5785	1.5260
80.6196	23.8006	10.1138	0.2288	1.8222	1.5462
80.7720	23.7144	11.1820	0.2674	1.9414	1.4158
80.9244	26.7914	13.4851	0.3414	2.2456	1.5032
81.0768	31.0237	15.9456	0.4100	2.6236	1.7034
81.2292	34.5274	18.1190	0.4691	2.9652	1.8537
81.3816	36.1141	19.0341	0.4956	3.1006	1.9296
81.5340	35.1982	18.7026	0.4865	3.0487	1.8636
81.6864	32.9984	18.6948	0.4872	3.0430	1.6159
81.8388	32.8629	19.9786	0.5373	3.1678	1.4556
81.9912	34.0694	21.6713	0.6131	3.2829	1.4006
82.1436	35.4753	23.0746	0.6628	3.4452	1.4009
82.2960	36.9521	24.1154	0.6874	3.6275	1.4502
82.4484	36.6899	24.5156	0.7065	3.6484	1.3754
82.6008	34.4536	24.0182	0.7009	3.5305	1.1789
82.7532	33.8714	24.0336	0.6978	3.5508	1.1114
82.9056	34.3724	24.1498	0.7022	3.5627	1.1549
83.0580	34.3601	23.6830	0.7047	3.4125	1.2062
83.2104	34.5769	23.6481	0.7280	3.2844	1.2346
83.3628	34.9234	23.9382	0.7641	3.1871	1.2410
83.5152	35.5114	23.8667	0.7834	3.0684	1.3155
83.6676	36.7678	23.6088	0.7827	2.9960	1.4866
83.8200	37.0566	22.5103	0.7419	2.8786	1.6433
83.9724	35.4736	20.3788	0.6645	2.6425	1.7053
84.1248	36.5163	20.3892	0.6635	2.6504	1.8219
84.2772	37.9984	20.6523	0.6813	2.6379	1.9596
84.4296	39.7914	21.0221	0.7054	2.6247	2.1204
84.5820	42.1146	21.8791	0.7310	2.7478	2.2861
84.7344	42.9378	21.4711	0.7114	2.7271	2.4252
84.8868	41.0768	18.9504	0.6159	2.4673	2.4997
85.0392	40.1511	17.0772	0.5365	2.3170	2.6067
85.1916	38.9143	16.3034	0.5101	2.2226	2.5544
85.3440	37.8522	16.2477	0.5152	2.1806	2.4407
85.4964	37.3460	15.9528	0.5048	2.1463	2.4168
85.6488	35.9910	14.8535	0.4687	2.0049	2.3880
85.8012	33.8741	13.5657	0.4266	1.8386	2.2943
85.9536	33.6830	13.5767	0.4196	1.8772	2.2715
86.1060	34.4059	14.0868	0.4258	1.9961	2.2955
86.2584	34.3906	14.1073	0.4182	2.0405	2.2915
86.4108	34.7556	14.3058	0.4162	2.1091	2.3103
86.5632	37.3106	15.4226	0.4468	2.2836	2.4727
86.7156	38.3077	15.6258	0.4567	2.2934	2.5624
86.8680	37.5510	15.1139	0.4412	2.2206	2.5348
87.0204	37.0499	15.6040	0.4523	2.3093	2.4228
87.1728	38.1684	17.1854	0.5007	2.5303	2.3705
87.3252	39.6820	18.2670	0.5376	2.6620	2.4193
87.4776	40.1894	18.3173	0.5415	2.6571	2.4709
87.6300	38.7892	17.2677	0.5158	2.4778	2.4313
87.7824	37.6884	16.1935	0.4996	2.2434	2.4283
87.9348	36.9753	16.1231	0.5213	2.1129	2.3557
88.0872	35.4280	16.3004	0.5500	2.0200	2.1609
88.2396	33.6986	15.3316	0.5269	1.8512	2.0750
88.3920	33.9081	14.3689	0.4934	1.7374	2.2074
88.5444	34.3597	14.0843	0.4792	1.7251	2.2906
88.6968	34.0295	14.0494	0.4768	1.7273	2.2572
88.8492	33.8856	14.1945	0.4918	1.6941	2.2246
89.0016	35.1766	14.7669	0.5252	1.6937	2.3057
89.1540	36.4937	15.2807	0.5377	1.7817	2.3965
89.3064	35.7060	14.9210	0.5098	1.8170	2.3481
89.4588	36.1835	15.1770	0.5128	1.8771	2.3732
89.6112	36.9868	15.7043	0.5285	1.9529	2.4043
89.7636	37.0162	15.9857	0.5371	1.9927	2.3759
89.9160	34.7965	15.1795	0.5204	1.8395	2.2162
90.0684	33.2619	13.9897	0.4984	1.6003	2.1772
90.2208	32.5496	12.8085	0.4640	1.4260	2.2302
90.3732	32.6166	12.8632	0.4458	1.5345	2.2316
90.5256	32.1720	13.1652	0.4266	1.7208	2.1472
90.6780	33.5831	14.2915	0.4405	1.9823	2.1794
90.8304	34.6121	15.1265	0.4476	2.1921	2.2013
90.9828	34.0360	14.7756	0.4143	2.2570	2.1759
91.1352	33.0496	14.1728	0.3789	2.2587	2.1326
91.2876	32.1704	14.1856	0.3718	2.2982	2.0318
91.4400	32.7418	14.7069	0.3827	2.3969	2.0375
91.5924	37.0641	16.1340	0.4231	2.6130	2.3645
91.7448	41.5232	17.2729	0.4500	2.8124	2.7396
91.8972	42.1612	16.3746	0.4107	2.7464	2.9132
92.0496	42.1607	15.0194	0.3644	2.5816	3.0662
92.2020	41.8663	14.1311	0.3397	2.4447	3.1333
92.3544	43.4001	14.7251	0.3544	2.5456	3.2395
92.5068	43.9326	15.3119	0.3600	2.6899	3.2334
92.6592	44.1156	15.7467	0.3520	2.8586	3.2049
92.8116	43.6653	16.1906	0.3594	2.9519	3.1039
92.9640	45.2077	17.2757	0.3917	3.1084	3.1555
93.1164	45.4948	17.4796	0.3899	3.1774	3.1650
93.2688	45.5787	16.7911	0.3591	3.1305	3.2522
93.4212	43.2663	14.3703	0.2994	2.7191	3.2645
93.5736	41.4233	12.4613	0.2588	2.3623	3.2719
93.7260	42.5891	12.5598	0.2575	2.3979	3.3925
93.8784	45.1553	13.5482	0.2749	2.6009	3.5707
94.0308	45.6611	14.0812	0.2971	2.6456	3.5677
94.1832	44.4680	14.0835	0.3073	2.5947	3.4326
94.3356	44.1515	14.0151	0.2958	2.6329	3.4046
94.4880	44.8133	14.7604	0.3121	2.7700	3.3952
94.6404	46.2834	16.7392	0.3739	3.0402	3.3377
94.7928	46.4939	18.6617	0.4449	3.2475	3.1443
94.9452	46.5497	20.1473	0.5140	3.3352	2.9827
95.0976	47.8127	21.5524	0.5771	3.4303	2.9667
95.2500	49.0431	22.4868	0.6195	3.4912	3.0001
95.4024	49.1679	22.6597	0.6366	3.4556	2.9947
95.5548	49.9777	23.3096	0.6748	3.4536	3.0128
95.7072	51.3548	24.5808	0.7406	3.4954	3.0247
95.8596	51.0906	24.9975	0.7663	3.4881	2.9478
96.0120	51.1972	25.0414	0.7564	3.5512	2.9549
96.1644	54.2153	26.3504	0.7722	3.8567	3.1480
96.3168	56.6531	27.5063	0.7830	4.1429	3.2928
96.4692	55.9031	27.3234	0.7671	4.1695	3.2287
96.6216	52.6982	26.1162	0.7399	3.9514	3.0030
96.7740	50.9618	25.3779	0.7377	3.7446	2.8903
96.9264	49.9192	24.9448	0.7526	3.5418	2.8214
97.0788	50.2952	25.2915	0.7833	3.4886	2.8247
97.2312	49.1886	24.7611	0.7661	3.4194	2.7596
97.3836	46.2104	23.1632	0.7155	3.2048	2.6037
97.5360	42.0802	20.9775	0.6535	2.8742	2.3840
97.6884	41.5605	20.3678	0.6389	2.7684	2.3942
97.8408	41.1688	19.4242	0.6100	2.6366	2.4565
97.9932	39.0858	17.9001	0.5455	2.5140	2.3934
98.1456	37.2127	17.0468	0.4885	2.5509	2.2782
98.2980	37.1036	17.4021	0.4797	2.7004	2.2257
98.4504	37.2822	17.9102	0.4903	2.7961	2.1885
98.6028	37.5333	18.0018	0.4945	2.8022	2.2065
98.7552	36.8647	17.0620	0.4633	2.6828	2.2372
98.9076	36.2582	15.9634	0.4240	2.5582	2.2928
99.0600	36.6249	15.7557	0.4089	2.5731	2.3576
99.2124	35.8304	15.2796	0.3936	2.5105	2.3217
99.3648	35.5778	15.0045	0.3968	2.4133	2.3242
99.5172	36.3524	15.2828	0.4135	2.4108	2.3803
99.6696	36.7166	15.4875	0.4174	2.4513	2.3983
99.8220	35.2077	15.0033	0.3943	2.4254	2.2825
99.9744	34.1891	14.8939	0.3708	2.5122	2.1798
100.1268	34.0180	15.1856	0.3564	2.6710	2.1275
100.2792	35.2227	15.7207	0.3628	2.7962	2.2032
100.4316	37.0571	16.3185	0.3809	2.8806	2.3429
100.5840	38.7260	17.3107	0.4130	3.0105	2.4193
100.7364	38.7312	17.8266	0.4284	3.0849	2.3616
100.8888	37.5297	17.0783	0.3988	3.0139	2.3105
101.0412	36.5067	15.7972	0.3608	2.8287	2.3396
101.1936	35.6676	15.0991	0.3517	2.6691	2.3237
101.3460	34.1922	14.5069	0.3407	2.5503	2.2239
101.4984	33.7534	13.9718	0.3212	2.4913	2.2348
101.6508	34.6201	13.6530	0.3051	2.4788	2.3687
101.8032	35.8578	13.4282	0.2977	2.4501	2.5339
101.9556	35.4449	12.8932	0.2958	2.3020	2.5477
102.1080	34.0980	12.3631	0.2942	2.1540	2.4554
102.2604	34.0206	12.4815	0.3068	2.1250	2.4333
102.4128	35.3311	13.4292	0.3429	2.2217	2.4743
102.5652	37.2627	14.9920	0.3933	2.4274	2.5160
102.7176	39.0310	16.3907	0.4316	2.6453	2.5577
102.8700	39.9020	16.6975	0.4340	2.7239	2.6215
103.0224	40.2171	16.1899	0.4227	2.6315	2.7144
103.1748	41.8706	16.2678	0.4364	2.5852	2.8924
103.3272	43.9456	16.8349	0.4628	2.6184	3.0628
103.4796	42.7940	16.2113	0.4527	2.4860	3.0031
103.6320	40.0570	14.5646	0.4083	2.2257	2.8799
103.7844	38.6859	13.2930	0.3668	2.0606	2.8687
103.9368	39.3420	13.4302	0.3639	2.1159	2.9273
104.0892	39.8793	14.0799	0.3806	2.2227	2.9146
104.2416	41.2430	14.6844	0.4085	2.2595	3.0004
104.3940	42.0933	14.9930	0.4390	2.1965	3.0616
104.5464	41.2515	14.8948	0.4426	2.1491	2.9776
104.6988	39.3352	14.6778	0.4319	2.1393	2.7856
104.8512	39.1081	15.4589	0.4619	2.2176	2.6717
105.0036	40.1218	16.5686	0.5055	2.3239	2.6609
105.1560	41.9443	17.8113	0.5523	2.4535	2.7264
105.3084	42.3389	18.2462	0.5701	2.4914	2.7218
105.4608	41.1668	17.6411	0.5501	2.4143	2.6578
105.6132	40.1076	16.8051	0.5234	2.3031	2.6325
105.7656	40.3321	16.8351	0.5243	2.3077	2.6545
105.9180	39.6796	17.0131	0.5309	2.3266	2.5607
106.0704	38.8549	16.9858	0.5400	2.2725	2.4706
106.2228	39.4116	17.2451	0.5656	2.2196	2.5042
106.3752	40.6419	17.9199	0.6027	2.2303	2.5670
106.5276	41.2136	18.5318	0.6272	2.2869	2.5624
106.6800	41.5025	19.1013	0.6390	2.3950	2.5307
106.8324	40.8448	19.1321	0.6333	2.4329	2.4529
106.9848	39.7225	18.5267	0.6208	2.3176	2.3945
107.1372	39.9233	18.3767	0.6360	2.1965	2.4342
107.2896	39.3731	18.0675	0.6298	2.1369	2.4069
107.4420	37.9156	17.0756	0.5823	2.0851	2.3543
107.5944	36.7945	16.2587	0.5428	2.0441	2.3200
107.7468	37.3516	16.5301	0.5454	2.1111	2.3523
107.8992	37.1015	16.4273	0.5336	2.1403	2.3356
108.0516	37.6007	16.1482	0.5101	2.1772	2.4235
108.2040	37.5778	15.2539	0.4735	2.0988	2.5220
108.3564	36.7412	14.2571	0.4450	1.9491	2.5401
108.5088	36.1484	13.8041	0.4377	1.8525	2.5243
108.6612	35.9709	14.1847	0.4520	1.8926	2.4612
108.8136	35.9116	14.9714	0.4807	1.9792	2.3657
108.9660	34.9908	14.8803	0.4893	1.9087	2.2719
109.1184	35.0969	14.7468	0.4923	1.8544	2.2990
109.2708	35.1441	14.4354	0.4834	1.8072	2.3395
109.4232	34.5544	14.0539	0.4702	1.7620	2.3160
109.5756	33.4472	13.6320	0.4453	1.7637	2.2386
109.7280	34.0453	13.8718	0.4363	1.8799	2.2791
109.8804	35.5403	14.1763	0.4372	1.9648	2.4135
110.0328	36.7772	14.5059	0.4396	2.0499	2.5160
110.1852	37.8986	15.0310	0.4390	2.2075	2.5834
110.3376	39.0174	15.7422	0.4451	2.3860	2.6295
110.4900	38.9072	16.2121	0.4544	2.4777	2.5639
110.6424	37.9965	16.4332	0.4651	2.4885	2.4361
110.7948	37.1413	16.4740	0.4749	2.4510	2.3348
110.9472	37.6770	17.0975	0.5012	2.5017	2.3249
111.0996	39.3125	18.7822	0.5493	2.7547	2.3194
111.2520	39.9829	20.4802	0.5866	3.0664	2.2033
111.4044	39.7597	21.4514	0.5966	3.3019	2.0683
111.5568	39.5651	22.2231	0.5950	3.5370	1.9592
111.7092	39.5201	22.6192	0.5869	3.6952	1.9093
111.8616	40.0853	22.3557	0.5696	3.7046	2.0030
112.0140	42.5803	22.8350	0.5805	3.7909	2.2307
112.1664	44.8612	23.5714	0.6051	3.8834	2.4052
112.3188	45.1122	23.5086	0.6014	3.8838	2.4406
112.4712	43.6763	22.3786	0.5547	3.7869	2.4061
112.6236	43.4431	21.4793	0.5270	3.6623	2.4813
112.7760	44.6319	21.7739	0.5541	3.6118	2.5823
112.9284	45.8683	22.6039	0.5991	3.6287	2.6282
113.0808	44.0211	22.1303	0.5996	3.4868	2.4731
113.2332	44.3162	22.8007	0.6208	3.5770	2.4307
113.3856	45.4836	23.6215	0.6445	3.6991	2.4698
113.5380	45.6541	23.5949	0.6491	3.6679	2.4921
113.6904	43.6825	22.5790	0.6286	3.4720	2.3841
113.8428	42.9316	22.5285	0.6264	3.4682	2.3050
113.9952	42.3018	22.4679	0.6146	3.5100	2.2407
114.1476	43.1152	22.5467	0.6149	3.5318	2.3237
114.3000	44.4464	22.1497	0.6087	3.4464	2.5189
114.4524	43.7986	20.6826	0.5761	3.1788	2.6115
114.6048	42.4212	18.8584	0.5412	2.8179	2.6620
114.7572	42.7027	18.0461	0.5338	2.6163	2.7855
114.9096	42.2276	18.0462	0.5315	2.6280	2.7318
115.0620	41.0068	18.3393	0.5233	2.7555	2.5608
115.2144	42.3676	19.5884	0.5389	3.0447	2.5734
115.3668	46.7326	21.7734	0.5898	3.4312	2.8197
115.5192	48.5077	22.7116	0.6232	3.5387	2.9143
115.6716	48.9710	23.3289	0.6575	3.5468	2.8969
115.8240	48.3829	23.5906	0.6739	3.5409	2.8009
115.9764	48.4970	24.4261	0.6937	3.6872	2.7193
116.1288	48.9415	25.4933	0.7188	3.8747	2.6490
116.2812	50.1840	26.5007	0.7536	3.9952	2.6756
116.4336	50.0750	26.3205	0.7528	3.9463	2.6836
116.5860	48.6611	25.4309	0.7208	3.8461	2.6244
116.7384	46.3971	24.1669	0.6733	3.7140	2.5114
116.8908	45.4734	22.6308	0.6224	3.5189	2.5806
117.0432	47.2364	21.8890	0.6030	3.3982	2.8636
117.1956	48.1515	21.3724	0.5894	3.3152	3.0253
117.3480	47.6625	21.1429	0.5729	3.3310	2.9960
117.5004	46.6159	21.5681	0.5712	3.4647	2.8297
117.6528	46.3090	22.6862	0.5952	3.6724	2.6687
117.8052	47.0129	24.2279	0.6441	3.8797	2.5741
117.9576	49.1153	25.8714	0.7061	4.0500	2.6259
118.1100	50.6541	26.6518	0.7439	4.0886	2.7116
118.2624	51.0928	26.8831	0.7580	4.0856	2.7350
118.4148	51.1869	27.2395	0.7674	4.1428	2.7054
118.5672	51.2813	27.6674	0.7620	4.2963	2.6677
118.7196	51.7373	28.4341	0.7520	4.5730	2.6326
118.8720	52.4255	29.3931	0.7574	4.8280	2.6020
119.0244	52.0763	29.0377	0.7456	4.7832	2.6027
119.1768	50.7440	27.9054	0.7227	4.5655	2.5801
119.3292	49.7272	27.5034	0.7153	4.4846	2.5107
119.4816	48.9709	27.9349	0.7375	4.4992	2.3765
119.6340	47.8135	27.8516	0.7480	4.4217	2.2552
119.7864	47.2258	27.4378	0.7376	4.3521	2.2355
119.9388	47.9486	28.0603	0.7654	4.3952	2.2468
120.0912	47.3251	28.1509	0.7824	4.3357	2.1662
120.2436	46.7039	28.3690	0.7880	4.3714	2.0713
120.3960	48.5559	29.9644	0.8292	4.6330	2.1003
120.5484	50.8173	31.0749	0.8657	4.7757	2.2303
120.7008	50.6467	30.1647	0.8473	4.6008	2.3139
120.8532	49.0872	28.4876	0.7989	4.3514	2.3272
121.0056	46.9078	26.6427	0.7425	4.0933	2.2894
121.1580	45.3724	25.1288	0.6986	3.8694	2.2870
121.3104	45.9204	24.8033	0.7004	3.7642	2.3857
121.4628	48.7939	25.5826	0.7391	3.7979	2.6222
121.6152	51.6437	26.5321	0.7925	3.8075	2.8369
121.7676	53.3135	27.1355	0.8480	3.7047	2.9574
121.9200	51.5885	25.8104	0.8298	3.4065	2.9122
122.0724	49.9820	24.5894	0.7892	3.2520	2.8687
122.2248	49.1449	24.1696	0.7577	3.2875	2.8215
122.3772	48.3644	23.5023	0.7116	3.3242	2.8087
122.5296	46.9080	22.1288	0.6439	3.2621	2.7994
122.6820	46.6180	21.9099	0.6248	3.2942	2.7913
122.8344	45.9552	22.0712	0.6356	3.2873	2.6982
122.9868	45.2208	22.2906	0.6476	3.2912	2.5905
123.1392	45.5155	23.0999	0.6647	3.4428	2.5324
123.2916	45.5733	23.4089	0.6691	3.5117	2.5040
123.4440	44.4100	22.5825	0.6611	3.3086	2.4659
123.5964	44.5128	22.4417	0.6810	3.1667	2.4934
123.7488	46.3980	23.2156	0.7179	3.2081	2.6190
123.9012	48.0814	23.6624	0.7275	3.2908	2.7587
124.0536	46.5691	22.7700	0.6870	3.2329	2.6886
124.2060	44.1768	21.5962	0.6378	3.1362	2.5510
124.3584	42.4658	20.7014	0.5897	3.1157	2.4588
124.5108	41.8544	20.9988	0.5724	3.2907	2.3561
124.6632	41.5153	21.6195	0.5743	3.4639	2.2477
124.8156	42.2225	22.0314	0.5764	3.5751	2.2810
124.9680	43.7125	22.4685	0.5837	3.6668	2.4000
125.1204	46.5369	23.6936	0.6205	3.8414	2.5807
125.2728	49.1979	25.0414	0.6688	3.9941	2.7290
125.4252	49.6044	25.4174	0.7005	3.9445	2.7325
125.5776	47.7015	24.5073	0.6954	3.7024	2.6203
125.7300	45.5247	23.4588	0.6651	3.5469	2.4928
125.8824	44.5235	23.2233	0.6391	3.6087	2.4063
126.0348	44.2038	23.0810	0.6093	3.7175	2.3863
126.1872	44.7181	22.9718	0.5944	3.7609	2.4567
126.3396	45.8705	23.2893	0.6098	3.7767	2.5511
126.4920	47.4633	24.1069	0.6433	3.8480	2.6386
126.6444	47.8161	24.5905	0.6673	3.8691	2.6239
126.7968	47.5148	25.3262	0.7016	3.9124	2.5067
126.9492	47.0850	26.3624	0.7510	3.9675	2.3411
127.1016	47.2751	27.2708	0.7938	4.0189	2.2599
127.2540	47.1745	27.6747	0.8056	4.0778	2.2029
127.4064	46.8500	27.8675	0.8044	4.1411	2.1445
127.5588	45.9767	27.3071	0.7826	4.0859	2.1092
127.7112	45.4972	27.0422	0.7749	4.0469	2.0849
127.8636	45.3192	27.9038	0.8088	4.1295	1.9675
128.0160	44.6746	29.0866	0.8494	4.2724	1.7610
128.1684	43.7180	29.3177	0.8572	4.3012	1.6268
128.3208	44.5636	29.4268	0.8680	4.2784	1.7100
128.4732	47.6758	30.2169	0.9052	4.3231	1.9724
128.6256	48.1849	29.7814	0.9136	4.1521	2.0791
128.7780	45.9352	28.1318	0.8904	3.7838	2.0113
128.9304	45.1079	26.7769	0.8751	3.4619	2.0709
129.0828	48.3546	27.4419	0.9232	3.4144	2.3626
129.2352	50.5575	28.1096	0.9645	3.4021	2.5360
129.3876	50.2899	28.1373	0.9691	3.3870	2.5026
129.5400	46.4330	26.2249	0.9016	3.1650	2.2830
129.6924	44.1021	24.9352	0.8626	2.9826	2.1653
129.8448	45.9770	25.7077	0.8869	3.0870	2.2899
129.9972	48.8146	26.8973	0.9150	3.2956	2.4761
130.1496	48.1735	26.1374	0.8870	3.2135	2.4895
130.3020	45.8902	24.3664	0.8435	2.9115	2.4316
130.4544	45.3015	23.9317	0.8496	2.7524	2.4142
130.6068	45.8301	24.3531	0.8711	2.7681	2.4263
130.7592	47.3941	25.0848	0.8915	2.8804	2.5203
130.9116	47.2893	24.2598	0.8622	2.7858	2.6017
131.0640	47.2089	22.7170	0.8184	2.5525	2.7669
131.2164	47.3014	21.8079	0.7873	2.4421	2.8801
131.3688	48.7844	22.5948	0.8022	2.5986	2.9587
131.5212	48.8680	23.3124	0.8119	2.7608	2.8871
131.6736	47.2199	23.4046	0.7961	2.8681	2.6905
131.8260	45.7092	23.4921	0.7748	3.0013	2.5099
131.9784	46.2038	24.4197	0.7901	3.1973	2.4610
132.1308	47.4089	25.9443	0.8324	3.4325	2.4249
132.2832	47.9129	26.9678	0.8541	3.6246	2.3662
132.4356	48.0141	27.0893	0.8476	3.6931	2.3639
132.5880	48.0753	27.0992	0.8319	3.7754	2.3697
132.7404	48.2708	27.2246	0.8086	3.9303	2.3776
132.8928	47.6926	26.4267	0.7676	3.9026	2.4025
133.0452	46.3914	24.8689	0.7129	3.7203	2.4315
133.1976	45.1428	23.6052	0.6683	3.5739	2.4332
133.3500	44.4241	23.2461	0.6545	3.5376	2.3925
133.5024	45.6563	23.6618	0.6639	3.6127	2.4848
133.6548	47.8851	23.9991	0.6824	3.6186	2.6985
133.8072	47.9320	23.4104	0.6898	3.4073	2.7703
133.9596	45.3306	21.8985	0.6483	3.1722	2.6472
134.1120	43.5097	20.9145	0.5997	3.1280	2.5526
134.2644	43.7292	20.8409	0.5852	3.1797	2.5857
134.4168	44.2559	20.8260	0.5671	3.2669	2.6469
134.5692	43.8219	20.3272	0.5280	3.3174	2.6543
134.7216	43.1625	19.9150	0.5005	3.3354	2.6263
134.8740	42.3136	19.0540	0.4666	3.2530	2.6277
135.0264	41.1285	17.9098	0.4286	3.1084	2.6231
135.1788	41.5102	18.0205	0.4322	3.1228	2.6537
135.3312	42.7406	18.5553	0.4563	3.1583	2.7323
135.4836	42.8878	18.3217	0.4595	3.0732	2.7753
135.6360	43.0032	17.8153	0.4563	2.9405	2.8455
135.7884	43.9055	17.8970	0.4647	2.9217	2.9382
135.9408	44.0287	18.5773	0.4766	3.0620	2.8753
136.0932	42.1823	18.8126	0.4762	3.1333	2.6401
136.2456	41.0184	19.4101	0.4960	3.2091	2.4412
136.3980	40.8797	19.9998	0.5141	3.2916	2.3589
136.5504	41.1678	20.6820	0.5319	3.4025	2.3143
136.7028	41.3373	21.6361	0.5467	3.6089	2.2257
136.8552	41.0606	22.6165	0.5500	3.8807	2.0837
137.0076	40.4768	23.5402	0.5688	4.0578	1.9134
137.1600	41.7952	25.2190	0.6288	4.2487	1.8727
137.3124	44.5866	27.3016	0.6968	4.5187	1.9527
137.4648	44.2952	27.7755	0.7349	4.4656	1.8663
137.6172	41.9847	27.0984	0.7488	4.1957	1.6817
137.7696	41.5809	27.1914	0.7748	4.0916	1.6256
137.9220	43.4450	28.9394	0.8467	4.2426	1.6387
138.0744	44.8852	30.4299	0.9055	4.3841	1.6331
138.2268	45.8009	30.4345	0.8947	4.4406	1.7360
138.3792	47.4096	30.3909	0.8587	4.6098	1.9227
138.5316	47.4870	29.7399	0.8088	4.6700	2.0049
138.6840	46.9332	29.6548	0.7826	4.7778	1.9520
138.8364	47.0137	30.0278	0.7743	4.9298	1.9189
138.9888	47.4844	30.2226	0.7838	4.9389	1.9501
139.1412	45.7170	28.8900	0.7610	4.6615	1.9010
139.2936	43.7827	26.9884	0.7100	4.3592	1.8973
139.4460	43.9628	26.2678	0.6871	4.2631	1.9990
139.5984	44.9322	26.5975	0.6953	4.3188	2.0713
139.7508	45.2672	26.9890	0.7129	4.3448	2.0649
139.9032	45.1484	26.8805	0.7300	4.2264	2.0638
140.0556	44.6018	25.5704	0.7078	3.9528	2.1500
140.2080	42.2542	23.1355	0.6316	3.6210	2.1599
140.3604	41.5868	22.5523	0.5967	3.6256	2.1504
140.5128	41.7901	23.0899	0.5974	3.7805	2.1126
140.6652	43.6095	24.7666	0.6405	4.0565	2.1287
140.8176	46.6112	26.7182	0.6958	4.3517	2.2474
140.9700	49.7795	27.8783	0.7188	4.5771	2.4742
141.1224	50.5439	27.7932	0.7112	4.5906	2.5702
141.2748	49.4688	27.4997	0.7129	4.4954	2.4819
141.4272	47.2977	27.2693	0.7228	4.3773	2.2627
141.5796	44.4351	26.6939	0.7174	4.2350	2.0043
141.7320	43.0829	26.2043	0.7160	4.0981	1.9068
141.8844	43.8485	26.6436	0.7429	4.0914	1.9437
142.0368	47.2476	28.4827	0.7925	4.3824	2.1199
142.1892	48.1612	28.3367	0.7819	4.3929	2.2396
142.3416	46.9082	27.3699	0.7581	4.2283	2.2073
142.4940	47.3672	27.9279	0.7784	4.2900	2.1961
142.6464	48.5276	28.4521	0.7966	4.3526	2.2680
142.7988	46.9004	26.8204	0.7523	4.0959	2.2685
142.9512	45.8220	25.3021	0.7040	3.8928	2.3182
143.1036	46.5114	25.2904	0.6978	3.9211	2.3974
143.2560	45.7509	25.2423	0.6924	3.9340	2.3169
143.4084	45.9195	25.5008	0.6993	3.9751	2.3068
143.5608	46.5194	24.4292	0.6722	3.7966	2.4956
143.7132	45.3490	21.8473	0.6003	3.3999	2.6551
143.8656	43.9786	20.3365	0.5575	3.1712	2.6709
144.0180	44.6936	21.0186	0.5723	3.2974	2.6746
144.1704	45.0524	21.4235	0.5723	3.4167	2.6694
144.3228	45.2202	21.7449	0.5776	3.4843	2.6521
144.4752	44.5698	21.6095	0.5853	3.4057	2.5939
144.6276	43.5042	20.6344	0.5680	3.2059	2.5837
144.7800	42.3250	19.5595	0.5418	3.0218	2.5719
144.9324	41.7936	19.1813	0.5345	2.9474	2.5546
145.0848	41.2755	19.1272	0.5295	2.9564	2.5022
145.2372	42.2404	19.8334	0.5384	3.1197	2.5314
145.3896	42.2530	20.0588	0.5338	3.2093	2.5073
145.5420	42.6987	20.1719	0.5223	3.3008	2.5449
145.6944	43.3847	19.9414	0.4886	3.4033	2.6484
145.8468	43.0015	19.2985	0.4539	3.3893	2.6778
145.9992	40.9416	17.9823	0.4192	3.1774	2.5938
146.1516	40.5173	17.6089	0.4066	3.1308	2.5880
146.3040	41.9934	17.7731	0.4025	3.2002	2.7362
146.4564	43.3170	17.7620	0.4046	3.1860	2.8870
146.6088	43.6030	17.8122	0.4186	3.1301	2.9137
146.7612	43.8495	18.4133	0.4418	3.1898	2.8736
146.9136	45.5299	19.4731	0.4701	3.3590	2.9437
147.0660	46.2217	19.5192	0.4789	3.3282	3.0166
147.2184	45.1030	18.6882	0.4664	3.1462	2.9841
147.3708	44.2610	17.9173	0.4382	3.0620	2.9761
147.5232	45.2561	18.1708	0.4308	3.1739	3.0599
147.6756	45.6471	18.9362	0.4559	3.2725	3.0176
147.8280	44.7201	19.9749	0.5034	3.3381	2.7955
147.9804	43.3970	20.6510	0.5372	3.3667	2.5697
148.1328	42.9508	20.3806	0.5380	3.2826	2.5498
148.2852	43.7734	19.8504	0.5300	3.1669	2.7027
148.4376	45.5814	19.7116	0.5394	3.0786	2.9226
148.5900	45.8512	19.3918	0.5536	2.9127	2.9892
148.7424	44.3084	19.1341	0.5626	2.7908	2.8440
148.8948	43.8285	20.1473	0.5910	2.9459	2.6753
149.0472	44.6215	21.6512	0.6295	3.1942	2.5950
149.1996	44.4586	22.1348	0.6538	3.2138	2.5220
149.3520	43.8779	22.1688	0.6737	3.1233	2.4525
149.5044	45.6094	23.5562	0.7197	3.2994	2.4914
149.6568	48.3669	25.7279	0.7771	3.6487	2.5576
149.8092	48.4449	26.1342	0.7801	3.7532	2.5205
149.9616	46.8295	24.8328	0.7389	3.5781	2.4850
150.1140	46.1036	23.5662	0.7017	3.3933	2.5461
150.2664	46.2641	23.1287	0.6924	3.3114	2.6137
150.4188	47.1854	23.4186	0.7074	3.3209	2.6850
150.5712	47.7783	23.2082	0.7058	3.2668	2.7758
150.7236	46.9400	21.8704	0.6730	3.0389	2.8322
150.8760	44.8014	19.8027	0.6190	2.7029	2.8242
151.0284	43.9800	18.4115	0.5765	2.5079	2.8885
151.1808	43.3070	17.9522	0.5596	2.4582	2.8644
151.3332	42.0900	18.3668	0.5765	2.4946	2.6801
151.4856	40.8602	18.8555	0.5929	2.5558	2.4859
151.6380	42.7886	20.2114	0.6296	2.7696	2.5506
151.7904	45.3177	21.0294	0.6566	2.8738	2.7439
151.9428	45.8082	20.3822	0.6534	2.6993	2.8724
152.0952	45.0218	19.0228	0.6299	2.4177	2.9372
152.2476	45.0756	18.4825	0.6205	2.3061	3.0043
152.4000	45.3511	18.6203	0.6261	2.3185	3.0199
152.5524	47.2019	19.2270	0.6397	2.4282	3.1604
152.7048	48.6520	19.5376	0.6361	2.5384	3.2891
152.8572	48.4103	19.4282	0.6239	2.5675	3.2742
153.0096	46.9829	18.9894	0.6113	2.5022	3.1625
153.1620	46.7646	18.8449	0.5999	2.5174	3.1542
153.3144	46.0008	18.3934	0.5666	2.5525	3.1189
153.4668	44.1727	17.5684	0.5279	2.5055	3.0056
153.6192	42.9532	16.8890	0.5048	2.4221	2.9445
153.7716	42.7376	16.7783	0.4964	2.4317	2.9327
153.9240	41.1941	16.2108	0.4672	2.4127	2.8224
154.0764	40.7161	16.0681	0.4505	2.4548	2.7845
154.2288	42.0579	16.7117	0.4603	2.5952	2.8634
154.3812	42.3588	16.8111	0.4533	2.6596	2.8862
154.5336	41.6322	16.2364	0.4202	2.6579	2.8690
154.6860	42.9692	16.4765	0.4107	2.7767	2.9929
154.8384	45.8234	17.3644	0.4181	3.0009	3.2151
154.9908	47.3108	17.9124	0.4225	3.1398	3.3212
155.1432	47.0246	18.7059	0.4458	3.2559	3.1992
155.2956	46.0788	19.2073	0.4576	3.3437	3.0357
155.4480	46.8556	19.6148	0.4543	3.4805	3.0775
155.6004	47.8249	20.1448	0.4493	3.6619	3.1271
155.7528	47.9592	20.2591	0.4382	3.7518	3.1294
155.9052	47.3166	19.5644	0.4197	3.6409	3.1352
156.0576	46.6299	19.1567	0.4145	3.5469	3.1037
156.2100	44.5491	18.7078	0.4043	3.4665	2.9194
156.3624	42.5303	17.9536	0.3786	3.3739	2.7765
156.5148	42.3024	17.3628	0.3639	3.2744	2.8175
156.6672	42.6045	17.1295	0.3692	3.1786	2.8780
156.8196	43.1057	17.0634	0.3761	3.1243	2.9421
156.9720	45.8504	17.9297	0.3953	3.2824	3.1543
157.1244	50.0628	19.1369	0.4259	3.4835	3.4938
157.2768	51.8810	18.7934	0.4192	3.4163	3.7380
157.4292	51.1223	17.3544	0.3787	3.1971	3.8148
157.5816	51.0430	16.9636	0.3726	3.1128	3.8500
157.7340	53.2739	17.7559	0.4138	3.1380	4.0126
157.8864	53.9704	18.4180	0.4577	3.1108	4.0164
158.0388	51.9606	18.2863	0.4715	3.0021	3.8043
158.1912	49.2211	17.2420	0.4447	2.8300	3.6128
158.3436	47.6100	16.5365	0.4232	2.7309	3.5104
158.4960	49.4141	17.1493	0.4351	2.8514	3.6450
158.6484	53.8961	18.3844	0.4616	3.0812	4.0119
158.8008	56.9972	19.3228	0.4908	3.2099	4.2562
158.9532	54.5773	18.3396	0.4773	2.9884	4.0939
159.1056	52.0296	16.6995	0.4277	2.7562	3.9913
159.2580	49.8903	15.3088	0.3742	2.6171	3.9068
159.4104	47.9737	14.8591	0.3558	2.5776	3.7410
159.5628	46.6858	15.3885	0.3702	2.6607	3.5357
159.7152	48.2501	17.1381	0.4124	2.9628	3.5148
159.8676	47.3859	17.8588	0.4354	3.0587	3.3357
160.0200	45.6044	18.0151	0.4507	3.0276	3.1168
160.1724	43.7568	18.1572	0.4490	3.0779	2.8921
160.3248	43.1625	19.0467	0.4534	3.3178	2.7244
160.4772	41.4937	19.4107	0.4657	3.3627	2.4948
160.6296	41.1056	19.8123	0.4921	3.3474	2.4056
160.7820	40.2332	19.1320	0.4752	3.2326	2.3839
160.9344	39.2704	18.0808	0.4336	3.1333	2.3938
161.0868	39.0062	17.7029	0.4089	3.1471	2.4067
161.2392	39.9464	17.9936	0.4017	3.2691	2.4801
161.3916	39.2222	17.1735	0.3690	3.1927	2.4909
161.5440	37.3033	15.7398	0.3210	3.0132	2.4361
161.6964	35.9345	14.7143	0.2915	2.8607	2.3973
161.8488	35.7521	13.9524	0.2709	2.7403	2.4628
162.0012	36.4722	13.9943	0.2653	2.7808	2.5394
162.1536	37.8631	15.1625	0.2878	3.0112	2.5645
162.3060	39.4289	16.5719	0.3251	3.2377	2.5822
162.4584	40.7956	17.8022	0.3769	3.3380	2.5976
162.6108	40.1499	17.6599	0.4091	3.1331	2.5407
162.7632	38.4094	16.1483	0.3962	2.7533	2.5149
162.9156	36.9595	14.4788	0.3536	2.4767	2.5397
163.0680	35.2530	13.3789	0.3155	2.3454	2.4712
163.2204	33.4566	12.6359	0.3052	2.1787	2.3522
163.3728	33.1975	12.7787	0.3305	2.0930	2.3068
163.5252	34.3568	13.8051	0.3673	2.2093	2.3218
163.6776	35.9910	15.0229	0.4037	2.3836	2.3688
163.8300	37.5940	16.6519	0.4555	2.6016	2.3659
163.9824	38.8675	18.4405	0.5105	2.8501	2.3077
164.1348	39.5942	19.7940	0.5549	3.0245	2.2369
164.2872	39.4228	20.2250	0.5733	3.0585	2.1688
164.4396	38.7966	19.9044	0.5631	3.0154	2.1343
164.5920	37.7902	19.2678	0.5477	2.9060	2.0925
164.7444	38.4015	19.5035	0.5667	2.8790	2.1350
164.8968	40.0367	20.3029	0.6034	2.9292	2.2294
165.0492	42.1837	21.5474	0.6575	3.0221	2.3313
165.2016	43.9434	22.4442	0.6996	3.0730	2.4288
165.3540	44.7015	22.5715	0.7136	3.0401	2.5001
165.5064	42.6540	21.0298	0.6692	2.8103	2.4429
165.6588	41.3207	19.7218	0.6203	2.6722	2.4401
165.8112	42.1587	20.0444	0.6150	2.7943	2.4983
165.9636	43.2698	20.8776	0.6315	2.9561	2.5297
166.1160	42.2799	20.2709	0.6157	2.8576	2.4864
166.2684	41.2290	19.2483	0.5820	2.7267	2.4832
166.4208	41.2242	18.4727	0.5494	2.6631	2.5703
166.5732	42.1460	18.0731	0.5411	2.5874	2.7196
166.7256	42.5770	17.6298	0.5391	2.4670	2.8184
166.8780	41.7263	16.6832	0.5125	2.3227	2.8292
167.0304	39.7078	15.2068	0.4658	2.1239	2.7679
167.1828	38.9030	14.0695	0.4342	1.9484	2.8055
167.3352	40.1087	13.4802	0.4278	1.8073	3.0083
167.4876	40.5021	13.0323	0.4240	1.6945	3.1033
167.6400	39.4756	12.7295	0.4098	1.6769	3.0216
167.7924	40.0278	13.4076	0.4192	1.8295	3.0074
167.9448	41.7519	14.5417	0.4431	2.0429	3.0740
168.0972	42.4813	14.9095	0.4375	2.1794	3.1149
168.2496	40.2378	13.9212	0.3890	2.1336	2.9730
168.4020	38.4975	13.2627	0.3555	2.1087	2.8508
168.5544	38.7054	13.5919	0.3561	2.2028	2.8371
168.7068	40.8352	14.6148	0.3820	2.3732	2.9622
168.8592	43.1516	15.6299	0.4068	2.5467	3.1092
169.0116	45.0213	16.4574	0.4168	2.7399	3.2269
169.1640	44.8570	16.6264	0.4082	2.8334	3.1893
169.3164	44.3805	17.2224	0.4141	2.9792	3.0681
169.4688	44.4331	18.2339	0.4303	3.1953	2.9598
169.6212	43.3639	18.2320	0.4172	3.2611	2.8392
169.7736	42.0614	17.4814	0.3813	3.2214	2.7769
169.9260	41.9983	17.2050	0.3647	3.2241	2.8010
170.0784	41.7463	17.1244	0.3645	3.2012	2.7816
170.2308	40.3565	16.7952	0.3559	3.1477	2.6618
170.3832	39.5632	16.8279	0.3520	3.1769	2.5685
170.5356	40.0993	17.0988	0.3552	3.2407	2.5984
170.6880	41.2933	17.1494	0.3611	3.2258	2.7276
170.8404	43.0032	17.0998	0.3756	3.1377	2.9264
170.9928	43.9780	16.6059	0.3804	2.9682	3.0923
171.1452	43.2496	15.7184	0.3726	2.7462	3.1103
171.2976	41.0485	14.7195	0.3588	2.5212	2.9745
171.4500	39.6109	13.7195	0.3408	2.3182	2.9250
171.6024	40.1043	13.0714	0.3310	2.1767	3.0540
171.7548	41.0063	13.3656	0.3504	2.1652	3.1226
171.9072	40.7472	13.7016	0.3674	2.1783	3.0554
172.0596	40.0568	13.6221	0.3643	2.1703	2.9864
172.2120	41.2825	14.2131	0.3746	2.2926	3.0581
172.3644	43.2508	14.7440	0.3933	2.3540	3.2205
172.5168	43.2346	13.9418	0.3944	2.1125	3.3093
172.6692	40.6252	12.3240	0.3702	1.7578	3.1973
172.8216	39.3985	11.4139	0.3454	1.6155	3.1615
172.9740	39.4118	10.9605	0.3210	1.6054	3.2142
173.1264	40.8902	11.1869	0.3259	1.6470	3.3557
173.2788	41.8594	11.8047	0.3574	1.6699	3.3954
173.4312	41.3370	12.3262	0.3838	1.6900	3.2774
173.5836	39.6734	12.2500	0.3828	1.6725	3.0981
173.7360	39.5680	12.2143	0.3720	1.7165	3.0902
173.8884	39.6029	12.4206	0.3628	1.8240	3.0708
174.0408	39.7519	13.2467	0.3793	1.9838	2.9944
174.1932	40.8661	14.5807	0.4137	2.2031	2.9695
174.3456	42.1177	15.7009	0.4377	2.4117	2.9844
174.4980	42.8901	16.6660	0.4563	2.6015	2.9626
174.6504	42.8460	17.1868	0.4676	2.6977	2.8988
174.8028	42.7282	17.0550	0.4576	2.7098	2.9004
174.9552	42.8013	16.8061	0.4435	2.7078	2.9368
175.1076	43.5382	17.2530	0.4638	2.7366	2.9695
175.2600	44.1346	17.4766	0.4848	2.6961	3.0116
175.4124	44.8811	17.2948	0.4869	2.6322	3.1165
175.5648	45.8322	17.5465	0.4920	2.6806	3.1955
175.7172	46.4674	18.3411	0.5107	2.8199	3.1775
175.8696	46.3317	18.9928	0.5310	2.9093	3.0886
176.0220	45.9100	19.4667	0.5442	2.9823	2.9874
176.1744	45.4314	19.6842	0.5388	3.0738	2.9087
176.3268	45.6848	19.4163	0.5105	3.1380	2.9676
176.4792	46.6317	18.9385	0.4803	3.1500	3.1286
176.6316	46.9763	18.7564	0.4694	3.1512	3.1881
176.7840	46.4938	18.5622	0.4669	3.1070	3.1555
176.9364	47.1100	18.4370	0.4701	3.0539	3.2393
177.0888	48.6944	18.3347	0.4714	3.0171	3.4298
177.2412	48.9628	17.6508	0.4531	2.9081	3.5374
177.3936	47.4484	16.4524	0.4217	2.7139	3.5017
177.5460	48.0738	16.3836	0.4221	2.6917	3.5801
177.6984	49.7558	17.1948	0.4376	2.8520	3.6785
177.8508	49.8456	17.6619	0.4445	2.9546	3.6359
178.0032	47.4945	16.9553	0.4309	2.8152	3.4501
178.1556	46.0451	15.8729	0.4015	2.6451	3.4086
178.3080	45.6407	14.9402	0.3737	2.5112	3.4683
178.4604	46.7915	15.4537	0.3907	2.5763	3.5403
178.6128	48.3875	16.8654	0.4244	2.8219	3.5611
178.7652	49.8138	17.9224	0.4388	3.0605	3.6029
178.9176	50.1707	18.0926	0.4388	3.1105	3.6239
179.0700	50.5072	17.9892	0.4502	3.0224	3.6736
179.2224	51.9928	18.2232	0.4720	2.9810	3.8150
179.3748	52.3098	18.3210	0.4843	2.9478	3.8398
179.5272	50.4470	17.4618	0.4630	2.8021	3.7264
179.6796	48.6510	16.1907	0.4169	2.6610	3.6671
179.8320	48.2285	15.7806	0.3955	2.6482	3.6657
179.9844	47.4510	15.7685	0.3972	2.6360	3.5793
180.1368	45.9471	15.4564	0.3912	2.5749	3.4446
180.2892	44.4563	15.0741	0.3759	2.5397	3.3194
180.4416	43.2680	14.8050	0.3623	2.5288	3.2155
180.5940	43.1318	14.6068	0.3507	2.5294	3.2225
180.7464	43.1140	14.2939	0.3396	2.4933	3.2559
180.8988	42.7854	13.9352	0.3291	2.4407	3.2593
181.0512	42.5115	13.3647	0.3145	2.3467	3.2928
181.2036	42.9080	12.9009	0.3058	2.2540	3.3900
181.3560	42.4336	12.5845	0.2905	2.2380	3.3721
181.5084	41.1890	12.1845	0.2559	2.2953	3.2767
181.6608	40.5856	11.2118	0.2012	2.2852	3.3184
181.8132	41.3463	10.0146	0.1531	2.1757	3.5396
181.9656	43.2417	9.5397	0.1297	2.1544	3.8074
182.1180	45.6210	9.9339	0.1280	2.2792	4.0317
182.2704	46.8369	10.0760	0.1292	2.3150	4.1530
182.4228	46.0597	9.6129	0.1139	2.2561	4.1175
182.5752	44.3294	9.6009	0.1102	2.2710	3.9234
182.7276	44.6488	10.3979	0.1401	2.3545	3.8694
182.8800	45.7423	10.8376	0.1691	2.3375	3.9433
183.0324	44.9221	10.7964	0.1813	2.2635	3.8553
183.1848	45.1023	11.6302	0.2069	2.3799	3.7814
183.3372	48.2995	13.2739	0.2513	2.6393	3.9569
183.4896	50.0913	14.1656	0.2954	2.6790	4.0586
183.6420	49.7883	14.2733	0.3339	2.5159	4.0122
183.7944	50.3992	14.5684	0.3689	2.4258	4.0479
183.9468	51.4320	15.1460	0.4077	2.3996	4.0993
184.0992	52.2977	15.5584	0.4264	2.4268	4.1505
184.2516	53.5222	16.3017	0.4302	2.6266	4.2049
184.4040	54.4603	17.1870	0.4443	2.8160	4.2109
184.5564	56.1796	17.5767	0.4747	2.7771	4.3611
184.7088	57.9147	17.7384	0.5183	2.6039	4.5388
184.8612	57.2928	18.0863	0.5537	2.5276	4.4293
185.0136	54.0654	18.1208	0.5588	2.5117	4.0608
185.1660	49.7936	17.4244	0.5332	2.4360	3.6568
185.3184	47.2853	17.1593	0.5192	2.4290	3.4034
185.4708	47.0743	17.7488	0.5382	2.5065	3.3130
185.6232	46.9698	17.9267	0.5498	2.5000	3.2811
185.7756	45.1940	17.3331	0.5272	2.4397	3.1475
185.9280	43.4680	17.0667	0.5052	2.4724	2.9826
186.0804	42.1772	16.8956	0.4923	2.4870	2.8561
186.2328	42.7604	17.0541	0.4981	2.5048	2.9041
186.3852	44.5647	17.3001	0.5060	2.5370	3.0802
186.5376	45.2602	17.0240	0.4853	2.5603	3.1899
186.6900	44.6470	16.5875	0.4473	2.6243	3.1700
186.8424	46.2187	16.8844	0.4314	2.7918	3.3140
186.9948	47.7955	17.1176	0.4255	2.8907	3.4658
187.1472	46.8477	17.1421	0.4234	2.9082	3.3559
187.2996	44.4376	17.0579	0.4289	2.8559	3.0931
187.4520	43.7316	17.2513	0.4528	2.7918	2.9915
187.6044	43.6348	17.6610	0.4765	2.7929	2.9343
187.7568	43.3933	18.3705	0.5020	2.8728	2.8269
187.9092	42.8422	18.6354	0.5204	2.8577	2.7347
188.0616	43.6820	18.7881	0.5476	2.7649	2.8123
188.2140	45.7671	19.1691	0.5794	2.7162	3.0048
188.3664	46.4753	19.2678	0.5869	2.7075	3.0737
188.5188	44.6132	18.1711	0.5556	2.5429	2.9872
188.6712	42.8904	16.7408	0.5207	2.2980	2.9542
188.8236	43.4687	16.1883	0.5187	2.1453	3.0819
188.9760	43.5912	16.0743	0.5316	2.0464	3.1087
189.1284	43.1174	16.2554	0.5467	2.0234	3.0347
189.2808	41.7263	16.0393	0.5337	2.0253	2.9019
189.4332	41.4097	16.6430	0.5347	2.1984	2.7979
189.5856	40.8208	17.3349	0.5387	2.3819	2.6533
189.7380	42.6016	18.9859	0.5885	2.6162	2.6679
189.8904	45.0485	21.2411	0.6797	2.8193	2.6896
190.0428	47.7866	23.1532	0.7618	2.9674	2.7829
190.1952	47.4342	22.6900	0.7529	2.8762	2.7954
190.3476	45.6473	21.4756	0.7065	2.7529	2.7307
190.5000	44.1650	20.8238	0.6755	2.7179	2.6369
190.6524	45.2832	21.2587	0.6806	2.8203	2.7141
190.8048	46.6704	21.7526	0.6861	2.9380	2.8150
190.9572	47.8617	22.2215	0.6936	3.0381	2.8966
191.1096	47.9978	22.2713	0.6801	3.1207	2.9064
191.2620	47.2077	21.9067	0.6490	3.1707	2.8583
191.4144	45.5153	21.2618	0.6245	3.1049	2.7400
191.5668	45.7559	21.7054	0.6404	3.1552	2.7171
191.7192	47.0242	23.1770	0.6919	3.3282	2.6941
191.8716	46.3511	23.9136	0.7277	3.3639	2.5348
192.0240	45.1055	23.8956	0.7355	3.3195	2.3961
192.1764	45.8784	24.4832	0.7465	3.4365	2.4171
192.3288	48.7552	25.3911	0.7551	3.6607	2.6395
192.4812	49.2897	24.3509	0.7125	3.5697	2.8174
192.6336	48.1082	22.5849	0.6597	3.3166	2.8834
192.7860	45.8110	20.4335	0.5936	3.0172	2.8670
192.9384	45.2752	19.0100	0.5339	2.8998	2.9672
193.0908	46.5511	19.2343	0.5102	3.0855	3.0861
193.2432	47.8435	20.0152	0.5078	3.3280	3.1438
193.3956	48.9646	20.2020	0.4981	3.4323	3.2494
193.5480	50.5339	20.8960	0.4983	3.6352	3.3483
193.7004	52.2666	22.1742	0.5157	3.9241	3.3996
193.8528	52.0731	22.2334	0.5173	3.9333	3.3711
194.0052	51.4410	21.6721	0.5019	3.8459	3.3631
194.1576	50.5256	21.2310	0.4893	3.7799	3.3095
194.3100	50.9190	21.4466	0.4953	3.8127	3.3296
194.4624	53.2492	21.6310	0.4898	3.8950	3.5720
194.6148	55.5495	21.9727	0.4846	4.0220	3.7933
194.7672	56.8869	22.8828	0.5010	4.2069	3.8415
194.9196	55.4138	23.0081	0.5001	4.2487	3.6610
195.0720	53.5490	22.3139	0.4644	4.2245	3.5287
195.2244	53.1539	21.7698	0.4310	4.2331	3.5455
195.3768	54.7739	22.3766	0.4456	4.3381	3.6600
195.5292	54.6267	22.8123	0.4745	4.3203	3.5942
195.6816	54.5622	23.0325	0.5014	4.2494	3.5620
195.8340	53.5519	22.8678	0.5207	4.1033	3.4665
195.9864	51.8129	22.7078	0.5326	3.9960	3.2881
196.1388	50.6459	22.7317	0.5364	3.9833	3.1535
196.2912	51.2358	23.3942	0.5551	4.0843	3.1453
196.4436	51.7255	24.0780	0.5835	4.1419	3.1234
196.5960	51.3595	23.8699	0.6002	3.9964	3.1056
196.7484	49.7052	23.0202	0.5982	3.7560	3.0147
196.9008	48.4405	22.8010	0.6038	3.6629	2.8966
197.0532	48.6458	23.4501	0.6192	3.7766	2.8464
197.2056	49.0251	23.4421	0.6070	3.8359	2.8902
197.3580	49.8644	23.4271	0.5901	3.9170	2.9867
197.5104	47.9598	22.5863	0.5619	3.8117	2.8665
197.6628	46.2618	22.3905	0.5629	3.7489	2.6968
197.8152	49.2706	24.2353	0.6151	4.0283	2.8283
197.9676	53.8307	26.4937	0.6700	4.4161	3.0883
198.1200	53.6935	26.8657	0.6877	4.4360	3.0308
198.2724	53.2424	27.9383	0.7374	4.5004	2.8587
198.4248	55.0224	30.1492	0.7935	4.8681	2.8100
198.5772	55.7359	31.4697	0.8072	5.1882	2.7414
198.7296	54.8221	31.8760	0.8020	5.3339	2.5923
198.8820	53.0025	31.5256	0.7817	5.3332	2.4263
199.0344	50.2869	30.1528	0.7389	5.1455	2.2746
199.1868	50.8168	30.3504	0.7504	5.1457	2.3121
199.3392	53.8889	31.4193	0.8027	5.1961	2.5384
199.4916	55.8719	32.0777	0.8489	5.1562	2.6881
199.6440	55.7013	31.9509	0.8676	5.0242	2.6832
199.7964	56.3092	32.2220	0.8772	5.0554	2.7212
199.9488	56.6379	31.8133	0.8524	5.0604	2.8045
200.1012	56.8978	31.1857	0.8228	5.0256	2.9048
200.2536	58.4141	31.4196	0.8252	5.0823	3.0496
200.4060	59.6904	32.0963	0.8494	5.1591	3.1174
200.5584	58.8166	32.3816	0.8644	5.1672	2.9864
200.7108	58.4433	32.5114	0.8615	5.2200	2.9296
200.8632	60.8082	32.7912	0.8482	5.3698	3.1651
201.0156	63.5418	32.7962	0.8418	5.4038	3.4734
201.1680	65.3204	32.2063	0.8240	5.3201	3.7410
201.3204	67.3125	31.4408	0.7842	5.2960	4.0525
201.4728	68.0101	30.0474	0.7396	5.1107	4.2887
201.6252	67.2717	28.0594	0.6989	4.7310	4.4299
201.7776	66.2533	25.7439	0.6384	4.3549	4.5765
201.9300	65.9345	23.9003	0.5795	4.1099	4.7487
202.0824	63.9755	22.0239	0.5324	3.7951	4.7394
202.2348	60.4839	20.3449	0.4895	3.5178	4.5346
202.3872	56.8805	18.9796	0.4331	3.4008	4.2818
202.5396	56.0710	18.4882	0.3888	3.4801	4.2458
202.6920	55.1730	17.5670	0.3448	3.4310	4.2485
202.8444	52.5350	15.9236	0.3023	3.1622	4.1361
202.9968	50.4476	14.7983	0.2804	2.9412	4.0274
203.1492	51.0800	15.0449	0.2886	2.9723	4.0710
203.3016	52.2248	15.9212	0.3155	3.0947	4.1013
203.4540	52.3842	16.1169	0.3268	3.0952	4.0972
203.6064	51.8732	14.9793	0.3002	2.8946	4.1680
203.7588	50.4035	13.5883	0.2732	2.6211	4.1591
203.9112	48.8640	13.4024	0.2830	2.5171	4.0062
204.0636	48.4810	14.2412	0.3030	2.6629	3.8682
204.2160	49.1918	15.2212	0.3120	2.9060	3.8377
204.3684	49.5681	15.7821	0.3174	3.0440	3.8169
204.5208	49.6428	16.5611	0.3360	3.1793	3.7373
204.6732	49.3513	17.7318	0.3655	3.3753	3.5721
204.8256	48.8477	18.5984	0.3931	3.4909	3.4173
204.9780	48.5416	19.1657	0.4163	3.5405	3.3187
205.1304	48.3988	19.6405	0.4230	3.6466	3.2489
205.2828	48.2026	20.0367	0.4138	3.8097	3.1820
205.4352	48.6824	20.7424	0.4168	4.0025	3.1564
205.5876	49.2365	21.5915	0.4394	4.1381	3.1231
205.7400	49.3402	22.4770	0.4710	4.2392	3.0348
205.8924	49.5825	23.2195	0.4927	4.3481	2.9783
206.0448	49.9298	23.6641	0.5074	4.4049	2.9673
206.1972	51.0240	24.6092	0.5399	4.5188	2.9842
206.3496	52.7803	26.0021	0.5816	4.7186	3.0252
206.5020	51.7764	26.0482	0.5865	4.7071	2.9066
206.6544	50.9614	26.4661	0.5963	4.7809	2.7673
206.8068	52.3522	27.8087	0.6231	5.0409	2.7727
206.9592	55.0632	29.2848	0.6503	5.3379	2.9123
207.1116	56.4526	29.9968	0.6684	5.4560	2.9888
207.2640	58.2411	31.2800	0.7109	5.6193	3.0459
207.4164	57.6268	31.2875	0.7291	5.5293	2.9756
207.5688	56.0531	30.1404	0.7155	5.2600	2.9274
207.7212	55.4140	28.8610	0.6913	5.0055	2.9998
207.8736	55.1665	27.9424	0.6787	4.7990	3.0756
208.0260	54.8542	27.6059	0.6841	4.6721	3.0783
208.1784	54.6926	27.5583	0.6928	4.6145	3.0654
208.3308	53.8732	26.6354	0.6808	4.4032	3.0771
208.4832	53.2102	25.5719	0.6738	4.1252	3.1224
208.6356	53.7597	25.5798	0.6912	4.0395	3.1836
208.7880	53.4217	25.2928	0.6932	3.9450	3.1778
208.9404	52.0716	24.6553	0.6877	3.7848	3.0973
209.0928	50.8450	24.2630	0.6833	3.6916	3.0030
209.2452	49.6111	23.3988	0.6530	3.5903	2.9613
209.3976	48.7396	22.2292	0.6147	3.4395	2.9949
209.5500	49.4135	21.8155	0.6031	3.3762	3.1178
209.7024	50.6718	21.8555	0.6123	3.3417	3.2554
209.8548	50.6067	21.4103	0.6137	3.2033	3.2984
210.0072	49.5141	20.5723	0.6015	3.0179	3.2696
210.1596	48.8644	19.4602	0.5722	2.8388	3.3219
210.3120	50.1693	18.3871	0.5357	2.7071	3.5905
210.4644	53.6725	18.2387	0.5185	2.7505	4.0030
210.6168	55.2330	18.0636	0.5002	2.7914	4.1991
210.7692	53.7237	17.5849	0.4772	2.7668	4.0827
210.9216	52.0019	17.4142	0.4649	2.7787	3.9075
211.0740	51.9153	17.6247	0.4661	2.8345	3.8739
211.2264	51.0823	17.9059	0.4762	2.8662	3.7480
211.3788	50.3775	18.9763	0.5119	3.0012	3.5475
211.5312	49.6360	20.1257	0.5535	3.1295	3.3339
211.6836	49.9242	20.9974	0.5794	3.2552	3.2679
211.8360	51.6529	21.6410	0.5834	3.4246	3.3905
211.9884	52.6263	21.4935	0.5602	3.4984	3.5172
212.1408	51.4175	20.4553	0.5285	3.3531	3.4979
212.2932	50.0853	19.6003	0.5145	3.1719	3.4440
212.4456	50.1577	19.6481	0.5201	3.1577	3.4467
212.5980	51.5550	20.3032	0.5378	3.2608	3.5306
212.7504	53.8468	21.0611	0.5570	3.3872	3.7039
212.9028	54.8724	21.5890	0.5640	3.5070	3.7601
213.0552	53.3687	21.5698	0.5598	3.5229	3.5924
213.2076	51.5024	21.6702	0.5750	3.4755	3.3702
213.3600	50.5246	22.3288	0.6203	3.4406	3.1853
213.5124	48.9155	22.5830	0.6565	3.3319	2.9749
213.6648	47.4245	22.0869	0.6585	3.1757	2.8625
213.8172	47.2478	21.4269	0.6421	3.0643	2.9170
213.9696	48.3967	21.4324	0.6467	3.0425	3.0462
214.1220	50.3461	22.1898	0.6747	3.1243	3.1809
214.2744	52.8047	22.9307	0.6965	3.2321	3.3749
214.4268	54.8013	22.8413	0.6972	3.2022	3.6106
214.5792	55.6914	21.9185	0.6811	3.0120	3.8154
214.7316	56.7642	20.9200	0.6592	2.8284	4.0494
214.8840	58.8531	20.9749	0.6640	2.8203	4.2792
215.0364	62.6465	22.4570	0.7119	3.0148	4.5403
215.1888	64.3154	23.4326	0.7400	3.1601	4.6186
215.3412	61.5599	23.0995	0.7264	3.1309	4.3450
215.4936	55.8299	21.4224	0.6697	2.9237	3.8871
215.6460	51.2327	19.6789	0.6073	2.7257	3.5647
215.7984	51.9068	20.0442	0.6102	2.8182	3.5996
215.9508	55.1768	21.6257	0.6672	2.9960	3.7904
216.1032	58.0182	22.7917	0.7338	3.0026	3.9796
216.2556	58.6727	22.8031	0.7595	2.8760	4.0523
216.4080	59.0734	22.5817	0.7574	2.8214	4.1226
216.5604	58.4328	22.0218	0.7386	2.7515	4.1135
216.7128	58.2027	22.5475	0.7482	2.8576	4.0281
216.8652	57.5976	24.2446	0.7764	3.2149	3.7680
217.0176	56.7596	26.3014	0.8046	3.6784	3.4409
217.1700	56.1676	27.4590	0.8153	3.9656	3.2433
217.3224	56.5190	28.0970	0.8273	4.0929	3.2109
217.4748	54.3518	26.9450	0.7839	3.9727	3.0962
217.6272	51.8574	25.7462	0.7212	3.9368	2.9498
217.7796	51.1835	26.3018	0.7048	4.1835	2.8110
217.9320	52.9480	28.0917	0.7389	4.5382	2.8081
218.0844	54.3096	29.3670	0.7795	4.7084	2.8178
218.2368	55.0896	30.4609	0.8234	4.8088	2.7824
218.3892	53.8269	30.0695	0.8175	4.7231	2.6839
218.5416	52.3860	29.0724	0.7941	4.5478	2.6338
218.6940	51.2366	28.1921	0.7801	4.3596	2.6034
218.8464	50.2897	27.4626	0.7620	4.2363	2.5788
218.9988	49.3418	26.6894	0.7300	4.1702	2.5591
219.1512	50.6151	27.0419	0.7176	4.3366	2.6631
219.3036	52.0191	27.4487	0.7066	4.5123	2.7758
219.4560	52.6591	27.7488	0.6986	4.6410	2.8142
219.6084	50.9952	27.1499	0.6690	4.6145	2.6939
219.7608	50.6797	27.0836	0.6629	4.6260	2.6657
219.9132	50.8027	26.1970	0.6574	4.3923	2.7798
220.0656	50.7311	24.2456	0.6352	3.9296	2.9921
220.2180	50.1323	22.2376	0.5989	3.5220	3.1513
220.3704	50.7260	21.7307	0.5912	3.4116	3.2757
220.5228	50.7738	21.5438	0.5969	3.3277	3.3022
220.6752	49.2680	20.9508	0.5989	3.1427	3.1991
220.8276	47.0684	19.4071	0.5745	2.8113	3.1250
220.9800	44.3317	16.9773	0.5117	2.4130	3.0903
221.1324	42.9611	15.4599	0.4578	2.2389	3.1069
221.2848	42.8937	14.6802	0.4204	2.1981	3.1874
221.4372	44.1002	14.6189	0.4226	2.1690	3.3306
221.5896	43.1366	14.4829	0.4329	2.0769	3.2371
221.7420	41.1864	14.1833	0.4347	1.9795	3.0506
221.8944	41.4391	14.5153	0.4528	1.9859	3.0416
222.0468	44.0585	15.7257	0.4854	2.1777	3.2008
222.1992	44.9528	16.6156	0.4994	2.3687	3.2013
222.3516	44.4094	17.1752	0.5093	2.4838	3.0767
222.5040	46.3624	18.8023	0.5568	2.7227	3.1135
222.6564	48.9237	20.4591	0.6090	2.9465	3.2157
222.8088	50.4533	21.3389	0.6375	3.0618	3.2891
222.9612	49.8283	21.3054	0.6388	3.0454	3.2223
223.1136	47.7716	20.8929	0.6346	2.9453	3.0366
223.2660	47.3106	20.5868	0.6356	2.8498	3.0191
223.4184	50.6181	21.0970	0.6459	2.9481	3.3351
223.5708	54.3602	21.8196	0.6501	3.1395	3.6762
223.7232	54.8443	21.2648	0.6148	3.1546	3.7936
223.8756	52.0353	19.7386	0.5642	2.9609	3.6486
224.0280	49.1094	19.1819	0.5660	2.7880	3.3810
224.1804	48.4255	19.7218	0.6174	2.6871	3.2427
224.3328	47.2024	19.5864	0.6402	2.5320	3.1199
224.4852	45.3366	18.7482	0.6156	2.4094	3.0038
224.6376	43.8700	17.6373	0.5651	2.3374	2.9636
224.7900	43.7027	16.6398	0.5202	2.2708	3.0574
224.9424	43.9627	15.5281	0.4737	2.1784	3.2123
225.0948	44.7898	14.9297	0.4578	2.0824	3.3734
225.2472	43.2213	13.9553	0.4434	1.8684	3.3063
225.3996	41.3487	13.0476	0.4273	1.6824	3.1973
225.5520	41.7452	12.8080	0.4232	1.6325	3.2691
225.7044	43.3206	12.7112	0.4082	1.6801	3.4580
225.8568	43.4058	12.2103	0.3787	1.6814	3.5242
226.0092	43.6684	11.8091	0.3717	1.5990	3.5992
226.1616	45.8190	12.1069	0.3892	1.5982	3.8085
226.3140	46.8816	12.3896	0.3986	1.6335	3.8966
226.4664	44.3895	11.9830	0.3855	1.5801	3.6610
226.6188	42.6617	11.8850	0.3920	1.5184	3.4769
226.7712	45.1977	12.8798	0.4423	1.5572	3.6510
226.9236	49.1197	14.1569	0.4930	1.6770	3.9498
227.0760	49.8762	14.6687	0.4937	1.8243	3.9775
227.2284	48.8433	14.7478	0.4664	1.9856	3.8519
227.3808	48.9351	15.3666	0.4600	2.2001	3.7923
227.5332	49.9335	16.7601	0.4877	2.4704	3.7477
227.6856	51.5326	18.0149	0.5237	2.6582	3.7866
227.8380	51.7413	18.5701	0.5378	2.7504	3.7474
227.9904	50.3335	19.1816	0.5545	2.8461	3.5193
228.1428	48.8374	19.5810	0.5743	2.8638	3.3052
228.2952	49.7369	19.7076	0.5804	2.8701	3.3925
228.4476	50.2031	18.8438	0.5448	2.7956	3.5427
228.6000	49.3187	17.5264	0.4855	2.7075	3.5917
228.7524	49.0837	17.0554	0.4620	2.6878	3.6183
228.9048	48.5445	17.1921	0.4697	2.6889	3.5420
229.0572	48.7039	17.5461	0.4728	2.7774	3.5200
229.2096	51.1747	18.5609	0.4855	3.0122	3.6845
229.3620	53.4636	19.8811	0.5064	3.2952	3.7939
229.5144	52.8572	20.3738	0.5091	3.4271	3.6697
229.6668	51.6808	20.6124	0.5098	3.4940	3.5099
229.8192	49.9389	20.1855	0.4947	3.4445	3.3613
229.9716	49.2832	19.7217	0.4817	3.3734	3.3396
230.1240	48.7882	19.2200	0.4757	3.2560	3.3404
230.2764	47.3835	18.2648	0.4529	3.0902	3.2896
230.4288	45.6820	17.2745	0.4218	2.9556	3.2093
230.5812	44.8566	16.6206	0.4038	2.8538	3.1899
230.7336	43.0785	15.5570	0.3782	2.6700	3.1092
230.8860	42.5373	15.1541	0.3680	2.6030	3.0935
231.0384	42.8303	15.1350	0.3598	2.6388	3.1288
231.1908	44.8038	16.1774	0.3730	2.8790	3.2340
231.3432	49.3565	18.7409	0.4330	3.3307	3.4587
231.4956	54.3955	21.7936	0.5289	3.7452	3.6831
231.6480	56.3112	23.9496	0.6257	3.8905	3.6560
231.8004	55.8317	24.4027	0.6710	3.7947	3.5506
231.9528	53.1884	22.8784	0.6467	3.4687	3.4242
232.1052	52.8680	22.6192	0.6561	3.3449	3.4173
232.2576	53.8899	23.7468	0.6980	3.4653	3.4053
232.4100	54.1987	24.6317	0.7286	3.5710	3.3403
232.5624	52.7997	24.6339	0.7391	3.5187	3.1820
232.7148	52.7640	25.1609	0.7650	3.5430	3.1184
232.8672	52.7304	25.4772	0.7820	3.5501	3.0789
233.0196	54.3461	26.1414	0.7996	3.6565	3.1864
233.1720	55.6167	25.9176	0.7826	3.6768	3.3552
233.3244	56.3489	25.3368	0.7716	3.5612	3.5035
233.4768	56.8517	24.8876	0.7774	3.3994	3.6111
233.6292	55.6342	23.5655	0.7491	3.1534	3.6229
233.7816	52.4959	21.4225	0.6860	2.8409	3.5104
233.9340	51.9508	20.9444	0.6775	2.7430	3.5029
234.0864	53.1058	21.8798	0.7149	2.8295	3.5277
234.2388	52.6463	21.9241	0.7234	2.7994	3.4708
234.3912	54.0328	21.8433	0.7251	2.7673	3.6365
234.5436	54.2646	21.1829	0.6984	2.7076	3.7373
234.6960	53.7622	20.5179	0.6655	2.6781	3.7557
234.8484	53.9151	20.4222	0.6494	2.7313	3.7838
235.0008	54.9556	20.8312	0.6513	2.8426	3.8551
235.1532	54.9397	21.1673	0.6491	2.9527	3.8153
235.3056	55.2797	21.7507	0.6626	3.0563	3.7879
235.4580	53.4338	20.8118	0.6397	2.8952	3.6854
235.6104	51.3344	19.5000	0.5961	2.7292	3.5964
235.7628	49.3125	18.6224	0.5517	2.6957	3.4671
235.9152	49.0525	18.5346	0.5190	2.8350	3.4477
236.0676	49.2553	18.8367	0.5035	3.0024	3.4365
236.2200	49.1532	19.5640	0.5238	3.1143	3.3428
236.3724	47.9123	20.1185	0.5518	3.1355	3.1399
236.5248	49.2147	21.2584	0.5928	3.2644	3.1583
236.6772	50.9817	22.3297	0.6367	3.3575	3.2369
236.8296	52.5189	23.3806	0.6787	3.4550	3.2918
236.9820	54.3106	24.3605	0.7046	3.6127	3.3835
237.1344	55.3706	24.3647	0.7028	3.6229	3.5028
237.2868	55.9103	23.4584	0.6845	3.4486	3.6662
237.4392	54.9052	22.2381	0.6577	3.2243	3.6905
237.5916	53.1679	21.1708	0.6253	3.0739	3.6148
237.7440	51.5592	20.1675	0.5878	2.9681	3.5464
237.8964	49.0340	19.0233	0.5600	2.7714	3.3904
238.0488	48.3558	18.6533	0.5746	2.5889	3.3556
238.2012	50.4114	19.0833	0.6212	2.4794	3.5392
238.3536	52.9791	19.2226	0.6550	2.3497	3.8136
238.5060	52.4940	18.1941	0.6277	2.1847	3.8749
238.6584	51.4361	17.1237	0.5934	2.0428	3.8764
238.8108	50.4657	15.6557	0.5657	1.7506	3.9326
238.9632	49.9670	14.4947	0.5460	1.5081	4.0074
239.1156	50.9027	14.7008	0.5511	1.5429	4.0898
239.2680	51.0568	14.9772	0.5503	1.6286	4.0760
239.4204	51.6150	14.8726	0.5413	1.6434	4.1509
239.5728	52.2921	15.0429	0.5347	1.7271	4.2081
239.7252	52.3915	15.2842	0.5255	1.8447	4.1921
239.8776	51.0023	15.0164	0.5022	1.8837	4.0654
240.0300	50.4052	14.9428	0.4931	1.9077	4.0063
240.1824	51.0461	15.3894	0.5050	1.9792	4.0282
240.3348	52.9772	16.9069	0.5460	2.2191	4.0749
240.4872	55.2187	19.0042	0.6115	2.5052	4.0912
240.6396	57.7352	21.5801	0.7034	2.7994	4.0845
240.7920	60.0594	24.0739	0.7954	3.0689	4.0654
240.9444	61.1406	25.0863	0.8246	3.2193	4.0731
241.0968	59.5808	24.5506	0.7811	3.2817	3.9575
241.2492	57.0793	23.9804	0.7283	3.3808	3.7393
241.4016	54.1550	23.7336	0.6863	3.5206	3.4368
241.5540	51.8679	23.9260	0.6680	3.6696	3.1567
241.7064	52.1380	25.0311	0.6843	3.9128	3.0623
241.8588	53.5039	26.8974	0.7292	4.2356	3.0058
242.0112	53.6036	28.3223	0.7721	4.4381	2.8561
242.1636	53.5879	28.8713	0.8080	4.4182	2.7923
242.3160	53.1195	28.7105	0.8253	4.2837	2.7576
242.4684	52.4823	28.9123	0.8348	4.2947	2.6628
242.6208	52.6093	29.6824	0.8567	4.4112	2.5901
242.7732	51.9330	30.0005	0.8612	4.4819	2.4778
242.9256	49.7803	29.4009	0.8273	4.4766	2.3023
243.0780	48.7590	28.9212	0.8037	4.4548	2.2411
243.2304	49.3791	29.0147	0.8004	4.4992	2.3006
243.3828	48.9330	27.9465	0.7545	4.4168	2.3709
243.5352	48.0585	26.4650	0.6917	4.2976	2.4395
243.6876	48.8679	25.9193	0.6616	4.2891	2.5926
243.8400	49.7859	25.5955	0.6513	4.2462	2.7328
243.9924	48.5654	24.9009	0.6368	4.1148	2.6734
244.1448	45.1973	23.4763	0.6026	3.8682	2.4539
244.2972	44.2159	22.3635	0.5667	3.7216	2.4687
244.4496	45.7796	21.2334	0.5240	3.6049	2.7730
244.6020	47.6557	20.2903	0.5001	3.4478	3.0915
244.7544	46.3807	18.7857	0.4798	3.1074	3.1175
244.9068	45.9794	17.9376	0.4719	2.8976	3.1680
245.0592	48.2472	18.0248	0.4820	2.8720	3.4143
245.2116	50.4773	18.5940	0.5086	2.9050	3.6019
245.3640	51.4445	18.9534	0.5199	2.9537	3.6706
245.5164	50.8923	18.6927	0.5088	2.9330	3.6377
245.6688	50.8265	19.1164	0.5175	3.0138	3.5824
245.8212	51.2266	19.5245	0.5249	3.0966	3.5815
245.9736	51.2199	19.3630	0.5240	3.0537	3.5990
246.1260	50.3296	19.3086	0.5240	3.0380	3.5045
246.2784	48.1405	18.9342	0.5134	2.9813	3.2995
246.4308	47.1697	18.7352	0.5169	2.9046	3.2123
246.5832	47.3777	19.1800	0.5417	2.9103	3.1856
246.7356	46.3190	19.2757	0.5429	2.9325	3.0551
246.8880	42.7498	17.9423	0.4868	2.8234	2.8026
247.0404	40.3079	16.4474	0.4285	2.6779	2.6956
247.1928	38.9956	15.0788	0.3911	2.4639	2.7019
247.3452	39.3393	14.9099	0.3953	2.3929	2.7599
247.4976	40.5797	16.3453	0.4437	2.5709	2.7378
247.6500	41.2940	17.8543	0.4908	2.7775	2.6480
247.8024	43.2646	19.3208	0.5363	2.9791	2.7050
247.9548	47.7182	21.9373	0.6144	3.3549	2.9125
248.1072	51.0562	24.0286	0.6745	3.6672	3.0534
248.2596	51.6654	23.9262	0.6744	3.6372	3.1338
248.4120	51.3437	22.8468	0.6472	3.4570	3.2194
248.5644	51.5553	22.2045	0.6210	3.4002	3.3158
248.7168	53.9879	22.4927	0.6176	3.5023	3.5581
248.8692	57.1848	23.6276	0.6490	3.6779	3.7910
249.0216	58.5517	24.9930	0.6983	3.8308	3.7912
249.1740	55.7909	24.6461	0.7065	3.6870	3.5185
249.3264	53.7634	23.9413	0.6998	3.5134	3.3691
249.4788	54.4577	24.3343	0.7214	3.5198	3.4031
249.6312	59.3140	26.5319	0.8030	3.7546	3.7035
249.7836	61.1682	27.0020	0.8353	3.7297	3.8598
249.9360	59.2004	26.3610	0.8361	3.5369	3.7100
250.0884	54.4476	25.3149	0.8215	3.3025	3.2912
250.2408	53.0525	25.5534	0.8373	3.2928	3.1067
250.3932	55.9409	27.3093	0.8927	3.5295	3.2346
250.5456	60.2719	29.0508	0.9542	3.7317	3.5271
250.6980	60.3097	28.0889	0.9316	3.5624	3.6401
250.8504	59.8451	27.0450	0.8885	3.4729	3.7055
251.0028	59.8038	26.2285	0.8457	3.4489	3.7931
251.1552	59.4803	25.6147	0.8153	3.4218	3.8259
251.3076	56.4658	25.3559	0.7954	3.4462	3.5146
251.4600	52.4786	25.0732	0.7788	3.4473	3.0961
251.6124	47.4462	23.6681	0.7385	3.2371	2.6863
251.7648	45.3591	23.2955	0.7391	3.1241	2.4926
251.9172	45.3559	23.3546	0.7622	3.0250	2.4855
252.0696	46.3987	23.1372	0.7711	2.9157	2.6279
252.2220	44.7914	21.4168	0.7151	2.6922	2.6407
252.3744	42.9915	20.5237	0.6793	2.6102	2.5382
252.5268	41.1904	19.9997	0.6536	2.5859	2.3940
252.6792	40.3361	19.2961	0.6166	2.5658	2.3769
252.8316	40.9134	19.4199	0.6102	2.6346	2.4282
252.9840	43.0595	21.1510	0.6781	2.8012	2.4751
253.1364	43.2273	21.9800	0.7206	2.8304	2.4004
253.2888	41.6362	21.5928	0.7100	2.7700	2.2644
253.4412	40.7872	21.2979	0.6969	2.7490	2.2018
253.5936	41.2257	21.3480	0.6883	2.8076	2.2456
253.7460	42.3288	22.3323	0.7108	2.9837	2.2591
253.8984	42.5913	23.5413	0.7602	3.0900	2.1521
254.0508	42.3776	24.3489	0.8059	3.0966	2.0368
254.2032	42.0480	24.4547	0.8225	3.0437	1.9876
254.3556	43.8076	24.6896	0.8430	3.0092	2.1598
254.5080	45.8865	24.7846	0.8568	2.9676	2.3839
254.6604	46.1505	24.3173	0.8506	2.8611	2.4666
254.8128	43.9319	22.9624	0.8066	2.6844	2.3690
254.9652	42.6086	22.1792	0.7711	2.6334	2.3080
255.1176	43.3278	22.0606	0.7563	2.6733	2.4026
255.2700	44.8380	21.9897	0.7449	2.7101	2.5812
255.4224	44.5733	20.6734	0.6914	2.5929	2.7000
255.5748	44.8111	19.9607	0.6474	2.6055	2.8074
255.7272	45.4778	20.3466	0.6408	2.7529	2.8391
255.8796	45.4819	20.4990	0.6396	2.8039	2.8224
256.0320	43.7979	19.0753	0.5756	2.7081	2.7930
256.1844	44.2232	17.7778	0.5038	2.6887	2.9876
256.3368	45.0201	16.8160	0.4591	2.6318	3.1863
256.4892	43.9723	16.1291	0.4478	2.4866	3.1455
256.6416	39.6693	15.1325	0.4423	2.2209	2.7720
256.7940	36.6502	14.7100	0.4515	2.0500	2.4786
256.9464	35.3616	14.2999	0.4508	1.9323	2.3794
257.0988	36.6660	14.6176	0.4590	1.9847	2.4909
257.2512	37.5068	14.9720	0.4574	2.0971	2.5458
257.4036	38.2724	15.4847	0.4599	2.2354	2.5744
257.5560	37.8716	15.4682	0.4515	2.2732	2.5310
257.7084	38.3666	15.7349	0.4552	2.3330	2.5568
257.8608	39.2144	15.6986	0.4571	2.3126	2.6566
258.0132	40.3697	15.5716	0.4670	2.2252	2.8015
258.1656	39.6887	15.1270	0.4758	2.0495	2.7748
258.3180	40.1415	15.8470	0.5212	2.0319	2.7446
258.4704	41.1593	17.0236	0.5750	2.1065	2.7267
258.6228	40.9187	17.3011	0.6036	2.0439	2.6681
258.7752	39.8882	16.8083	0.6120	1.8560	2.6074
258.9276	39.8896	16.4826	0.6148	1.7460	2.6443
259.0800	40.0496	15.9107	0.6005	1.6499	2.7270
259.2324	42.2168	15.9751	0.6160	1.5902	2.9646
259.3848	44.2818	16.3246	0.6456	1.5434	3.1584
259.5372	43.1553	15.6352	0.6251	1.4439	3.1090
259.6896	42.3266	14.4397	0.5734	1.3534	3.1504
259.8420	43.5731	13.5222	0.5315	1.2949	3.3949
259.9944	44.7062	12.6750	0.4922	1.2441	3.6186
260.1468	44.6562	11.8406	0.4491	1.2165	3.7073
260.2992	45.6963	11.8968	0.4543	1.2067	3.8184
260.4516	46.9736	12.8710	0.5024	1.2507	3.8527
260.6040	47.1891	13.9494	0.5474	1.3407	3.7552
260.7564	46.5543	14.7814	0.5763	1.4393	3.5895
260.9088	47.1968	16.1194	0.6200	1.6124	3.5109
261.0612	48.6668	17.7083	0.6716	1.8197	3.4975
261.2136	48.4042	17.9546	0.6738	1.8812	3.4400
261.3660	47.0882	17.4162	0.6426	1.8804	3.3521
261.5184	47.4995	17.8551	0.6398	2.0236	3.3490
261.6708	49.2906	19.0679	0.6609	2.2741	3.4143
261.8232	54.0757	20.9324	0.7065	2.5932	3.7443
261.9756	57.6744	22.1627	0.7298	2.8373	4.0119
262.1280	59.4006	23.3266	0.7444	3.1063	4.0754
262.2804	56.7270	22.7561	0.7079	3.1230	3.8378
262.4328	54.2072	22.0922	0.6751	3.0935	3.6281
262.5852	52.7343	22.4159	0.6623	3.2538	3.4251
262.7376	55.4692	24.6719	0.7082	3.6862	3.4792
262.8900	57.1596	26.1276	0.7412	3.9480	3.5058
263.0424	55.2638	25.4572	0.7285	3.8150	3.3673
263.1948	54.4628	25.3060	0.7424	3.6998	3.2939
263.3472	55.9418	25.9968	0.7803	3.7119	3.3830
263.4996	55.7668	25.2275	0.7639	3.5681	3.4501
263.6520	53.9182	23.2698	0.6986	3.3218	3.4624
263.8044	53.1284	21.8086	0.6386	3.1944	3.5383
263.9568	52.0007	19.9100	0.5668	2.9984	3.6254
264.1092	52.8979	18.7545	0.5128	2.9311	3.8573
264.2616	56.4938	19.4495	0.5087	3.1565	4.1850
264.4140	56.2573	19.4607	0.5025	3.1915	4.1570
264.5664	54.3200	18.6484	0.4856	3.0375	4.0299
264.7188	54.5100	17.7308	0.4706	2.8430	4.1550
264.8712	56.1631	17.9498	0.4932	2.7935	4.3171
265.0236	55.7993	18.7410	0.5321	2.8294	4.1866
265.1760	54.0850	18.6732	0.5558	2.6896	4.0006
265.3284	54.0803	19.1025	0.5940	2.6227	3.9515
265.4808	53.9373	19.3571	0.6100	2.6172	3.9066
265.6332	54.9056	19.2097	0.6154	2.5464	4.0327
265.7856	56.0251	18.7758	0.6266	2.3617	4.2082
265.9380	57.4259	18.6661	0.6441	2.2411	4.3788
266.0904	57.1312	18.5279	0.6413	2.2143	4.3611
266.2428	57.3485	18.8122	0.6505	2.2518	4.3535
266.3952	57.4064	18.8371	0.6435	2.2942	4.3573
266.5476	56.3497	18.5636	0.6189	2.3383	4.2688
266.7000	55.7424	18.7046	0.6097	2.4262	4.1843
266.8524	54.9076	19.3557	0.6209	2.5614	4.0164
267.0048	54.1787	20.5202	0.6544	2.7350	3.8025
267.1572	53.4461	21.3510	0.6972	2.7631	3.6259
267.3096	52.6967	21.6515	0.7337	2.6670	3.5073
267.4620	52.0951	21.7584	0.7476	2.6284	3.4272
267.6144	51.8847	21.5753	0.7376	2.6251	3.4241
267.7668	50.8913	21.3957	0.7199	2.6618	3.3322
267.9192	48.6207	20.6194	0.6777	2.6466	3.1634
268.0716	47.3676	19.7704	0.6397	2.5887	3.1177
268.2240	47.6124	19.7388	0.6284	2.6365	3.1490
268.3764	48.5811	19.7919	0.6219	2.6851	3.2524
268.5288	48.0585	19.0544	0.5971	2.5929	3.2767
268.6812	46.3863	17.9885	0.5751	2.3902	3.2082
268.8336	45.5650	17.4671	0.5674	2.2759	3.1743
268.9860	46.2939	17.8181	0.5721	2.3554	3.2170
269.1384	47.8481	18.7946	0.5984	2.5101	3.2823
269.2908	49.6457	20.1200	0.6389	2.6955	3.3356
269.4432	49.6721	20.8331	0.6499	2.8500	3.2580
269.5956	48.2306	20.6544	0.6273	2.9119	3.1154
269.7480	48.1853	20.3485	0.6024	2.9478	3.1448
269.9004	49.7394	19.9378	0.5842	2.9184	3.3668
270.0528	51.0279	19.2732	0.5680	2.8047	3.5874
270.2052	51.2903	18.6872	0.5567	2.6892	3.6833
270.3576	52.4678	18.7530	0.5625	2.6793	3.8089
270.5100	53.3851	18.4481	0.5540	2.6325	3.9469
270.6624	53.3583	17.8114	0.5328	2.5522	4.0158
270.8148	52.1836	16.8152	0.5071	2.3886	3.9957
270.9672	51.4252	16.5676	0.5046	2.3282	3.9379
271.1196	50.2962	16.4958	0.5043	2.3089	3.8185
271.2720	50.1079	16.5325	0.5045	2.3187	3.7931
271.4244	49.9954	16.7745	0.5111	2.3565	3.7531
271.5768	51.5757	17.9757	0.5497	2.5152	3.7959
271.7292	53.6144	19.5134	0.5856	2.7864	3.8525
271.8816	52.9013	19.9623	0.5689	3.0031	3.7212
272.0340	50.4124	19.2431	0.5258	3.0093	3.5213
272.1864	49.8068	18.4457	0.4933	2.9388	3.5429
272.3388	51.6055	17.3194	0.4643	2.7540	3.8734
272.4912	53.0348	15.2573	0.4296	2.3216	4.2678
272.6436	53.2647	12.7072	0.3941	1.7500	4.5819
272.7960	53.3498	10.4872	0.3723	1.2062	4.8423
272.9484	52.9858	8.7434	0.3610	0.7499	4.9982
273.1008	51.1051	6.6344	0.3275	0.2976	5.0240
273.2532	48.4539	3.8234	0.2527	-0.1519	5.0420
273.4056	46.3536	0.7262	0.1479	-0.5341	5.1547
273.5580	44.3590	-1.9313	0.0591	-0.8681	5.2295
273.7104	42.3686	-3.7103	0.0157	-1.1727	5.2057
273.8628	41.4546	-4.4439	0.0028	-1.3234	5.1853