HOLE:	1230A
LEG:	201
TOP:	0.1519
BOTTOM:	266.3947
DEPTH_WMSF	HSGR	HCGR	HFK	HTHO	HURA	HBHK
m	gAPI	gAPI	%	ppm	ppm	%	
0.1519	1.9633	1.5825	0.0514	0.2049	0.0434	-4.9051
0.3043	2.8390	1.9540	0.0567	0.2925	0.1287	-4.9051
0.4567	3.9360	2.5354	0.0575	0.4738	0.1824	-4.9051
0.6091	4.7222	3.0649	0.0655	0.5959	0.2069	-4.9051
0.7615	5.7666	3.5488	0.0855	0.6337	0.2675	-4.9051
0.9139	6.1825	3.8275	0.0884	0.7055	0.3169	-4.9051
1.0663	7.3911	4.3953	0.0849	0.9074	0.3990	-4.9051
1.2187	8.2586	4.6747	0.0790	1.0314	0.4847	-4.9051
1.3711	9.3277	5.8737	0.0978	1.3041	0.4609	-4.9051
1.5235	9.9797	6.1137	0.1045	1.3419	0.5155	-4.9051
1.6759	9.4895	6.1547	0.1120	1.3110	0.4272	-4.9051
1.8283	8.2058	5.0779	0.0832	1.1355	0.4104	-4.9051
1.9807	6.5488	4.0737	0.0664	0.9133	0.3120	-4.9051
2.1331	4.6658	2.7565	0.0548	0.5598	0.2406	-4.9051
2.2855	3.9596	2.2175	0.0504	0.4136	0.2297	-4.9051
2.4379	3.7169	1.9477	0.0396	0.3905	0.2375	-4.9051
2.5903	4.1894	2.0351	0.0435	0.3956	0.2692	-4.9051
2.7427	5.5840	2.4510	0.0642	0.4076	0.4093	-4.9051
2.8951	5.7885	2.1819	0.0565	0.3666	0.4954	-4.9051
3.0475	6.2770	2.0921	0.0758	0.2249	0.5488	-4.9051
3.1999	6.8484	2.7644	0.1099	0.2400	0.5488	-4.9051
3.3523	8.4237	3.1349	0.1212	0.2921	0.7210	-4.9051
3.5047	9.4974	4.3225	0.1550	0.4739	0.7022	-4.9051
3.6571	9.5993	4.0708	0.1474	0.4376	0.7258	-4.9051
3.8095	9.6257	4.0348	0.1483	0.4210	0.7446	-4.9051
3.9619	9.6952	4.3413	0.1457	0.5344	0.6991	-4.9051
4.1143	9.8215	4.8507	0.1546	0.6448	0.6763	-4.9051
4.2667	9.9578	5.1702	0.1618	0.7046	0.6400	-4.9051
4.4191	10.0542	5.4523	0.1737	0.7253	0.6055	-4.9051
4.5715	9.3699	5.2533	0.1736	0.6621	0.5493	-4.9051
4.7239	9.0026	4.7115	0.1382	0.6963	0.5953	-4.9051
4.8763	9.2068	4.1726	0.1072	0.7055	0.6710	-4.9051
5.0287	9.1417	4.0021	0.1188	0.5831	0.6605	-4.9051
5.1811	9.3341	3.6915	0.1172	0.4936	0.7379	-4.9051
5.3335	9.8020	4.5992	0.1519	0.5802	0.6994	-4.9051
5.4859	10.4869	5.2782	0.1656	0.7169	0.7192	-4.9051
5.6383	10.8571	5.4801	0.1810	0.6913	0.7383	-4.9051
5.7907	10.1825	5.2638	0.1870	0.5874	0.6426	-4.9051
5.9431	9.5580	5.1705	0.1896	0.5424	0.5919	-4.9051
6.0955	9.1002	5.1221	0.1878	0.5372	0.5594	-4.9051
6.2479	9.1919	5.1280	0.1842	0.5601	0.5666	-4.9051
6.4003	9.3963	5.1824	0.1838	0.5798	0.5865	-4.9051
6.5527	9.1960	5.7176	0.1973	0.6720	0.4936	-4.9051
6.7051	9.0200	5.6673	0.1911	0.6923	0.4699	-4.9051
6.8575	9.7261	5.9895	0.1988	0.7499	0.5190	-4.9051
7.0099	9.7581	5.6830	0.1966	0.6651	0.5516	-4.9051
7.1623	9.7498	5.7941	0.1815	0.7889	0.5156	-4.9051
7.3147	9.1695	5.5304	0.1582	0.8411	0.4968	-4.9051
7.4671	9.6021	5.6684	0.1523	0.9197	0.5370	-4.9051
7.6195	9.8611	5.4686	0.1447	0.9001	0.5742	-4.9051
7.7719	9.5647	4.9960	0.1300	0.8352	0.5657	-4.9051
7.9243	8.5317	4.7345	0.1245	0.7842	0.4393	-4.9051
8.0767	7.0563	4.5015	0.1227	0.7200	0.2766	-4.9051
8.2291	6.5350	3.8115	0.1006	0.6292	0.3228	-4.9051
8.3815	6.1648	3.5000	0.0884	0.6008	0.3453	-4.9051
8.5339	5.9348	3.4933	0.0835	0.6274	0.3177	-4.9051
8.6863	5.8450	3.2493	0.0589	0.6938	0.3323	-4.9051
8.8387	5.6283	3.2293	0.0753	0.5911	0.3186	-4.9051
8.9911	6.4582	3.6122	0.0885	0.6362	0.3694	-4.9051
9.1435	6.3783	3.7180	0.0892	0.6660	0.3629	-4.9051
9.2959	6.8892	3.9906	0.0986	0.6980	0.4120	-4.9051
9.4483	6.6208	4.0447	0.0909	0.7600	0.3920	-4.9051
9.6007	6.3615	3.6829	0.0834	0.6883	0.4112	-4.9051
9.7531	5.8606	3.2905	0.0777	0.5969	0.3955	-4.9051
9.9055	5.4337	3.2560	0.0760	0.5957	0.3372	-4.9051
10.0579	5.4711	3.5623	0.0816	0.6604	0.2912	-4.9051
10.2103	5.4366	3.2891	0.0710	0.6356	0.3202	-4.9051
10.3627	6.0328	3.7572	0.0889	0.6803	0.3509	-4.9051
10.5151	6.2008	3.5261	0.0808	0.6537	0.3969	-4.9051
10.6675	6.8666	3.5688	0.0859	0.6378	0.5055	-4.9051
10.8199	6.1364	2.9396	0.0601	0.5874	0.4949	-4.9051
10.9723	6.2000	3.1660	0.0722	0.5887	0.4637	-4.9051
11.1247	5.1149	3.1418	0.0765	0.5560	0.2991	-4.9051
11.2771	4.8491	2.8895	0.0710	0.5077	0.2997	-4.9051
11.4295	4.2493	2.3590	0.0507	0.4570	0.2785	-4.9051
11.5819	4.5415	2.3849	0.0587	0.4185	0.3216	-4.9051
11.7343	5.2836	2.5680	0.0581	0.4803	0.4205	-4.9051
11.8867	5.2568	3.2783	0.0860	0.5438	0.3109	-4.9051
12.0391	5.3854	3.4846	0.0869	0.6048	0.2776	-4.9051
12.1915	5.2322	3.7762	0.0981	0.6325	0.2194	-4.9051
12.3439	5.7629	4.1619	0.1022	0.7319	0.2445	-4.9051
12.4963	5.6731	3.7999	0.0991	0.6340	0.2612	-4.9051
12.6487	5.6508	3.5111	0.0784	0.6631	0.3138	-4.9051
12.8011	5.4662	2.9236	0.0733	0.5052	0.3780	-4.9051
12.9535	5.2624	3.1624	0.0737	0.5792	0.3184	-4.9051
13.1059	5.0919	2.9604	0.0711	0.5299	0.3692	-4.9051
13.2583	5.7024	3.2744	0.0742	0.6116	0.4268	-0.1371
13.4107	6.1226	3.6471	0.0722	0.7423	0.4534	-0.1371
13.5631	6.0948	3.0052	0.0513	0.6598	0.5472	-0.1371
13.7155	5.5016	2.4836	0.0368	0.5779	0.5511	-0.1371
13.8679	5.3999	2.4479	0.0266	0.6262	0.5494	-0.1371
14.0203	5.6616	2.3610	0.0263	0.6003	0.5979	-0.1371
14.1727	5.3389	2.6014	0.0383	0.6064	0.5006	-0.1371
14.3251	4.9422	2.2632	0.0316	0.5379	0.4824	-0.1371
14.4775	4.7509	2.2331	0.0257	0.5628	0.4579	-0.1371
14.6299	4.8480	1.9877	0.0198	0.5186	0.5154	-0.1371
14.7823	5.2929	2.3531	0.0419	0.5063	0.4721	-0.1371
14.9347	5.3609	2.5114	0.0446	0.5409	0.4417	-0.1371
15.0871	5.5046	3.4514	0.0490	0.8157	0.3342	-0.1371
15.2395	4.8769	2.9943	0.0468	0.6826	0.3064	-0.1371
15.3919	5.0941	3.0163	0.0456	0.6966	0.3407	-0.1371
15.5443	5.2977	2.3836	0.0349	0.5569	0.4710	-0.1371
15.6967	5.0404	2.6521	0.0462	0.5765	0.3768	-0.1371
15.8491	4.8644	2.5947	0.0513	0.5288	0.3875	-0.1371
16.0015	4.5751	2.8602	0.0719	0.4925	0.2981	-0.1371
16.1539	5.2002	3.7679	0.0775	0.7502	0.2587	-0.1371
16.3063	4.6953	3.8599	0.0840	0.7413	0.1719	-0.1371
16.4587	4.6470	3.7361	0.0680	0.7955	0.2013	-0.1371
16.6111	5.3000	4.7995	0.0931	0.9879	0.1400	-0.1371
16.7635	5.3796	3.8298	0.0946	0.6696	0.2669	-0.1371
16.9159	5.4627	4.1908	0.1052	0.7228	0.2136	-0.1371
17.0683	5.0612	4.4134	0.1072	0.7818	0.1233	-0.1371
17.2207	5.4811	5.1619	0.1213	0.9382	0.0617	-0.1371
17.3731	5.6682	5.1247	0.1155	0.9608	0.1323	-0.1371
17.5255	5.4112	4.8336	0.1031	0.9401	0.1068	-0.1371
17.6779	5.3374	4.5264	0.0798	0.9787	0.1307	-0.1371
17.8303	4.9275	3.5930	0.0670	0.7552	0.2088	-0.1371
17.9827	5.0151	3.6826	0.0631	0.8063	0.1849	-0.1371
18.1351	4.9943	3.8320	0.0565	0.8928	0.1731	-0.1371
18.2875	5.1477	3.9787	0.0466	0.9975	0.1935	-0.1371
18.4399	5.4715	3.8891	0.0453	0.9767	0.2550	-0.1371
18.5923	5.3133	4.2586	0.0568	1.0274	0.1934	-0.1371
18.7447	6.1389	4.7374	0.0726	1.0881	0.2317	-0.1371
18.8971	5.7781	4.7483	0.0811	1.0418	0.1690	-0.1371
19.0495	6.2423	5.2106	0.0963	1.1000	0.1466	-0.1371
19.2019	5.5945	4.4815	0.0794	0.9663	0.1609	-0.1371
19.3543	5.5919	4.6523	0.0891	0.9639	0.1500	-0.1371
19.5067	5.5014	4.6184	0.1029	0.8727	0.1208	-0.1371
19.6591	5.9466	4.9697	0.1130	0.9259	0.1492	-0.1371
19.8115	5.8865	4.9253	0.1276	0.8264	0.1461	-0.1371
19.9639	5.6928	4.1198	0.1154	0.6402	0.2120	-0.1371
20.1163	6.1027	4.8481	0.1331	0.7695	0.1420	-0.1371
20.2687	6.8836	4.6134	0.1133	0.8101	0.2856	-0.1371
20.4211	7.2839	5.0402	0.1197	0.9089	0.2823	-0.1371
20.5735	6.8087	4.5174	0.1046	0.8305	0.2952	-0.1371
20.7259	6.7409	4.7062	0.1149	0.8304	0.2563	-0.1371
20.8783	7.0164	5.2894	0.1387	0.8775	0.2303	-0.1371
21.0307	7.2734	5.1903	0.1304	0.8942	0.2967	-0.1371
21.1831	7.6225	5.4228	0.1311	0.9646	0.3245	-0.1371
21.3355	7.8437	5.2724	0.1336	0.9018	0.3622	-0.1371
21.4879	8.0045	5.2875	0.1364	0.8900	0.3672	-0.1371
21.6403	7.1560	4.8727	0.1377	0.7501	0.3288	-0.1371
21.7927	5.8550	3.8739	0.1053	0.6205	0.3109	-0.1371
21.9451	4.8461	3.7230	0.1104	0.5426	0.1830	-0.1371
22.0975	4.8125	3.6788	0.1144	0.5049	0.2097	-0.1371
22.2499	5.0503	3.8197	0.1211	0.5106	0.2418	-0.1371
22.4023	5.3111	3.6838	0.1157	0.4989	0.2934	-0.1371
22.5547	5.4392	3.6007	0.1050	0.5349	0.3132	-0.1371
22.7071	5.7070	3.7667	0.1070	0.5764	0.3020	-0.1371
22.8595	5.8333	3.4658	0.0918	0.5692	0.3554	-0.1371
23.0119	5.7860	3.8401	0.0877	0.7129	0.3106	-0.1371
23.1643	5.2565	3.6469	0.0852	0.6660	0.2802	-0.1371
23.3167	4.8631	3.4857	0.0699	0.7041	0.2322	-0.1371
23.4691	5.0401	3.8592	0.0910	0.6996	0.2133	-0.1371
23.6215	5.4997	3.6868	0.0841	0.6852	0.3034	-0.1371
23.7739	5.8818	4.0777	0.0819	0.8226	0.2958	-0.1371
23.9263	5.8232	4.1080	0.0872	0.8011	0.2772	-0.1371
24.0787	6.1426	4.5254	0.0873	0.9343	0.2843	-0.1371
24.2311	6.0095	4.0701	0.0811	0.8254	0.3170	-0.1371
24.3835	5.4693	4.0986	0.0781	0.8515	0.2285	-0.1371
24.5359	5.0993	4.3479	0.0998	0.8042	0.1378	-0.1371
24.6883	4.7220	3.4325	0.0851	0.5978	0.2037	-0.1371
24.8407	5.6617	3.4114	0.0722	0.6670	0.3494	-0.1371
24.9931	6.5572	3.4054	0.0770	0.6369	0.4730	-0.1371
25.1455	6.7765	3.3068	0.0605	0.7020	0.5023	-0.1371
25.2979	6.0403	3.1069	0.0563	0.6629	0.4277	-0.1371
25.4503	5.4978	2.4219	0.0481	0.4920	0.4270	-0.1371
25.6027	5.8116	2.5007	0.0430	0.5469	0.4626	-0.1371
25.7551	6.5929	2.4992	0.0434	0.5438	0.5559	-0.1371
25.9075	7.1369	2.8067	0.0486	0.6117	0.6201	-0.1371
26.0599	7.4564	2.6729	0.0490	0.5667	0.6993	-0.1371
26.2123	7.1381	2.0547	0.0180	0.5508	0.7608	-0.1371
26.3647	7.2634	2.4079	0.0296	0.5955	0.7276	-0.1371
26.5171	6.3830	2.6836	0.0498	0.5655	0.5268	-0.1371
26.6695	6.9586	3.1307	0.0504	0.7049	0.5803	-0.1371
26.8219	6.4119	2.9534	0.0491	0.6558	0.5209	-0.1371
26.9743	6.8731	2.9785	0.0416	0.7077	0.5802	-0.1371
27.1267	6.2945	3.0858	0.0491	0.6979	0.5004	-0.1371
27.2791	6.3322	3.0077	0.0532	0.6487	0.5017	-0.1371
27.4315	6.4662	3.5713	0.0604	0.7866	0.4487	-0.1371
27.5839	6.4113	3.3982	0.0558	0.7582	0.4349	-0.1371
27.7363	5.6466	3.0013	0.0625	0.5925	0.3773	-0.1371
27.8887	5.3998	3.1882	0.0686	0.6163	0.3105	-0.1371
28.0411	5.3453	3.2959	0.0816	0.5747	0.3050	-0.1371
28.1935	5.8228	3.6744	0.0977	0.6015	0.3461	-0.1371
28.3459	5.6062	3.7610	0.1112	0.5503	0.2603	-0.1371
28.4983	5.8170	3.7908	0.1019	0.6140	0.2777	-0.1371
28.6507	6.0483	3.9794	0.1182	0.5789	0.2724	-0.1371
28.8031	6.6079	4.0826	0.1179	0.6135	0.3325	-0.1371
28.9555	6.3663	4.0522	0.1136	0.6292	0.3298	-0.1371
29.1079	6.5517	3.8497	0.1213	0.5193	0.4038	-0.1371
29.2603	6.5157	4.1570	0.1298	0.5676	0.3664	-0.1371
29.4127	6.4367	4.2085	0.1280	0.5947	0.3438	-0.1371
29.5651	6.3178	4.2577	0.1350	0.5694	0.3333	-0.1371
29.7175	6.7086	4.3688	0.1223	0.6794	0.3584	-0.1371
29.8699	7.0502	4.7676	0.1198	0.8209	0.3132	-0.1371
30.0223	6.8437	4.4000	0.1069	0.7790	0.3540	-0.1371
30.1747	6.6460	4.1274	0.1219	0.6044	0.3683	-0.1371
30.3271	6.6253	4.6225	0.1297	0.7169	0.2965	-0.1371
30.4795	6.3542	4.1092	0.1136	0.6474	0.3300	-0.1371
30.6319	5.1223	3.1388	0.0869	0.4938	0.2892	-0.1371
30.7843	4.6808	2.8642	0.0789	0.4530	0.2379	-0.1371
30.9367	4.9534	2.9150	0.0804	0.4604	0.2772	-0.1371
31.0891	5.7032	2.9226	0.0741	0.4999	0.3790	-0.1371
31.2415	5.5967	2.8095	0.0637	0.5243	0.3781	-0.1371
31.3939	5.2327	2.7799	0.0847	0.3919	0.3521	-0.1371
31.5463	5.1894	2.9864	0.0853	0.4541	0.3448	-0.1371
31.6987	5.4396	3.3157	0.0923	0.5184	0.3391	-0.1371
31.8511	5.6248	3.6302	0.0794	0.6945	0.3367	-0.1371
32.0035	6.0605	3.7754	0.0748	0.7678	0.4047	-0.1371
32.1559	6.4355	4.4997	0.0937	0.8886	0.3385	-0.1371
32.3083	7.0322	4.7701	0.0908	0.9917	0.3831	-0.1371
32.4607	7.1930	5.0695	0.1023	1.0201	0.4079	-0.1371
32.6131	6.4311	4.8856	0.0890	1.0392	0.3246	-0.1371
32.7655	5.8688	4.9327	0.0962	1.0121	0.2369	-0.1371
32.9179	5.3581	4.2884	0.0818	0.8904	0.2264	-0.1371
33.0703	5.6750	4.5156	0.0698	1.0337	0.2218	-0.1371
33.2227	5.6472	4.0229	0.0726	0.8598	0.2664	-0.1371
33.3751	5.4090	3.6569	0.0688	0.7653	0.2842	-0.1371
33.5275	5.3298	3.4763	0.0892	0.5879	0.2649	-0.1371
33.6799	4.7592	2.9879	0.0795	0.4887	0.2466	-0.1371
33.8323	4.5017	3.0471	0.0785	0.5137	0.1944	-0.1371
33.9847	4.5220	2.9938	0.0801	0.4872	0.1974	-0.1371
34.1371	5.0308	3.5357	0.0837	0.6390	0.1763	-0.1371
34.2895	5.4292	3.3620	0.0891	0.5520	0.2485	-0.1371
34.4419	5.8850	4.5733	0.0975	0.8901	0.1791	-0.1371
34.5943	6.3748	5.1703	0.1225	0.9340	0.1794	-0.1371
34.7467	6.9340	5.5072	0.1233	1.0371	0.2107	-0.1371
34.8991	6.6602	5.1226	0.1057	1.0173	0.2332	-0.1371
35.0515	6.0599	4.3561	0.0792	0.9279	0.2412	-0.1371
35.2039	5.7866	3.9886	0.0603	0.9207	0.2777	-0.1371
35.3563	5.8611	4.0395	0.0613	0.9313	0.2783	-0.1371
35.5087	6.2027	3.9611	0.0616	0.9042	0.3620	-0.1371
35.6611	5.7078	3.8386	0.0652	0.8443	0.2908	-0.1371
35.8135	6.0774	3.8479	0.0613	0.8699	0.3474	-0.1371
35.9659	5.8776	4.1958	0.0710	0.9242	0.2550	-0.1371
36.1183	6.3926	3.3731	0.0764	0.6302	0.4095	-0.1371
36.2707	6.4897	3.9994	0.0811	0.8024	0.3445	-0.1371
36.4231	6.6167	3.9957	0.0841	0.7838	0.3677	-0.1371
36.5755	6.5605	3.8248	0.0793	0.7573	0.3823	-0.1371
36.7279	6.1687	3.8861	0.0807	0.7686	0.3252	-0.1371
36.8803	6.7508	4.3674	0.0916	0.8588	0.3437	-0.1371
37.0327	7.1864	4.6473	0.1068	0.8587	0.3759	-0.1371
37.1851	8.0965	5.1973	0.1203	0.9555	0.4170	-0.1371
37.3375	7.8388	5.9175	0.1318	1.1181	0.3189	-0.1371
37.4899	7.5420	5.8898	0.1218	1.1681	0.2789	-0.1371
37.6423	6.6287	4.7401	0.0973	0.9440	0.2921	-0.1371
37.7947	6.4455	4.6401	0.0988	0.9035	0.2693	-0.1371
37.9471	6.2188	3.5465	0.0725	0.7080	0.3817	-0.1371
38.0995	5.7030	3.3846	0.0728	0.6547	0.3421	-0.1371
38.2519	5.5958	3.7034	0.0803	0.7124	0.2816	-0.1371
38.4043	5.5225	3.9283	0.0916	0.7185	0.2266	-0.1371
38.5567	6.0622	4.5240	0.1204	0.7402	0.2069	-0.1371
38.7091	5.9617	4.4011	0.1099	0.7621	0.2012	-0.1371
38.8615	6.9439	5.2311	0.1359	0.8749	0.2291	-0.1371
39.0139	6.5568	4.1293	0.1166	0.6359	0.3223	-0.1371
39.1663	6.6615	3.9197	0.1314	0.4829	0.3818	-0.1371
39.3187	5.7896	3.4075	0.1126	0.4292	0.3522	-0.1371
39.4711	5.6813	3.5344	0.1054	0.5115	0.3315	-0.1371
39.6235	5.3757	3.6161	0.1136	0.4898	0.2634	-0.1371
39.7759	5.2266	3.4439	0.1047	0.4868	0.2540	-0.1371
39.9283	5.9908	3.7869	0.1190	0.5128	0.3102	-0.1371
40.0807	6.0576	4.0364	0.1151	0.6150	0.3162	-0.1371
40.2331	6.0262	4.0763	0.1089	0.6646	0.3123	-0.1371
40.3855	5.3321	3.5468	0.0978	0.5601	0.2820	-0.1371
40.5379	5.3083	3.6372	0.0827	0.6777	0.2774	-0.1371
40.6903	5.1293	3.5753	0.0747	0.7044	0.2502	-0.1371
40.8427	5.0495	3.4187	0.0666	0.7018	0.2448	-0.1371
40.9951	5.4845	3.8148	0.0744	0.7824	0.2381	-0.1371
41.1475	5.4376	3.7075	0.0776	0.7295	0.2398	-0.1371
41.2999	5.4403	3.7791	0.0782	0.7491	0.2336	-0.1371
41.4523	5.0565	3.4561	0.0755	0.6616	0.2218	-0.1371
41.6047	5.4183	3.7825	0.0848	0.7117	0.2367	-0.1371
41.7571	5.4782	3.9623	0.1049	0.6515	0.2059	-0.1371
41.9095	5.6238	3.7654	0.0975	0.6315	0.2480	-0.1371
42.0619	5.7350	4.1038	0.1030	0.7076	0.2185	-0.1371
42.2143	6.0936	4.3093	0.1233	0.6546	0.2334	-0.1371
42.3667	6.4517	5.1155	0.1378	0.8266	0.1753	-0.1371
42.5191	6.7285	5.4200	0.1539	0.8296	0.1693	-0.1371
42.6715	6.5641	5.5929	0.1488	0.9152	0.1415	-0.1371
42.8239	6.4965	5.5446	0.1423	0.9374	0.1290	-0.1371
42.9763	6.2970	5.3827	0.1384	0.9090	0.1385	-0.1371
43.1287	6.6052	5.8437	0.1414	1.0387	0.1350	-0.1371
43.2811	6.4310	5.3642	0.1257	0.9774	0.1667	-0.1371
43.4335	6.5316	4.8200	0.1019	0.9427	0.2585	-0.1371
43.5859	6.6856	4.9980	0.1097	0.9543	0.2614	-0.1371
43.7383	6.7166	4.9289	0.1076	0.9442	0.2835	-0.1371
43.8907	6.7471	4.9139	0.1048	0.9558	0.2865	-0.1371
44.0431	7.0793	4.6109	0.1071	0.8459	0.3816	-0.1371
44.1955	7.0020	4.7683	0.1082	0.8898	0.3548	-0.1371
44.3479	7.0491	4.5220	0.1005	0.8563	0.3973	-0.1371
44.5003	6.2979	3.8791	0.0826	0.7552	0.3885	-0.1371
44.6527	6.3843	3.8597	0.0743	0.7977	0.3997	-0.1371
44.8051	6.0247	3.5189	0.0722	0.7010	0.3989	-0.1371
44.9575	6.3623	3.9697	0.0805	0.7967	0.3973	-0.1371
45.1099	6.2945	4.4650	0.0931	0.8806	0.3336	-0.1371
45.2623	6.5695	4.6609	0.0921	0.9496	0.3561	-0.1371
45.4147	6.3907	4.2763	0.0824	0.8831	0.3774	-0.1371
45.5671	6.4766	4.4154	0.0905	0.8802	0.3721	-0.1371
45.7195	6.3155	4.3487	0.0949	0.8334	0.3513	-0.1371
45.8719	6.0210	3.7500	0.0747	0.7602	0.3965	-0.1371
46.0243	5.8367	3.5662	0.0781	0.6813	0.3810	-0.1371
46.1767	5.8239	3.8354	0.0756	0.7819	0.3491	-0.1371
46.3291	5.8621	3.7703	0.0761	0.7586	0.3671	-0.1371
46.4815	5.6686	4.1720	0.0757	0.8895	0.2706	-0.1371
46.6339	5.3650	3.9547	0.0712	0.8461	0.2617	-0.1371
46.7863	5.1972	3.5155	0.0614	0.7636	0.2944	-0.1371
46.9387	5.1205	3.5474	0.0638	0.7597	0.2793	-0.1371
47.0911	5.4180	3.8447	0.0641	0.8530	0.2955	-0.1371
47.2435	5.4126	3.7080	0.0499	0.8923	0.3184	-0.1371
47.3959	5.8426	4.2069	0.0557	1.0175	0.3088	-0.1371
47.5483	5.8647	4.5567	0.0674	1.0608	0.2690	-0.1371
47.7007	5.8016	4.5495	0.0595	1.1048	0.2785	-0.1371
47.8531	5.7937	4.6166	0.0688	1.0717	0.2797	-0.1371
48.0055	5.7216	4.5221	0.0647	1.0653	0.2651	-0.1371
48.1579	5.6791	3.8857	0.0591	0.8950	0.3482	-0.1371
48.3103	5.4821	3.7373	0.0645	0.8162	0.3305	-0.1371
48.4627	5.5901	3.9736	0.0739	0.8364	0.3182	-0.1371
48.6151	5.9333	4.2050	0.0790	0.8807	0.3240	-0.1371
48.7675	5.8840	4.0831	0.0818	0.8254	0.3121	-0.1371
48.9199	5.8504	4.0650	0.0806	0.8263	0.3021	-0.1371
49.0723	5.3541	3.6619	0.0711	0.7533	0.2900	-0.1371
49.2247	5.2123	3.6245	0.0683	0.7578	0.2675	-0.1371
49.3771	5.5534	3.6707	0.0761	0.7267	0.3099	-0.1371
49.5295	6.4219	3.8172	0.0784	0.7605	0.4081	-0.1371
49.6819	6.6790	4.0234	0.0909	0.7531	0.4183	-0.1371
49.8343	6.4316	4.1557	0.1021	0.7298	0.3671	-0.1371
49.9867	6.4695	4.1005	0.0888	0.7899	0.3703	-0.1371
50.1391	6.3104	3.9376	0.0798	0.7905	0.3675	-0.1371
50.2915	6.1925	3.8582	0.0736	0.8013	0.3812	-0.1371
50.4439	5.3957	3.8106	0.0740	0.7838	0.2824	-0.1371
50.5963	5.5606	3.6879	0.0782	0.7200	0.3288	-0.1371
50.7487	5.7488	3.9194	0.0737	0.8205	0.3306	-0.1371
50.9011	5.9322	3.8714	0.0728	0.8102	0.3569	-0.1371
51.0535	6.0727	4.0772	0.0723	0.8785	0.3278	-0.1371
51.2059	5.6113	3.9723	0.0835	0.7796	0.2720	-0.1371
51.3583	5.3792	3.7410	0.0778	0.7391	0.2774	-0.1371
51.5107	5.0162	3.3402	0.0745	0.6308	0.2633	-0.1371
51.6631	5.0001	3.4315	0.0767	0.6467	0.2638	-0.1371
51.8155	5.2833	3.6502	0.0823	0.6839	0.2716	-0.1371
51.9679	5.4228	3.7437	0.0851	0.6976	0.2668	-0.1371
52.1203	5.7345	4.1032	0.0898	0.7850	0.2676	-0.1371
52.2727	5.6488	4.3678	0.0885	0.8767	0.2351	-0.1371
52.4251	5.3657	4.4899	0.0994	0.8524	0.1760	-0.1371
52.5775	5.1038	4.2634	0.0868	0.8534	0.1758	-0.1371
52.7299	5.6769	5.1473	0.1007	1.0546	0.1619	-0.1371
52.8823	6.1676	5.5560	0.1065	1.1512	0.1849	-0.1371
53.0347	6.5070	5.9610	0.1073	1.2754	0.1952	-0.1371
53.1871	6.3240	5.5710	0.0876	1.2663	0.2235	-0.1371
53.3395	6.0217	4.9430	0.0814	1.1021	0.2499	-0.1371
53.4919	5.7448	4.5688	0.0775	1.0054	0.2395	-0.1371
53.6443	5.7205	4.5432	0.0816	0.9729	0.2444	-0.1371
53.7967	5.5180	3.9166	0.0693	0.8448	0.2965	-0.1371
53.9491	5.6149	3.5964	0.0687	0.7462	0.3429	-0.1371
54.1015	5.2290	2.5287	0.0445	0.5468	0.4234	-0.1371
54.2539	6.0364	3.0190	0.0674	0.5693	0.4635	-0.1371
54.4063	6.4073	2.7248	0.0698	0.4616	0.5548	-0.1371
54.5587	6.9638	2.9794	0.0754	0.5099	0.5785	-0.1371
54.7111	6.7588	2.8265	0.0832	0.4156	0.5633	-0.1371
54.8635	6.7175	3.2291	0.0929	0.4874	0.5087	-0.1371
55.0159	6.7210	3.3155	0.0964	0.4944	0.4945	-0.1371
55.1683	6.3367	3.1562	0.0885	0.4897	0.4859	-0.1371
55.3207	6.0329	2.7861	0.0713	0.4722	0.4974	-0.1371
55.4731	5.7650	2.8021	0.0667	0.5042	0.4518	-0.1371
55.6255	5.5514	2.9139	0.0732	0.5021	0.3950	-0.1371
55.7779	4.9705	2.8024	0.0777	0.4399	0.3354	-0.1371
55.9303	4.9587	2.5837	0.0692	0.4199	0.3567	-0.1371
56.0827	5.6074	3.0062	0.0806	0.4880	0.3828	-0.1371
56.2351	5.9000	2.7894	0.0672	0.4976	0.4648	-0.1371
56.3875	5.9604	2.6459	0.0546	0.5256	0.4805	-0.1371
56.5399	5.0517	2.0051	0.0396	0.4088	0.4554	-0.1371
56.6923	4.6966	2.1972	0.0427	0.4520	0.3759	-0.1371
56.8447	3.9390	1.8065	0.0367	0.3624	0.2938	-0.1371
56.9971	4.2638	1.9870	0.0468	0.3607	0.2958	-0.1371
57.1495	4.4538	1.5728	0.0448	0.2402	0.3504	-0.1371
57.3019	4.5988	1.5509	0.0368	0.2796	0.3597	-0.1371
57.4543	4.3087	1.5141	0.0313	0.3002	0.2862	-0.1371
57.6067	4.1827	1.6441	0.0345	0.3229	0.2578	-0.1371
57.7591	4.1210	1.4881	0.0321	0.2874	0.2658	-0.1371
57.9115	3.6900	1.4592	0.0340	0.2668	0.2141	-0.1371
58.0639	3.6021	1.4645	0.0352	0.2617	0.1974	-0.1371
58.2163	3.5923	1.5447	0.0415	0.2501	0.1865	-0.1371
58.3687	4.0512	1.8050	0.0435	0.3221	0.2220	-0.1371
58.5211	4.2201	1.8280	0.0479	0.3034	0.2558	-0.1371
58.6735	4.3383	1.9716	0.0561	0.3011	0.2643	-0.1371
58.8259	4.5473	2.2738	0.0647	0.3476	0.2627	-0.1371
58.9783	4.8407	2.7147	0.0780	0.4102	0.2690	-0.1371
59.1307	4.9418	2.7547	0.0792	0.4163	0.3091	-0.1371
59.2831	4.7323	2.7102	0.0764	0.4183	0.3043	-0.1371
59.4355	4.9306	2.9233	0.0818	0.4549	0.3010	-0.1371
59.5879	5.0583	2.8573	0.0771	0.4612	0.3345	-0.1371
59.7403	5.2041	3.0990	0.0856	0.4887	0.3337	-0.1371
59.8927	4.8311	2.6390	0.0664	0.4540	0.3368	-0.1371
60.0451	5.0389	2.5844	0.0690	0.4215	0.3692	-0.1371
60.1975	5.3844	2.8357	0.0705	0.4931	0.4006	-0.1371
60.3499	5.6294	3.1803	0.0685	0.6147	0.3862	-0.1371
60.5023	5.3097	3.2713	0.0722	0.6218	0.3397	-0.1371
60.6547	5.1469	3.2963	0.0800	0.5846	0.3037	-0.1371
60.8071	5.2338	3.4888	0.0834	0.6257	0.2902	-0.1371
60.9595	4.9824	3.5186	0.0851	0.6255	0.2517	-0.1371
61.1119	4.7704	3.4473	0.0900	0.5740	0.2408	-0.1371
61.2643	4.3430	3.1335	0.0845	0.5059	0.2112	-0.1371
61.4167	4.6141	3.3197	0.0900	0.5332	0.2263	-0.1371
61.5691	4.7023	3.5231	0.0943	0.5729	0.2095	-0.1371
61.7215	4.8349	3.4300	0.0940	0.5453	0.2304	-0.1371
61.8739	4.6976	3.7689	0.0932	0.6582	0.1683	-0.1371
62.0263	5.0779	4.2484	0.1105	0.7099	0.1582	-0.1371
62.1787	5.1044	4.2621	0.1038	0.7538	0.1644	-0.1371
62.3311	5.1540	4.2904	0.0868	0.8623	0.1631	-0.1371
62.4835	4.7010	3.8105	0.0751	0.7776	0.1530	-0.1371
62.6359	4.7737	3.4993	0.0658	0.7327	0.2008	-0.1371
62.7883	4.9853	3.6225	0.0600	0.8057	0.2193	-0.1371
62.9407	4.7839	3.3895	0.0552	0.7592	0.2200	-0.1371
63.0931	4.8340	3.3554	0.0538	0.7565	0.2243	-0.1371
63.2455	4.5259	3.3302	0.0535	0.7502	0.1932	-0.1371
63.3979	5.0016	4.0732	0.0705	0.8883	0.1666	-0.1371
63.5503	4.6636	3.4927	0.0711	0.6990	0.1838	-0.1371
63.7027	4.7241	3.1521	0.0624	0.6410	0.2433	-0.1371
63.8551	4.7082	2.9558	0.0672	0.5507	0.2734	-0.1371
64.0075	4.5523	2.4288	0.0580	0.4360	0.3210	-0.1371
64.1599	4.9007	2.6515	0.0638	0.4735	0.3499	-0.1371
64.3123	4.6779	2.4785	0.0517	0.4886	0.3419	-0.1371
64.4647	4.7961	2.6268	0.0456	0.5721	0.3316	-0.1371
64.6171	4.7888	3.0560	0.0656	0.5921	0.2930	-0.1371
64.7695	4.8201	3.5535	0.0627	0.7676	0.2446	-0.1371
64.9219	5.0214	3.5219	0.0746	0.6882	0.2730	-0.1371
65.0743	4.6329	3.2871	0.0677	0.6532	0.2478	-0.1371
65.2267	4.6672	3.0989	0.0604	0.6362	0.2787	-0.1371
65.3791	4.6998	3.4850	0.0726	0.6882	0.2209	-0.1371
65.5315	5.1029	4.3561	0.0714	0.9730	0.1609	-0.1371
65.6839	5.1462	4.6346	0.0831	0.9937	0.1383	-0.1371
65.8363	5.1922	4.5883	0.0821	0.9845	0.1578	-0.1371
65.9887	4.8514	4.4963	0.0845	0.9414	0.1246	-0.1371
66.1411	4.3713	4.0482	0.0749	0.8544	0.1214	-0.1371
66.2935	4.1074	3.8409	0.0613	0.8676	0.1010	-0.1371
66.4459	4.2439	3.7633	0.0639	0.8279	0.1336	-0.1371
66.5983	4.3242	3.6869	0.0569	0.8445	0.1618	-0.1371
66.7507	4.3759	3.1976	0.0432	0.7682	0.2459	-0.1371
66.9031	4.3476	3.4410	0.0457	0.8313	0.2316	-0.1371
67.0555	4.6948	3.3364	0.0433	0.8120	0.2983	-0.1371
67.2079	5.1191	3.2339	0.0542	0.7156	0.3681	-0.1371
67.3603	5.3928	3.2820	0.0587	0.7047	0.3872	-0.1371
67.5127	5.8518	3.5714	0.0702	0.7295	0.4129	-0.1371
67.6651	6.6298	4.1018	0.0919	0.7722	0.4503	-0.1371
67.8175	7.5745	4.6958	0.1168	0.8162	0.4930	-0.1371
67.9699	8.0111	5.0742	0.1223	0.9044	0.5009	-0.1371
68.1223	8.1109	4.9831	0.1362	0.7943	0.5115	-0.1371
68.2747	8.1474	5.1458	0.1333	0.8632	0.4749	-0.1371
68.4271	7.8333	5.6012	0.1438	0.9469	0.3599	-0.1371
68.5795	7.2547	5.1239	0.1417	0.8068	0.3101	-0.1371
68.7319	5.9823	4.1881	0.1145	0.6672	0.2642	-0.1371
68.8843	5.3579	3.8056	0.1091	0.5769	0.2101	-0.1371
69.0367	4.9591	3.6879	0.1016	0.5829	0.1813	-0.1371
69.1891	4.7044	3.5418	0.0930	0.5869	0.1620	-0.1371
69.3415	4.2946	3.1886	0.0747	0.5810	0.1580	-0.1371
69.4939	3.7804	2.7675	0.0671	0.4910	0.1577	-0.1371
69.6463	3.3429	2.3016	0.0625	0.3689	0.1653	-0.1371
69.7987	3.2492	2.3114	0.0550	0.4164	0.1529	-0.1371
69.9511	3.2759	2.2710	0.0553	0.4016	0.1644	-0.1371
70.1035	3.4855	2.3521	0.0629	0.3827	0.1828	-0.1371
70.2559	3.5635	2.3656	0.0628	0.3877	0.2049	-0.1371
70.4083	2.8952	2.0852	0.0556	0.3404	0.1427	-0.1371
70.5607	2.7082	1.7702	0.0476	0.2864	0.1683	-0.1371
70.7131	2.6880	2.0978	0.0513	0.3695	0.1194	-0.1371
70.8655	3.1889	2.6076	0.0594	0.4849	0.1266	-0.1371
71.0179	3.1851	2.8568	0.0685	0.5113	0.0757	-0.1371
71.1703	3.3315	2.9865	0.0683	0.5539	0.0728	-0.1371
71.3227	3.4453	3.0237	0.0706	0.5523	0.0817	-0.1371
71.4751	3.8121	3.0005	0.0698	0.5493	0.1461	-0.1371
71.6275	3.7221	3.2038	0.0705	0.6101	0.1116	-0.1072
71.7799	3.7623	3.2320	0.0721	0.6102	0.1086	-0.1072
71.9323	3.5399	2.8868	0.0609	0.5655	0.1146	-0.1072
72.0847	3.5237	2.7081	0.0563	0.5354	0.1318	-0.1072
72.2371	3.3737	2.5931	0.0541	0.5116	0.1255	-0.1072
72.3895	3.4917	2.5365	0.0624	0.4446	0.1565	-0.1072
72.5419	3.4499	2.4915	0.0692	0.3905	0.1542	-0.1072
72.6943	3.7931	2.4944	0.0731	0.3683	0.1928	-0.1072
72.8467	3.6583	2.3389	0.0647	0.3679	0.1911	-0.1072
72.9991	3.8160	2.4907	0.0650	0.4149	0.1955	-0.1072
73.1515	3.7039	2.4304	0.0668	0.3849	0.1904	-0.1072
73.3039	3.8676	2.1758	0.0650	0.3144	0.2448	-0.1072
73.4563	3.9246	2.3812	0.0683	0.3608	0.2280	-0.1072
73.6087	3.7145	2.3742	0.0733	0.3289	0.2040	-0.1072
73.7611	4.0485	2.6980	0.0786	0.4016	0.2161	-0.1072
73.9135	4.0940	2.7770	0.0686	0.4852	0.2199	-0.1072
74.0659	4.1409	2.6405	0.0551	0.5206	0.2456	-0.1072
74.2183	3.9415	2.5565	0.0517	0.5136	0.2124	-0.1072
74.3707	4.0332	2.8071	0.0609	0.5398	0.2024	-0.1072
74.5231	4.2262	2.8956	0.0655	0.5410	0.2231	-0.1072
74.6755	4.2920	2.9518	0.0663	0.5544	0.2301	-0.1072
74.8279	4.2698	3.2786	0.0754	0.6059	0.1586	-0.1072
74.9803	4.0063	3.3057	0.0799	0.5880	0.1160	-0.1072
75.1327	3.8152	2.9207	0.0666	0.5430	0.1437	-0.1072
75.2851	3.8667	2.8760	0.0635	0.5469	0.1553	-0.1072
75.4375	3.7041	2.8016	0.0633	0.5243	0.1335	-0.1072
75.5899	3.7801	2.7814	0.0703	0.4767	0.1370	-0.1072
75.7423	3.3499	2.4794	0.0668	0.4006	0.1149	-0.1072
75.8947	3.6413	2.5061	0.0605	0.4463	0.1678	-0.1072
76.0471	3.2848	2.1027	0.0471	0.3956	0.1772	-0.1072
76.1995	3.4944	2.4145	0.0526	0.4634	0.1560	-0.1072
76.3519	3.5177	2.6406	0.0581	0.5029	0.1160	-0.1072
76.5043	3.9520	2.8155	0.0537	0.5847	0.1620	-0.1072
76.6567	4.1574	2.9840	0.0523	0.6465	0.1535	-0.1072
76.8091	4.0643	2.8282	0.0486	0.6186	0.1553	-0.1072
76.9615	4.2701	3.1614	0.0533	0.6976	0.1471	-0.1072
77.1139	3.9854	2.8765	0.0457	0.6512	0.1453	-0.1072
77.2663	4.4186	3.2121	0.0507	0.7290	0.1711	-0.1072
77.4187	4.0670	3.0242	0.0446	0.7045	0.1418	-0.1072
77.5711	4.0920	3.4650	0.0631	0.7373	0.1010	-0.1072
77.7235	3.8126	3.1612	0.0568	0.6767	0.1102	-0.1072
77.8759	4.0539	3.4640	0.0623	0.7417	0.1005	-0.1072
78.0283	4.0308	3.4130	0.0568	0.7574	0.1144	-0.1072
78.1807	4.0375	3.2173	0.0551	0.7048	0.1435	-0.1072
78.3331	4.1443	3.2551	0.0616	0.6789	0.1714	-0.1072
78.4855	4.7779	3.8443	0.0786	0.7673	0.1756	-0.1072
78.6379	5.5514	4.2362	0.0856	0.8518	0.2198	-0.1072
78.7903	5.6110	4.0748	0.0877	0.7880	0.2539	-0.1072
78.9427	5.8875	4.0265	0.0970	0.7180	0.2812	-0.1072
79.0951	5.8022	4.0525	0.1035	0.6879	0.2624	-0.1072
79.2475	6.1177	4.1272	0.1105	0.6708	0.2767	-0.1072
79.3999	7.9593	5.5171	0.1511	0.8771	0.3145	-0.1072
79.5523	10.4959	7.1603	0.2170	1.0158	0.4504	-0.1072
79.7047	13.6456	8.6816	0.2769	1.1511	0.6675	-0.1072
79.8571	15.1105	9.4025	0.3024	1.2319	0.7672	-0.1072
80.0095	15.4123	9.3188	0.2935	1.2573	0.8015	-0.1072
80.1619	15.7898	9.5108	0.3056	1.2477	0.8342	-0.1072
80.3143	15.6304	9.2032	0.2999	1.1832	0.8412	-0.1072
80.4667	15.7242	9.6918	0.3231	1.2034	0.7706	-0.1072
80.6191	15.7997	9.9354	0.3220	1.2876	0.7601	-0.1072
80.7715	15.8877	9.8275	0.3313	1.1984	0.7883	-0.1072
80.9239	16.0179	9.9984	0.3324	1.2464	0.8020	-0.1072
81.0763	16.3070	10.1491	0.3243	1.3420	0.8360	-0.1072
81.2287	16.3888	10.0296	0.3075	1.4026	0.8334	-0.1072
81.3811	16.4746	10.3145	0.3037	1.5159	0.8064	-0.1072
81.5335	16.1751	10.6836	0.3033	1.6360	0.7268	-0.1072
81.6859	16.5240	11.0445	0.3185	1.6619	0.7305	-0.1072
81.8383	17.3429	11.8277	0.3393	1.7905	0.7197	-0.1072
81.9907	17.1749	12.0283	0.3377	1.8639	0.7028	-0.1072
82.1431	16.7842	11.3254	0.3032	1.8413	0.7301	-0.1072
82.2955	16.0924	11.1623	0.2950	1.8378	0.6521	-0.1072
82.4479	16.9214	12.0308	0.3110	2.0210	0.6374	-0.1072
82.6003	17.4420	12.1727	0.3136	2.0516	0.6600	-0.1072
82.7527	17.6845	12.1656	0.3346	1.9262	0.6996	-0.1072
82.9051	17.8372	12.4352	0.3444	1.9550	0.6954	-0.1072
83.0575	17.7855	12.8161	0.3505	2.0405	0.6467	-0.1072
83.2099	18.9817	13.6526	0.3958	2.0429	0.6731	-0.1072
83.3623	18.6025	13.4688	0.3739	2.1119	0.6521	-0.1072
83.5147	19.0605	13.2292	0.3665	2.0791	0.7318	-0.1072
83.6671	18.7326	12.8485	0.3590	2.0011	0.7144	-0.1072
83.8195	18.7378	12.8773	0.3738	1.9236	0.7422	-0.1072
83.9719	18.9300	12.8905	0.3623	1.9952	0.7428	-0.1072
84.1243	19.2725	12.4726	0.3471	1.9505	0.8405	-0.1072
84.2767	20.4065	12.8897	0.3618	1.9982	0.9752	-0.1072
84.4291	20.1134	13.0250	0.3446	2.1420	0.9104	-0.1072
84.5815	20.0496	13.0199	0.3553	2.0777	0.8884	-0.1072
84.7339	19.4161	12.0895	0.3450	1.8407	0.9132	-0.1072
84.8863	19.5550	12.1250	0.3341	1.9160	0.9193	-0.1072
85.0387	19.1120	12.1284	0.3473	1.8400	0.8480	-0.1072
85.1911	19.0238	12.5244	0.3551	1.9208	0.8182	-0.1072
85.3435	18.7871	11.8598	0.3376	1.8112	0.8679	-0.1072
85.4959	18.6485	12.2188	0.3377	1.9252	0.8071	-0.1072
85.6483	18.3242	11.8771	0.3494	1.7475	0.7944	-0.1072
85.8007	18.0563	11.7492	0.3404	1.7595	0.8044	-0.1072
85.9531	17.8695	11.8544	0.3447	1.7682	0.7453	-0.1072
86.1055	17.9716	11.7518	0.3443	1.7388	0.7716	-0.1072
86.2579	18.1903	11.9470	0.3543	1.7434	0.8041	-0.1072
86.4103	19.6506	12.6990	0.3775	1.8490	0.8934	-0.1072
86.5627	21.1575	12.8027	0.3842	1.8440	1.1019	-0.1072
86.7151	22.6707	13.7774	0.4005	2.0623	1.1643	-0.1072
86.8675	23.8962	14.3239	0.3961	2.2649	1.2664	-0.1072
87.0199	24.7248	17.5047	0.4377	3.0413	0.9548	-0.1072
87.1723	25.7535	17.8582	0.4509	3.0796	1.0039	-0.1072
87.3247	27.9129	19.0110	0.4660	3.3621	1.1856	-0.1072
87.4771	31.0825	21.9029	0.5345	3.8892	1.1955	-0.1072
87.6295	34.2216	25.7862	0.6290	4.5823	1.0108	-0.1072
87.7819	35.2849	27.2310	0.6808	4.7432	0.9235	-0.1072
87.9343	37.1529	27.9664	0.7024	4.8538	1.0782	-0.1072
88.0867	37.5721	28.1886	0.7101	4.8804	1.1694	-0.1072
88.2391	37.3802	30.0512	0.7758	5.0934	0.8593	-0.1072
88.3915	34.9934	27.5726	0.7117	4.6744	0.9078	-0.1072
88.5439	34.1804	27.3912	0.7423	4.4374	0.8010	-0.1072
88.6963	34.4301	25.0760	0.7237	3.8044	1.1608	-0.1072
88.8487	34.5802	25.6952	0.7423	3.8935	1.1432	-0.1072
89.0011	34.4826	25.5425	0.7675	3.6972	1.1126	-0.1072
89.1535	33.1580	23.4410	0.7177	3.3151	1.2084	-0.1072
89.3059	33.9324	21.9633	0.6676	3.1343	1.5505	-0.1072
89.4583	33.6905	21.1884	0.6455	3.0155	1.6333	-0.1072
89.6107	35.8071	22.3304	0.6611	3.2903	1.6898	-0.1072
89.7631	35.2206	22.6950	0.6653	3.3824	1.5139	-0.1072
89.9155	35.3844	21.5946	0.6488	3.1262	1.6962	-0.1072
90.0679	33.5380	21.2102	0.6341	3.0889	1.4641	-0.1072
90.2203	33.6360	20.7714	0.6211	3.0246	1.5507	-0.1072
90.3727	34.3004	21.7871	0.6267	3.3169	1.4876	-0.1072
90.5251	35.1870	21.3967	0.6006	3.3447	1.6010	-0.1072
90.6775	34.0293	21.4986	0.5916	3.4302	1.4445	-0.1072
90.8299	35.0229	22.5854	0.6280	3.5653	1.4435	-0.1072
90.9823	34.5028	22.8542	0.6471	3.5395	1.3544	-0.1072
91.1347	36.1289	23.7883	0.6738	3.6832	1.4692	-0.1072
91.2871	36.7466	24.7991	0.6882	3.9227	1.4731	-0.1072
91.4395	39.4524	27.1055	0.7654	4.2105	1.5276	-0.1072
91.5919	40.6812	26.5709	0.7167	4.3241	1.8126	-0.1072
91.7443	42.1502	28.0428	0.7477	4.6140	1.8427	-0.1072
91.8967	42.6316	28.5322	0.7768	4.6006	1.8145	-0.1072
92.0491	45.4851	31.4078	0.8653	5.0046	1.7965	-0.1072
92.2015	47.1268	32.6484	0.9342	4.9987	1.8586	-0.1072
92.3539	48.8815	32.9108	0.9608	4.9270	2.0621	-0.1072
92.5063	47.9568	32.0738	0.9073	4.9720	2.0626	-0.1072
92.6587	47.6049	31.6931	0.8842	4.9853	2.1148	-0.1072
92.8111	47.6000	31.7070	0.8890	4.9613	2.1598	-0.1072
92.9635	48.3611	32.0555	0.9195	4.8943	2.2068	-0.1072
93.1159	48.6090	30.8379	0.8973	4.6339	2.3874	-0.1072
93.2683	47.7732	31.5039	0.9317	4.6458	2.1128	-0.1072
93.4207	47.6813	30.2304	0.9204	4.3037	2.3066	-0.1072
93.5731	48.2556	30.3827	0.9141	4.3893	2.3418	-0.1072
93.7255	48.3584	29.9203	0.9127	4.2493	2.4202	-0.1072
93.8779	48.4093	30.6778	0.8843	4.6587	2.3710	-0.1072
94.0303	48.0964	31.2296	0.8621	4.9653	2.2700	-0.1072
94.1827	49.3292	32.3968	0.9216	4.9911	2.2873	-0.1072
94.3351	50.0888	32.5583	0.9534	4.8566	2.3557	-0.1072
94.4875	50.5432	32.5092	0.9278	4.9905	2.3820	-0.1072
94.6399	51.8555	34.6359	0.9510	5.5364	2.2587	-0.1072
94.7923	54.0277	36.8614	0.9837	6.0587	2.2157	-0.1072
94.9447	56.1104	38.4631	1.0167	6.3787	2.3100	-0.1072
95.0971	56.4068	38.5670	1.0294	6.3377	2.3232	-0.1072
95.2495	55.0295	39.0163	1.0151	6.5654	2.1147	-0.1072
95.4019	54.5209	37.6966	0.9675	6.4210	2.2049	-0.1072
95.5543	57.2241	39.5906	1.0548	6.5169	2.2848	-0.1072
95.7067	58.3490	39.9338	1.0929	6.4040	2.3847	-0.1072
95.8591	58.9922	39.0729	1.0747	6.2343	2.5073	-0.1072
96.0115	56.7703	36.9077	1.0291	5.8076	2.4604	-0.1072
96.1639	58.2829	38.0980	1.1006	5.7705	2.5250	-0.1072
96.3163	58.4656	36.7850	1.1068	5.3134	2.7476	-0.1072
96.4687	59.3204	37.2087	1.1339	5.2904	2.7935	-0.1072
96.6211	58.7539	36.1933	1.0916	5.2130	2.8729	-0.1072
96.7735	58.6870	36.9913	1.1120	5.3493	2.7031	-0.1072
96.9259	57.4851	35.4140	1.0771	5.0481	2.7803	-0.1072
97.0783	55.3040	34.4499	1.0564	4.8606	2.6626	-0.1072
97.2307	52.4240	31.8468	0.9990	4.3622	2.6576	-0.1072
97.3831	49.9664	30.6384	0.9472	4.2782	2.5378	-0.1072
97.5355	47.9318	30.7447	0.9422	4.3416	2.3018	-0.1072
97.6879	48.2075	31.5915	0.9317	4.6747	2.2317	-0.1072
97.8403	48.5585	32.4277	0.9252	4.9812	2.1606	-0.1072
97.9927	48.5359	32.4075	0.9139	5.0406	2.1953	-0.1072
98.1451	45.9776	30.5128	0.8592	4.7537	2.1361	-0.1072
98.2975	44.1796	29.7632	0.8529	4.5498	1.9923	-0.1072
98.4499	44.3819	29.3943	0.8027	4.7254	2.1525	-0.1072
98.6023	44.4050	29.6200	0.7959	4.8376	2.0591	-0.1072
98.7547	42.8617	27.7367	0.7635	4.4233	2.0957	-0.1072
98.9071	40.9500	26.0209	0.6872	4.3203	2.0679	-0.1072
99.0595	41.0701	26.6117	0.6726	4.5950	2.0017	-0.1072
99.2119	41.6518	26.8555	0.6713	4.6812	2.0316	-0.1072
99.3643	42.0425	27.4891	0.6759	4.8573	2.0450	-0.1072
99.5167	41.1303	25.7971	0.6609	4.4026	2.0902	-0.1072
99.6691	42.1540	26.4653	0.6663	4.5853	2.0951	-0.1072
99.8215	41.9965	25.7831	0.6554	4.4303	2.1880	-0.1072
99.9739	41.9586	26.2304	0.6825	4.4151	2.1592	-0.1072
100.1263	39.2605	24.4955	0.6894	3.8190	2.0131	-0.1072
100.2787	37.0036	22.5362	0.6597	3.3642	1.9937	-0.1072
100.4311	37.0735	23.2746	0.6751	3.5108	1.8714	-0.1072
100.5835	37.1873	23.8001	0.6961	3.5563	1.7860	-0.1072
100.7359	38.7581	23.9402	0.7373	3.3599	1.9573	-0.1072
100.8883	37.5049	23.2567	0.7525	3.0519	1.9038	-0.1072
101.0407	39.1511	23.7456	0.7888	2.9963	2.0504	-0.1072
101.1931	38.0702	23.0536	0.7400	3.0600	2.0227	-0.1072
101.3455	38.9777	22.9759	0.7619	2.9069	2.1452	-0.1072
101.4979	39.2611	23.2483	0.7915	2.8203	2.1470	-0.1072
101.6503	41.4837	23.4457	0.7924	2.8782	2.3393	-0.1072
101.8027	43.1608	24.5963	0.7676	3.3922	2.3520	-0.1072
101.9551	43.1172	24.1530	0.7080	3.5986	2.4364	-0.1072
102.1075	43.1016	24.4620	0.7043	3.7188	2.4313	-0.1072
102.2599	43.6453	25.5593	0.7306	3.9164	2.3926	-0.1072
102.4123	44.5612	25.9990	0.7502	3.9428	2.4906	-0.1072
102.5647	44.8988	24.7023	0.6814	3.9296	2.6986	-0.1072
102.7171	44.9194	25.3977	0.7120	3.9732	2.5060	-0.1072
102.8695	45.3876	26.4334	0.7229	4.2412	2.4636	-0.1072
103.0219	45.8113	27.3836	0.7232	4.5437	2.4213	-0.1072
103.1743	43.9628	26.6119	0.6761	4.5718	2.2701	-0.1072
103.3267	43.1165	25.5166	0.6631	4.2967	2.2993	-0.1072
103.4791	41.7197	24.8525	0.6782	3.9957	2.2142	-0.1072
103.6315	42.6174	24.8784	0.7075	3.8326	2.3467	-0.1072
103.7839	43.1641	23.2942	0.6791	3.4908	2.5910	-0.1072
103.9363	44.3266	22.9331	0.6904	3.3087	2.7551	-0.1072
104.0887	44.4130	22.3788	0.6527	3.3517	2.8093	-0.1072
104.2411	43.9935	23.1230	0.6594	3.5513	2.6871	-0.1072
104.3935	44.4645	22.8147	0.6418	3.5553	2.8491	-0.1072
104.5459	45.2458	22.1247	0.6460	3.3093	3.0139	-0.1072
104.6983	45.4237	22.3630	0.6548	3.3344	3.0166	-0.1072
104.8507	45.3587	21.1149	0.6264	3.1007	3.1670	-0.1072
105.0031	43.8356	20.9690	0.6107	3.1461	3.0288	-0.1072
105.1555	44.4920	20.2503	0.5777	3.1086	3.2881	-0.1072
105.3079	45.1181	21.4540	0.6138	3.2831	3.2145	-0.1072
105.4603	48.2668	24.2464	0.6995	3.6765	3.3546	-0.1072
105.6127	49.5240	25.9815	0.7378	4.0083	3.3172	-0.1072
105.7651	49.3972	25.7622	0.7286	3.9918	3.3030	-0.1072
105.9175	48.1597	25.2280	0.7171	3.8877	3.1934	-0.1072
106.0699	45.6942	23.6494	0.6988	3.4891	3.0650	-0.1072
106.2223	45.6475	24.1894	0.7170	3.5557	3.0194	-0.1072
106.3747	45.9894	23.7612	0.7136	3.4383	3.0727	-0.1072
106.5271	49.5383	27.0518	0.8189	3.8763	3.1218	-0.1072
106.6795	50.1101	27.6074	0.8265	4.0097	3.1118	-0.1072
106.8319	48.2704	27.1982	0.8182	3.9274	2.8649	-0.1072
106.9843	45.5468	25.1471	0.7598	3.6119	2.7642	-0.1072
107.1367	44.3025	24.5827	0.7339	3.5827	2.6328	-0.1072
107.2891	44.2348	25.1077	0.7271	3.7910	2.5279	-0.1072
107.4415	43.3415	25.4469	0.7558	3.7317	2.3796	-0.1072
107.5939	42.6126	25.2957	0.7644	3.6325	2.3645	-0.1072
107.7463	41.2292	24.9136	0.7019	3.8764	2.2916	-0.1072
107.8987	39.8376	24.4018	0.6907	3.7779	2.1245	-0.1072
108.0511	39.0357	24.8691	0.6795	3.9935	1.9848	-0.1072
108.2035	39.4971	24.7741	0.6665	4.0390	2.0800	-0.1072
108.3559	39.7291	25.7680	0.6943	4.1951	1.9743	-0.1072
108.5083	39.0344	25.3835	0.6966	4.0588	1.9240	-0.1072
108.6607	37.2051	24.9893	0.6789	4.0362	1.6991	-0.1072
108.8131	38.3686	25.5814	0.7025	4.0876	1.7917	-0.1072
108.9655	38.6885	25.2666	0.7142	3.9183	1.8630	-0.1072
109.1179	39.9619	26.0510	0.7420	4.0071	1.9466	-0.1072
109.2703	39.4043	26.6951	0.7605	4.1056	1.7166	-0.1072
109.4227	40.5019	28.2649	0.8245	4.2343	1.6740	-0.1072
109.5751	41.5545	29.4160	0.8289	4.5771	1.6590	-0.1072
109.7275	42.6815	30.5317	0.8647	4.7254	1.6574	-0.1072
109.8799	43.4327	31.3868	0.8832	4.8911	1.6364	-0.1072
110.0323	44.1086	31.6217	0.8805	4.9822	1.6869	-0.1072
110.1847	43.4398	31.2768	0.8811	4.8682	1.6167	-0.1072
110.3371	42.9417	30.8602	0.8763	4.7624	1.6287	-0.1072
110.4895	42.2968	30.5860	0.8744	4.6859	1.5750	-0.1072
110.6419	43.2430	31.5081	0.8675	5.0211	1.5968	-0.1072
110.7943	42.7215	31.6884	0.8709	5.0590	1.4942	-0.1072
110.9467	44.3717	31.9638	0.8780	5.1057	1.6595	-0.1072
111.0991	43.8991	31.3364	0.8690	4.9569	1.6249	-0.1072
111.2515	44.6738	31.8541	0.9080	4.8941	1.6415	-0.1072
111.4039	42.9453	29.5504	0.8832	4.3012	1.6990	-0.1072
111.5563	42.5373	29.3867	0.8834	4.2473	1.6860	-0.1072
111.7087	42.6423	29.1838	0.8790	4.2078	1.7439	-0.1072
111.8611	44.2807	29.8797	0.9008	4.3028	1.8611	-0.1072
112.0135	46.9597	31.5215	0.9543	4.5157	1.9327	-0.1072
112.1659	48.6290	33.4207	0.9828	4.9572	1.8867	-0.1072
112.3183	49.0301	34.1490	1.0290	4.9203	1.8844	-0.1072
112.4707	48.2782	32.1587	0.9919	4.4995	1.9569	-0.1072
112.6231	47.5476	31.6963	0.9692	4.4845	1.8806	-0.1072
112.7755	48.9391	32.0522	0.9698	4.5950	2.0096	-0.1072
112.9279	49.4589	32.0721	0.9774	4.5571	2.0997	-0.1072
113.0803	50.4146	33.7820	0.9798	5.0909	2.0514	-0.1072
113.2327	49.7048	33.6251	0.9289	5.3386	1.9406	-0.1072
113.3851	49.8669	34.5950	0.9515	5.5174	1.8287	-0.1072
113.5375	48.6493	34.4388	0.9278	5.6062	1.7243	-0.1072
113.6899	48.3271	33.9013	0.9177	5.4932	1.7860	-0.1072
113.8423	49.2096	34.4841	0.9332	5.5890	1.8110	-0.1072
113.9947	51.2028	35.2734	0.9594	5.6886	1.8749	-0.1072
114.1471	51.5916	36.9397	0.9629	6.2020	1.7667	-0.1072
114.2995	50.2727	35.0750	0.9154	5.8824	1.9170	-0.1072
114.4519	49.2523	35.3621	0.9176	5.9620	1.8056	-0.1072
114.6043	47.2871	34.2753	0.8621	5.9384	1.7252	-0.1072
114.7567	47.7502	34.4944	0.8802	5.9025	1.7276	-0.1072
114.9091	48.2322	35.3564	0.9375	5.8438	1.7029	-0.1072
115.0615	50.8087	37.4799	0.9833	6.2563	1.7858	-0.1072
115.2139	52.8554	38.7527	1.0224	6.4354	1.9540	-0.1072
115.3663	55.4744	40.8640	1.0807	6.7709	2.0208	-0.1072
115.5187	56.3347	41.2987	1.1236	6.6586	2.0630	-0.1072
115.6711	55.9001	41.3180	1.1117	6.7350	2.0680	-0.1072
115.8235	55.7326	40.9528	1.1269	6.5287	2.1673	-0.1072
115.9759	57.0003	43.7599	1.2127	6.9265	2.0332	-0.1072
116.1283	57.5496	43.8848	1.2373	6.8222	2.0200	-0.1072
116.2807	56.8114	42.7120	1.2227	6.5321	2.0672	-0.1072
116.4331	56.5489	40.7911	1.1627	6.2678	2.2822	-0.1072
116.5855	58.4038	40.5877	1.1630	6.2008	2.5108	-0.1072
116.7379	58.5827	39.8194	1.1852	5.8246	2.6054	-0.1072
116.8903	58.0736	39.9140	1.2028	5.7519	2.4593	-0.1072
117.0427	56.7599	39.4752	1.2172	5.5266	2.3509	-0.1072
117.1951	56.0097	39.6521	1.2143	5.6006	2.2647	-0.1072
117.3475	55.3858	38.2548	1.2069	5.1961	2.3715	-0.1072
117.4999	54.4021	37.4336	1.1989	4.9796	2.2428	-0.1072
117.6523	56.1866	37.5242	1.1879	5.0730	2.3757	-0.1072
117.8047	57.0206	38.8749	1.1940	5.4701	2.2985	-0.1388
117.9571	58.4225	41.2731	1.2228	6.0700	2.1497	-0.1388
118.1095	58.4833	42.5710	1.2577	6.2819	2.0141	-0.1388
118.2619	60.0788	44.5855	1.2952	6.7082	1.9619	-0.1388
118.4143	59.8336	44.0403	1.2722	6.6680	2.0105	-0.1388
118.5667	59.4071	43.6237	1.2700	6.5478	1.9448	-0.1388
118.7191	58.2537	42.6160	1.1842	6.7272	1.9396	-0.1388
118.8715	58.2802	42.8418	1.1461	7.0222	1.9134	-0.1388
119.0239	58.7185	42.7845	1.1496	6.9838	1.9688	-0.1388
119.1763	57.9512	42.3469	1.1236	6.9953	2.0137	-0.1388
119.3287	58.4311	41.1417	1.1090	6.6946	2.3347	-0.1388
119.4811	56.1621	38.9175	1.0636	6.2477	2.3729	-0.1388
119.6335	54.1014	37.0312	1.0289	5.8461	2.2885	-0.1388
119.7859	52.3908	35.8025	1.0251	5.4741	2.1857	-0.1388
119.9383	50.3466	35.1236	1.0278	5.2406	2.0412	-0.1388
120.0907	51.7028	35.8333	1.0649	5.2506	2.1079	-0.1388
120.2431	50.1090	34.5914	1.0151	5.1443	2.0912	-0.1388
120.3955	52.6956	37.2384	1.1077	5.4504	2.0793	-0.1388
120.5479	52.7648	36.1818	1.0811	5.2669	2.2178	-0.1388
120.7003	53.6737	37.4463	1.0878	5.6331	2.1840	-0.1388
120.8527	53.0027	38.0413	1.0837	5.8476	1.9735	-0.1388
121.0051	52.4211	39.7067	1.1376	6.0660	1.5603	-0.1388
121.1575	52.9619	38.5571	1.1479	5.6372	1.7709	-0.1388
121.3099	54.5982	39.8866	1.2196	5.6430	1.8609	-0.1388
121.4623	55.6604	41.7465	1.2364	6.1409	1.7894	-0.1388
121.6147	55.8219	41.7810	1.2090	6.3124	1.7528	-0.1388
121.7671	54.7528	41.7211	1.1829	6.4461	1.6578	-0.1388
121.9195	54.9572	41.3919	1.1453	6.5607	1.7441	-0.1388
122.0719	54.4535	40.1811	1.1176	6.3349	1.8408	-0.1388
122.2243	54.2729	40.6094	1.1554	6.2507	1.7411	-0.1388
122.3767	53.7853	41.1843	1.1702	6.3482	1.6295	-0.1388
122.5291	52.5092	39.5474	1.1501	5.9413	1.6620	-0.1388
122.6815	51.9936	38.5735	1.1108	5.8592	1.7640	-0.1388
122.8339	50.8303	39.5145	1.0770	6.3591	1.4673	-0.1388
122.9863	52.2393	40.0041	1.0716	6.5477	1.6321	-0.1388
123.1387	51.3590	38.4361	1.0857	5.9625	1.6652	-0.1388
123.2911	51.1976	37.1595	1.0768	5.6053	1.8544	-0.1388
123.4435	49.4823	35.1133	1.0106	5.3371	1.9095	-0.1388
123.5959	48.7094	34.6079	1.0182	5.1304	1.8983	-0.1388
123.7483	49.1053	34.4174	1.0075	5.1322	1.9918	-0.1388
123.9007	49.1633	34.7113	1.0166	5.1732	1.9478	-0.1388
124.0531	50.1772	34.4288	0.9969	5.1978	2.0832	-0.1388
124.2055	49.2254	33.6799	0.9397	5.2929	2.1514	-0.1388
124.3579	50.3854	35.1263	0.9571	5.6547	2.1484	-0.1388
124.5103	50.6269	34.8142	1.0090	5.2508	2.2335	-0.1388
124.6627	52.9634	36.6909	1.0810	5.4309	2.2364	-0.1388
124.8151	51.6162	35.2929	1.0309	5.2760	2.2375	-0.1388
124.9675	52.7871	37.5124	1.0866	5.6611	2.1164	-0.1388
125.1199	49.4504	36.2954	1.0630	5.4096	1.7881	-0.1388
125.2723	49.3274	37.4013	1.1011	5.5408	1.6268	-0.1388
125.4247	48.3347	37.3836	1.1269	5.3838	1.4921	-0.1388
125.5771	50.1743	37.1719	1.1125	5.4002	1.8066	-0.1388
125.7295	51.2887	38.7222	1.1998	5.3861	1.7364	-0.1388
125.8819	51.4067	38.6552	1.2390	5.1350	1.6555	-0.1388
126.0343	49.4639	37.0665	1.2035	4.8335	1.5384	-0.1388
126.1867	49.8318	37.5877	1.1968	5.0397	1.4881	-0.1388
126.3391	50.1487	37.1541	1.1719	5.0463	1.5651	-0.1388
126.4915	53.3901	38.9091	1.2361	5.2332	1.8300	-0.1388
126.6439	53.5934	37.7772	1.2215	4.9559	2.0122	-0.1388
126.7963	52.8918	36.6148	1.1906	4.7638	2.0925	-0.1388
126.9487	53.7007	36.3038	1.1682	4.7956	2.2283	-0.1388
127.1011	53.3729	35.8141	1.1180	4.9327	2.2480	-0.1388
127.2535	53.7473	37.2833	1.1607	5.1535	2.0489	-0.1388
127.4059	51.6631	34.6621	1.0431	5.0020	2.1332	-0.1388
127.5583	51.3180	34.0859	1.0313	4.8863	2.1850	-0.1388
127.7107	50.8565	33.3917	1.0214	4.7219	2.2564	-0.1388
127.8631	50.6851	33.6707	1.0058	4.9026	2.2213	-0.1388
128.0155	49.2718	33.2404	1.0059	4.7640	2.1357	-0.1388
128.1679	49.7230	34.1449	1.0131	5.0121	2.0187	-0.1388
128.3203	50.2370	34.3678	1.0031	5.1415	2.0025	-0.1388
128.4727	51.4464	35.5505	1.0147	5.4531	2.0350	-0.1388
128.6251	50.2915	35.3178	1.0070	5.4235	1.9701	-0.1388
128.7775	48.8793	34.7459	0.9936	5.3189	1.8817	-0.1388
128.9299	48.0520	34.3351	0.9944	5.1826	1.8893	-0.1388
129.0823	49.2639	36.0833	1.0631	5.3406	1.8175	-0.1388
129.2347	49.1179	35.6316	1.0417	5.3209	1.8542	-0.1388
129.3871	48.2646	35.4416	1.0238	5.3649	1.7543	-0.1388
129.5395	47.6379	33.3848	1.0055	4.8131	1.9433	-0.1388
129.6919	48.7488	33.8269	1.0197	4.8716	2.0363	-0.1388
129.8443	50.3845	34.2968	1.0259	4.9855	2.1766	-0.1388
129.9967	51.7657	36.6510	1.0805	5.4207	2.0957	-0.1388
130.1491	52.7626	37.0659	1.0929	5.4809	2.1529	-0.1388
130.3015	53.4452	37.1300	1.0998	5.4605	2.1810	-0.1388
130.4539	53.8863	36.4291	1.0891	5.2984	2.2573	-0.1388
130.6063	53.1179	35.2750	1.0507	5.1534	2.2888	-0.1388
130.7587	54.3870	36.6258	1.0824	5.4008	2.2611	-0.1388
130.9111	53.3476	37.2210	1.0745	5.6377	2.0381	-0.1388
131.0635	55.1606	38.2303	1.1381	5.5886	2.1438	-0.1388
131.2159	53.8077	38.0772	1.0866	5.8411	2.0101	-0.1388
131.3683	54.3359	39.3880	1.1346	5.9799	1.9329	-0.1388
131.5207	52.6948	39.9782	1.1426	6.1224	1.6678	-0.1388
131.6731	53.9444	40.5771	1.1929	6.0198	1.7349	-0.1388
131.8255	52.6763	40.1830	1.1929	5.8932	1.5567	-0.1388
131.9779	52.4230	39.5033	1.1731	5.7913	1.6064	-0.1388
132.1303	50.3015	37.8746	1.1486	5.4130	1.5689	-0.1388
132.2827	50.9304	38.4287	1.1745	5.4389	1.5592	-0.1388
132.4351	50.4357	37.6612	1.1590	5.2837	1.5482	-0.1388
132.5875	50.6095	37.3049	1.1543	5.1967	1.6413	-0.1388
132.7399	51.3674	37.9185	1.1594	5.3637	1.6396	-0.1388
132.8923	51.8383	39.0726	1.1874	5.5696	1.5594	-0.1388
133.0447	52.6099	38.2913	1.1525	5.5233	1.7536	-0.1388
133.1971	51.0357	35.5388	1.0950	4.9781	1.9270	-0.1388
133.3495	51.2676	34.3657	1.0638	4.7847	2.1207	-0.1388
133.5019	49.7445	33.9182	1.0148	4.9277	2.0609	-0.1388
133.6543	49.8233	34.7710	1.0397	5.0557	1.9452	-0.1388
133.8067	48.2650	34.8903	0.9826	5.4278	1.7493	-0.1388
133.9591	48.8951	35.2825	0.9603	5.6842	1.7847	-0.1388
134.1115	48.5025	34.5603	0.9361	5.5942	1.9097	-0.1388
134.2639	47.9948	34.6428	0.9122	5.7612	1.7968	-0.1388
134.4163	47.7725	33.6345	0.8823	5.6133	1.8921	-0.1388
134.5687	48.4168	33.2979	0.8934	5.4402	1.9986	-0.1388
134.7211	48.9476	34.2793	0.9077	5.6711	1.9191	-0.1388
134.8735	48.2280	34.1716	0.9094	5.6267	1.7848	-0.1388
135.0259	47.2690	34.0848	0.8742	5.8052	1.6590	-0.1388
135.1783	46.6808	33.1445	0.8517	5.6359	1.6838	-0.1388
135.3307	47.1708	32.3599	0.8298	5.5123	1.8398	-0.1388
135.4831	48.2737	31.7332	0.8333	5.2915	2.0531	-0.1388
135.6355	49.1577	32.0168	0.8809	5.1035	2.0775	-0.1388
135.7879	49.5324	31.3013	0.8639	4.9744	2.1856	-0.1388
135.9403	49.3373	30.1447	0.8534	4.6651	2.3128	-0.1388
136.0927	49.4151	31.5898	0.8712	5.0238	2.1759	-0.1388
136.2451	49.4920	30.9916	0.8578	4.9104	2.2088	-0.1388
136.3975	48.0361	29.7397	0.8089	4.7959	2.2124	-0.1388
136.5499	47.1387	29.6856	0.7913	4.8813	2.1023	-0.1388
136.7023	46.6514	30.9882	0.8308	5.0677	1.9034	-0.1388
136.8547	46.4499	30.0744	0.8489	4.6690	2.0019	-0.1388
137.0071	48.0296	32.3754	0.9030	5.0900	1.8895	-0.1388
137.1595	48.5481	33.0451	0.9344	5.1203	1.9162	-0.1388
137.3119	48.9047	34.1307	0.9368	5.4543	1.8947	-0.1388
137.4643	48.7149	35.1260	0.9661	5.6017	1.7207	-0.1388
137.6167	48.7750	35.6843	0.9757	5.7249	1.6575	-0.1388
137.7691	48.5263	34.0822	0.9246	5.5102	1.8481	-0.1388
137.9215	49.2808	34.7703	0.9388	5.6475	1.8864	-0.1388
138.0739	50.9122	36.0531	1.0112	5.6349	1.9178	-0.1388
138.2263	52.1647	36.2111	1.0133	5.6728	2.0990	-0.1388
138.3787	51.3967	34.5109	0.9798	5.3240	2.1915	-0.1388
138.5311	50.2686	33.9036	0.9550	5.2745	2.0847	-0.1388
138.6835	50.2772	33.7501	0.9646	5.1689	2.0904	-0.1388
138.8359	50.6893	34.0450	0.9663	5.2537	2.0689	-0.1388
138.9883	50.4314	33.1355	0.9509	5.0521	2.1501	-0.1388
139.1407	49.7883	32.5550	0.9119	5.0937	2.1983	-0.1388
139.2931	47.6018	31.7367	0.8635	5.1146	2.0657	-0.1388
139.4455	45.7980	30.2764	0.8504	4.7233	2.0273	-0.1388
139.5979	44.9384	30.3004	0.8833	4.5387	1.9410	-0.1388
139.7503	45.2623	30.5716	0.8736	4.6823	1.9488	-0.1388
139.9027	47.1194	32.7575	0.9443	4.9685	1.8778	-0.1388
140.0551	47.6234	32.6488	0.9339	4.9947	1.9809	-0.1388
140.2075	49.1554	35.2887	1.0047	5.4256	1.9294	-0.1388
140.3599	48.9136	34.6564	0.9784	5.3771	2.0137	-0.1388
140.5123	51.3618	35.5911	1.0251	5.4029	2.1922	-0.1388
140.6647	52.3521	36.6827	1.0771	5.4486	2.1321	-0.1388
140.8171	51.4837	36.4264	1.1076	5.1882	2.0264	-0.1388
140.9695	50.6128	35.7179	1.1335	4.8096	1.9621	-0.1388
141.1219	49.8841	36.5713	1.1554	4.9546	1.7581	-0.1388
141.2743	50.0587	35.9599	1.1024	5.0694	1.8488	-0.1388
141.4267	51.1928	36.6735	1.1134	5.2335	1.9249	-0.1388
141.5791	51.4312	36.5927	1.1303	5.1088	2.0145	-0.1388
141.7315	53.2944	38.7254	1.2004	5.3818	1.9615	-0.1388
141.8839	52.7226	36.8735	1.1311	5.1943	2.0882	-0.1388
142.0363	54.0986	38.7535	1.2144	5.3095	1.9700	-0.1388
142.1887	53.8759	38.4796	1.1958	5.3304	2.0149	-0.1388
142.3411	54.5981	38.3722	1.1735	5.4267	2.1438	-0.1388
142.4935	54.3657	37.9399	1.1304	5.5403	2.2119	-0.1388
142.6459	55.4835	38.7686	1.1442	5.7255	2.2550	-0.1388
142.7983	54.6526	38.4190	1.1113	5.8063	2.1692	-0.1388
142.9507	55.1792	38.3790	1.0944	5.8926	2.2686	-0.1388
143.1031	55.3470	37.8823	1.0730	5.8589	2.3460	-0.1388
143.2555	57.7875	39.9797	1.1268	6.2164	2.3902	-0.1388
143.4079	57.9150	39.1279	1.0929	6.1420	2.5024	-0.1388
143.5603	57.1629	39.1780	1.1085	6.0668	2.3445	-0.1388
143.7127	54.5110	35.4578	0.9954	5.5370	2.5587	-0.1388
143.8651	52.7456	35.0823	0.9845	5.4804	2.3327	-0.1388
144.0175	51.9948	34.4942	0.9843	5.2935	2.3195	-0.1388
144.1699	51.5449	33.7863	0.9867	5.0522	2.3230	-0.1388
144.3223	51.9051	33.5410	0.9638	5.1076	2.4121	-0.1388
144.4747	51.0804	32.1587	0.9535	4.7251	2.4292	-0.1388
144.6271	50.7097	32.8075	1.0148	4.5742	2.2636	-0.1388
144.7795	50.5410	32.5724	1.0279	4.4221	2.2398	-0.1388
144.9319	49.9221	31.6942	0.9680	4.4909	2.3375	-0.1388
145.0843	48.8205	31.3694	0.9590	4.4396	2.2395	-0.1388
145.2367	48.5168	30.7241	0.9461	4.3084	2.3496	-0.1388
145.3891	49.8370	32.2514	0.9430	4.8161	2.2815	-0.1388
145.5415	51.0197	32.9708	0.9394	5.0677	2.3989	-0.1388
145.6939	50.6310	32.6289	0.8959	5.2124	2.3848	-0.1388
145.8463	50.5589	32.2736	0.8766	5.2118	2.4180	-0.1388
145.9987	51.1095	33.0277	0.9005	5.3133	2.3687	-0.1388
146.1511	50.6831	32.1177	0.8538	5.2952	2.4788	-0.1388
146.3035	48.8468	31.2843	0.8121	5.2723	2.3440	-0.1388
146.4559	46.0142	29.8326	0.7764	5.0155	2.1346	-0.1388
146.6083	46.1577	29.7777	0.8021	4.8480	2.0385	-0.1388
146.7607	47.1199	30.1844	0.7909	5.0434	2.1092	-0.1388
146.9131	48.5513	30.8849	0.7660	5.4138	2.1681	-0.1388
147.0655	49.1558	31.6168	0.8505	5.1537	2.1124	-0.1388
147.2179	51.0750	32.1603	0.8934	5.0764	2.2314	-0.1388
147.3703	52.7380	34.7014	0.9597	5.5027	2.1315	-0.1388
147.5227	52.9681	34.0535	0.9622	5.2807	2.2579	-0.1388
147.6751	51.7338	33.1360	0.9498	5.0593	2.2403	-0.1388
147.8275	50.6896	31.9849	0.9173	4.8810	2.2358	-0.1388
147.9799	50.3914	31.6218	0.8843	4.9574	2.2054	-0.1388
148.1323	51.6975	32.8464	0.9083	5.2094	2.2481	-0.1388
148.2847	51.8475	32.4356	0.8836	5.2223	2.4066	-0.1388
148.4371	53.6971	33.8039	0.9595	5.2164	2.4737	-0.1388
148.5895	53.0123	33.5596	0.9841	4.9944	2.4622	-0.1388
148.7419	53.2128	33.1360	0.9614	4.9916	2.5855	-0.1388
148.8943	51.4131	33.3651	0.9622	5.0600	2.3560	-0.1388
149.0467	51.7675	33.0957	0.9809	4.8648	2.4453	-0.1388
149.1991	53.5252	34.7994	1.0225	5.1670	2.4332	-0.1388
149.3515	53.8478	34.3307	1.0172	5.0479	2.5051	-0.1388
149.5039	54.6786	35.5108	1.0729	5.0995	2.4751	-0.1388
149.6563	55.3386	35.4370	1.1204	4.7979	2.6263	-0.1388
149.8087	56.9660	36.8686	1.1636	5.0042	2.6516	-0.1388
149.9611	56.2134	37.5591	1.1534	5.2850	2.4387	-0.1388
150.1135	54.1418	35.1702	1.0714	4.9999	2.4850	-0.1388
150.2659	54.0019	34.4299	1.0636	4.8083	2.4421	-0.1388
150.4183	54.0936	34.6556	1.0787	4.7921	2.4705	-0.1388
150.5707	54.6232	34.4890	1.0917	4.6622	2.5369	-0.1388
150.7231	53.5375	34.3836	1.0512	4.8656	2.4411	-0.1388
150.8755	52.8084	35.8246	1.0513	5.3264	2.1643	-0.1388
151.0279	51.9888	35.2429	1.0537	5.1262	2.1268	-0.1388
151.1803	52.3220	35.4459	1.0660	5.1194	2.1951	-0.1388
151.3327	51.9132	36.2512	1.0666	5.3733	2.0600	-0.1388
151.4851	51.4845	35.5143	1.0385	5.3019	2.1269	-0.1388
151.6375	50.7036	34.3865	1.0149	5.0782	2.1577	-0.1388
151.7899	49.4275	34.7868	1.0180	5.1883	1.9446	-0.1388
151.9423	50.1873	35.9956	1.0527	5.3726	1.9631	-0.1388
152.0947	51.6231	37.8431	1.0824	5.7906	1.8609	-0.1388
152.2471	54.2394	39.6895	1.0980	6.2912	2.0046	-0.1388
152.3995	56.0611	40.7799	1.1291	6.4580	2.0667	-0.1388
152.5519	55.9323	39.1659	1.1066	6.0728	2.2135	-0.1388
152.7043	56.2352	39.5859	1.0647	6.4522	2.2294	-0.1388
152.8567	56.3985	40.3591	1.0693	6.6732	2.1052	-0.1388
153.0091	55.1685	37.8627	1.0014	6.2706	2.2824	-0.1388
153.1615	52.9690	37.4074	0.9872	6.2082	2.0101	-0.1388
153.3139	51.3544	35.8595	0.9387	5.9955	2.0203	-0.1388
153.4663	51.1511	35.1284	0.9323	5.7990	2.0984	-0.1388
153.6187	51.9178	36.0633	0.9352	6.0814	2.0889	-0.1388
153.7711	50.8844	34.7563	0.8781	5.9970	2.1646	-0.1388
153.9235	50.4055	34.9534	0.9122	5.8606	2.0140	-0.1388
154.0759	49.2542	34.1258	0.9120	5.5961	2.0267	-0.1388
154.2283	49.4793	34.9946	0.9304	5.7669	2.0143	-0.1388
154.3807	49.4639	35.3054	0.9350	5.8396	1.9778	-0.1388
154.5331	50.4247	36.2443	0.9488	6.0596	2.0286	-0.1388
154.6855	50.7640	36.6511	0.9439	6.2183	1.9837	-0.1388
154.8379	51.1349	35.6640	0.9386	5.9334	2.2180	-0.1388
154.9903	50.3771	35.8070	0.9490	5.9181	2.0510	-0.1388
155.1427	51.4337	36.2707	0.9491	6.0664	2.1226	-0.1388
155.2951	52.3769	36.8622	0.9743	6.1084	2.1166	-0.1388
155.4475	53.8682	37.8303	1.0001	6.2673	2.1753	-0.1388
155.5999	53.6883	36.9349	0.9561	6.2383	2.2626	-0.1388
155.7523	52.5577	35.8909	0.9199	6.1154	2.2250	-0.1388
155.9047	51.7509	34.6313	0.9259	5.6768	2.2787	-0.1388
156.0571	50.1453	31.8900	0.8878	5.0215	2.4193	-0.1388
156.2095	47.9585	29.1385	0.8153	4.5642	2.4319	-0.1388
156.3619	48.1778	28.6578	0.8221	4.3706	2.5399	-0.1388
156.5143	49.6848	27.9719	0.8069	4.2397	2.7506	-0.1388
156.6667	53.9538	29.5406	0.8867	4.2751	3.1382	-0.1388
156.8191	55.7870	30.1213	0.9025	4.3687	3.2745	-0.1388
156.9715	58.5774	30.7576	0.9163	4.4918	3.6324	-0.1388
157.1239	59.3953	31.1335	0.9594	4.3600	3.7377	-0.1388
157.2763	58.9882	31.6180	0.9544	4.5447	3.6504	-0.1388
157.4287	58.4225	29.9086	0.9174	4.2138	3.7245	-0.1388
157.5811	59.6743	30.1412	0.8953	4.4173	3.8185	-0.1388
157.7335	60.6270	31.1375	0.9044	4.6837	3.8565	-0.1388
157.8859	60.0920	30.8984	0.8623	4.8534	3.8804	-0.1388
158.0383	59.1281	30.6622	0.8331	4.9488	3.7786	-0.1388
158.1907	57.3697	31.1050	0.8463	5.0133	3.5134	-0.1388
158.3431	56.0808	30.9496	0.7936	5.2726	3.3652	-0.1388
158.4955	56.0932	32.3149	0.8211	5.5487	3.1865	-0.1388
158.6479	58.2774	33.7822	0.8606	5.7877	3.2716	-0.1388
158.8003	62.3957	36.9977	0.9315	6.4034	3.3333	-0.1388
158.9527	64.4593	38.1863	0.9565	6.6379	3.4302	-0.1388
159.1051	64.1427	38.8855	0.9886	6.6738	3.3194	-0.1388
159.2575	59.4538	36.4393	0.9078	6.3629	3.0670	-0.1388
159.4099	56.1268	35.2939	0.8679	6.2292	2.7894	-0.1388
159.5623	55.0826	35.8083	0.9289	6.0372	2.5449	-0.1388
159.7147	55.8043	36.9815	0.9691	6.1781	2.4602	-0.1388
159.8671	55.6179	37.4230	0.9841	6.2316	2.4109	-0.1388
160.0195	54.2919	36.9944	0.9953	6.0287	2.2954	-0.1388
160.1719	51.8621	34.2855	0.9239	5.5784	2.3376	-0.1388
160.3243	49.3050	33.4283	0.8900	5.5024	2.1122	-0.1388
160.4767	47.6406	32.0514	0.8243	5.4454	2.1107	-0.1388
160.6291	46.5032	30.9951	0.8203	5.1306	2.1263	-0.1388
160.7815	44.8882	31.2022	0.8311	5.1339	1.8967	-0.1388
160.9339	44.1506	30.7829	0.8543	4.8638	1.8378	-0.1388
161.0863	45.3663	30.8459	0.8890	4.6812	1.9024	-0.1388
161.2387	45.6801	30.0188	0.8320	4.7497	2.0654	-0.1388
161.3911	45.7492	31.5349	0.8693	5.0173	1.8748	-0.1388
161.5435	44.8801	31.2087	0.8913	4.7841	1.7938	-0.1388
161.6959	45.2242	31.1417	0.8981	4.7230	1.8400	-0.1388
161.8483	44.9015	31.9831	0.9299	4.8068	1.7131	-0.1388
162.0007	44.8749	31.0230	0.9254	4.5260	1.7920	-0.1388
162.1531	44.5004	29.8476	0.9160	4.2043	1.8797	-0.1388
162.3055	44.5600	29.9459	0.9116	4.2618	1.8879	-0.1388
162.4579	45.0256	29.8182	0.8730	4.4473	2.0153	-0.2143
162.6103	44.9312	30.5199	0.8542	4.7822	1.8888	-0.2143
162.7627	45.9744	31.8459	0.9192	4.8267	1.8787	-0.2143
162.9151	45.5515	31.8980	0.9623	4.5914	1.8054	-0.2143
163.0675	45.0739	31.2720	0.9758	4.3120	1.8167	-0.2143
163.2199	43.6708	30.1328	0.9119	4.3209	1.8035	-0.2143
163.3723	41.7154	28.6318	0.8723	4.0715	1.7465	-0.2143
163.5247	41.7691	28.0364	0.8857	3.8021	1.8055	-0.2143
163.6771	41.8696	28.3997	0.8841	3.9283	1.7990	-0.2143
163.8295	44.6217	30.7533	0.9519	4.2858	1.8713	-0.2143
163.9819	45.0295	30.4874	0.9530	4.1942	1.9511	-0.2143
164.1343	45.3774	30.9564	0.9517	4.3520	1.9148	-0.2143
164.2867	44.6403	30.6299	0.9782	4.0925	1.8321	-0.2143
164.4391	45.1836	30.9198	0.9676	4.2470	1.8689	-0.2143
164.5915	46.7856	32.1554	0.9683	4.6389	1.9145	-0.2143
164.7439	48.9332	33.5419	1.0062	4.8615	2.0407	-0.2143
164.8963	50.9805	37.1496	1.0933	5.5083	1.7759	-0.2143
165.0487	52.2876	37.3832	1.1187	5.4345	1.9261	-0.2143
165.2011	52.3059	36.5652	1.0654	5.4844	2.0119	-0.2143
165.3535	52.6186	36.9726	1.0596	5.6490	2.0268	-0.2143
165.5059	52.1907	36.3101	1.0583	5.4442	2.0693	-0.2143
165.6583	52.4734	36.8208	1.0655	5.5657	2.0354	-0.2143
165.8107	52.8935	35.5686	1.0902	5.0194	2.1867	-0.2143
165.9631	53.4544	35.1817	1.0556	5.0975	2.3497	-0.2143
166.1155	53.1375	34.2628	1.0076	5.0842	2.4663	-0.2143
166.2679	52.1070	34.8186	1.0348	5.1027	2.2538	-0.2143
166.4203	50.6092	32.8582	0.9590	4.9183	2.2870	-0.2143
166.5727	50.8564	30.9078	0.9144	4.5541	2.5903	-0.2143
166.7251	51.5938	31.8636	0.9119	4.8748	2.5218	-0.2143
166.8775	51.2405	33.0738	0.9540	5.0165	2.3487	-0.2143
167.0299	48.2639	30.6981	0.9019	4.5602	2.2297	-0.2143
167.1823	47.5461	30.4786	0.8792	4.6226	2.1007	-0.2143
167.3347	48.2542	30.9999	0.9094	4.6133	2.0663	-0.2143
167.4871	48.7465	32.4227	0.9340	4.9251	2.0247	-0.2143
167.6395	48.1269	31.8282	0.9312	4.7512	2.0248	-0.2143
167.7919	46.9585	31.8748	0.9175	4.8463	1.8741	-0.2143
167.9443	48.0297	31.8652	0.9398	4.7127	2.0114	-0.2143
168.0967	48.3278	31.3354	0.9417	4.5318	2.1778	-0.2143
168.2491	48.3468	31.0278	0.9269	4.5201	2.1965	-0.2143
168.4015	50.6078	32.6798	1.0001	4.6214	2.3117	-0.2143
168.5539	50.4752	31.6862	0.9640	4.5139	2.4604	-0.2143
168.7063	52.4130	33.4999	1.0378	4.6636	2.4831	-0.2143
168.8587	51.7662	32.9475	1.0460	4.4385	2.4981	-0.2143
169.0111	51.1364	32.9992	1.0256	4.5747	2.5172	-0.2143
169.1635	51.1748	32.3389	1.0061	4.4772	2.5353	-0.2143
169.3159	51.5012	32.8615	0.9993	4.6845	2.5276	-0.2143
169.4683	52.8266	33.4381	1.0381	4.6425	2.5632	-0.2143
169.6207	52.7277	33.5931	1.0310	4.7337	2.5376	-0.2143
169.7731	51.0142	32.5867	0.9913	4.6433	2.3663	-0.2143
169.9255	52.8467	34.0266	1.0315	4.8695	2.4932	-0.2143
170.0779	52.5089	34.1250	1.0384	4.8609	2.3669	-0.2143
170.2303	54.4680	35.1595	1.0661	5.0305	2.4507	-0.2143
170.3827	53.9327	34.7367	1.0347	5.0785	2.4254	-0.2143
170.5351	53.6337	35.6704	1.0303	5.4037	2.3028	-0.2143
170.6875	52.3062	34.0177	0.9911	5.1033	2.2650	-0.2143
170.8399	52.6746	35.8513	1.0253	5.4910	2.1544	-0.2143
170.9923	53.3691	36.4447	1.0438	5.5731	2.1573	-0.2143
171.1447	53.6467	37.4656	1.0617	5.7957	2.0814	-0.2143
171.2971	51.5480	35.7407	1.0106	5.5416	2.0011	-0.2143
171.4495	51.2650	35.9598	0.9945	5.7060	1.9759	-0.2143
171.6019	51.2427	35.5910	0.9927	5.5986	1.9900	-0.2143
171.7543	51.9176	35.1911	0.9642	5.6373	2.1929	-0.2143
171.9067	52.0171	35.4994	0.9937	5.5631	2.1892	-0.2143
172.0591	52.7683	36.1490	1.0070	5.6933	2.3005	-0.2143
172.2115	52.4476	34.9991	0.9964	5.3869	2.3988	-0.2143
172.3639	51.4869	34.7314	0.9955	5.3067	2.3206	-0.2143
172.5163	49.2898	31.4085	0.9200	4.6833	2.4174	-0.2143
172.6687	49.7059	30.8944	0.9026	4.6204	2.5546	-0.2143
172.8211	48.1660	28.1612	0.8495	4.0547	2.7575	-0.2143
172.9735	49.6483	29.1194	0.8843	4.1581	2.8340	-0.2143
173.1259	49.6525	28.3091	0.8772	3.9400	2.9623	-0.2143
173.2783	52.6580	31.1151	0.9683	4.3063	2.9754	-0.2143
173.4307	51.9141	30.9530	0.9343	4.4533	2.8234	-0.2143
173.5831	51.4416	29.7448	0.9056	4.2343	2.8909	-0.2143
173.7355	50.0362	27.7987	0.8617	3.8673	2.9307	-0.2143
173.8879	51.1593	28.3879	0.8799	3.9497	2.9867	-0.2143
174.0403	51.2003	28.6498	0.8577	4.1636	2.9871	-0.2143
174.1927	51.2325	28.7584	0.8641	4.1613	2.9373	-0.2143
174.3451	51.4755	29.9048	0.8864	4.3984	2.7956	-0.2143
174.4975	52.0625	30.8166	0.8961	4.6341	2.6906	-0.2143
174.6499	53.5869	31.7390	0.9064	4.8693	2.7514	-0.2143
174.8023	53.4738	31.8854	0.9154	4.8638	2.7320	-0.2143
174.9547	55.2145	31.9431	0.8991	4.9775	2.9702	-0.2143
175.1071	55.9344	32.8252	0.9568	4.9226	3.0158	-0.2143
175.2595	56.1334	34.4559	0.9800	5.3097	2.8194	-0.2143
175.4119	56.5301	35.4596	1.0009	5.5092	2.6487	-0.2143
175.5643	55.6408	34.8061	0.9903	5.3620	2.5565	-0.2143
175.7167	57.9109	36.1373	1.0294	5.5600	2.7090	-0.2143
175.8691	56.8461	35.7458	0.9946	5.6379	2.6711	-0.2143
176.0215	58.2458	34.2552	0.9657	5.3294	3.1055	-0.2143
176.1739	57.3932	34.5276	0.9767	5.3518	2.9681	-0.2143
176.3263	57.1852	34.0884	0.9557	5.3344	3.0594	-0.2143
176.4787	56.2028	33.1670	0.9487	5.0802	3.0243	-0.2143
176.6311	55.7227	32.9221	0.9286	5.1193	2.9771	-0.2143
176.7835	58.1814	34.5725	0.9635	5.4444	3.0904	-0.2143
176.9359	59.6943	35.0895	0.9719	5.5610	3.2302	-0.2143
177.0883	62.0188	37.1624	1.0371	5.8437	3.3268	-0.2143
177.2407	61.6368	35.9864	0.9765	5.8217	3.4499	-0.2143
177.3931	62.6231	36.6451	0.9821	5.9998	3.5038	-0.2143
177.5455	60.8535	35.6733	0.9534	5.8566	3.4342	-0.2143
177.6979	60.0691	35.9219	0.9796	5.7827	3.2819	-0.2143
177.8503	60.9344	36.0873	0.9742	5.8674	3.3820	-0.2143
178.0027	62.8372	36.3385	1.0137	5.7167	3.5865	-0.2143
178.1551	64.8089	38.9615	1.0422	6.3909	3.5280	-0.2143
178.3075	62.9286	38.2623	1.0407	6.1757	3.3676	-0.2143
178.4599	62.8014	37.5003	1.0318	5.9837	3.4597	-0.2143
178.6123	62.1819	36.2563	1.0097	5.7142	3.5667	-0.2143
178.7647	63.3966	35.5683	0.9868	5.6277	3.7252	-0.2143
178.9171	64.4431	37.7117	1.0831	5.7513	3.6457	-0.2143
179.0695	65.4968	38.2172	1.1421	5.5680	3.6149	-0.2143
179.2219	68.3759	40.5057	1.2266	5.8072	3.6379	-0.2143
179.3743	67.9687	41.2195	1.2717	5.7724	3.4011	-0.2143
179.5267	68.0545	41.1238	1.2640	5.7867	3.4317	-0.2143
179.6791	65.7494	40.4866	1.2029	5.9397	3.2563	-0.2143
179.8315	63.7311	37.8779	1.1582	5.3653	3.3438	-0.2143
179.9839	61.9103	36.2825	1.1164	5.0982	3.3052	-0.2143
180.1363	60.3374	35.3874	1.1013	4.8995	3.1592	-0.2143
180.2887	60.3577	36.6677	1.1133	5.2396	2.9708	-0.2143
180.4411	59.2977	35.8662	1.0912	5.1123	3.0339	-0.2143
180.5935	56.2944	33.3447	1.0099	4.7800	2.9163	-0.2143
180.7459	54.0608	32.1356	0.9501	4.7420	2.8150	-0.2143
180.8983	54.1453	31.5612	0.9282	4.6862	2.8666	-0.2143
181.0507	53.7786	31.2538	0.8752	4.8977	2.8470	-0.2143
181.2031	54.6403	30.6466	0.8567	4.8115	3.0362	-0.2143
181.3555	53.4153	29.8039	0.8602	4.5209	2.9123	-0.2143
181.5079	56.6774	32.5373	0.9303	4.9871	2.9798	-0.2143
181.6603	57.4668	32.3264	0.9136	5.0171	3.1900	-0.2143
181.8127	60.3890	33.8018	0.9481	5.2884	3.4374	-0.2143
181.9651	64.0601	35.9185	1.0332	5.4688	3.6865	-0.2143
182.1175	66.8798	38.7466	1.1103	5.9241	3.6674	-0.2143
182.2699	65.9202	38.5718	1.0782	6.0563	3.5702	-0.2143
182.4223	63.5944	36.2068	1.0237	5.6169	3.5873	-0.2143
182.5747	62.0865	36.5352	1.0326	5.6703	3.4286	-0.2143
182.7271	62.6323	35.2270	0.9728	5.6010	3.7289	-0.2143
182.8795	61.9738	36.8357	1.0090	5.9050	3.4109	-0.2143
183.0319	64.7945	37.7511	1.0331	6.0575	3.7223	-0.2143
183.1843	65.0880	38.0878	1.0377	6.1382	3.6523	-0.2143
183.3367	68.5013	42.4499	1.1533	6.8605	3.4430	-0.2143
183.4891	66.8444	41.0956	1.0989	6.7445	3.3685	-0.2143
183.6415	68.1907	40.4288	1.0919	6.5720	3.5767	-0.2143
183.7939	66.3569	37.9157	1.0460	6.0348	3.6908	-0.2143
183.9463	70.2298	39.3169	1.0929	6.2094	4.0532	-0.2143
184.0987	71.6798	41.1946	1.1424	6.5217	4.0147	-0.2143
184.2511	74.6159	41.8032	1.1998	6.3808	4.3363	-0.2143
184.4035	74.3774	43.7446	1.2829	6.5174	3.9860	-0.2143
184.5559	74.8732	44.0108	1.3150	6.4148	4.0507	-0.2143
184.7083	75.5880	45.8322	1.3826	6.6031	3.9245	-0.2143
184.8607	76.6607	48.3079	1.4441	7.0368	3.7714	-0.2143
185.0131	78.3807	48.2152	1.4550	6.9432	4.0651	-0.2143
185.1655	76.2124	49.7221	1.5267	7.0069	3.5743	-0.2143
185.3179	72.3573	48.1899	1.4616	6.8964	3.2714	-0.2143
185.4703	68.6197	47.9041	1.4587	6.8221	2.7836	-0.2143
185.6227	65.8254	47.4354	1.4437	6.7596	2.4640	-0.2143
185.7751	64.0304	46.2448	1.4096	6.5774	2.3836	-0.2143
185.9275	60.0021	43.5613	1.3042	6.3339	2.1856	-0.2143
186.0799	57.6614	41.7664	1.2663	5.9801	2.1753	-0.2143
186.2323	57.1804	40.8999	1.2489	5.8042	2.2441	-0.2143
186.3847	59.9679	41.9910	1.2699	6.0309	2.4368	-0.2143
186.5371	63.5489	43.3163	1.3172	6.1792	2.7040	-0.2143
186.6895	65.4537	45.6976	1.3974	6.4733	2.5782	-0.2143
186.8419	66.3396	45.3353	1.3489	6.6409	2.7710	-0.2143
186.9943	65.7166	45.0145	1.3395	6.5934	2.7781	-0.2143
187.1467	63.0703	44.1799	1.2697	6.7342	2.5440	-0.2143
187.2991	59.8306	42.6528	1.1868	6.7302	2.3529	-0.2143
187.4515	58.1166	42.2292	1.1831	6.6157	2.1827	-0.2143
187.6039	57.6545	42.1703	1.1855	6.5824	2.1187	-0.2143
187.7563	61.0020	45.6516	1.2696	7.2068	2.1248	-0.2143
187.9087	63.3587	47.3578	1.2999	7.5765	2.1597	-0.2143
188.0611	64.4904	49.9405	1.3363	8.1916	2.0183	-0.2143
188.2135	62.9396	49.7061	1.3018	8.3188	1.8398	-0.2143
188.3659	61.9567	47.1079	1.2708	7.6671	2.0671	-0.2143
188.5183	61.1782	44.5532	1.2411	7.0218	2.2277	-0.2143
188.6707	60.3064	44.0434	1.2313	6.9153	2.1255	-0.2143
188.8231	58.2262	40.6254	1.1627	6.2206	2.2641	-0.2143
188.9755	57.6612	40.0032	1.1766	5.9396	2.1983	-0.2143
189.1279	58.0410	39.9871	1.1374	6.1639	2.2333	-0.2143
189.2803	60.8509	41.8346	1.2083	6.3413	2.3348	-0.2143
189.4327	62.3312	41.8329	1.2177	6.2862	2.4900	-0.2143
189.5851	62.4440	42.1710	1.2674	6.1033	2.5202	-0.2143
189.7375	61.6236	41.2879	1.2379	5.9934	2.5193	-0.2143
189.8899	61.7434	40.7710	1.2568	5.7168	2.6312	-0.2143
190.0423	63.1411	43.2222	1.2567	6.5032	2.4850	-0.2143
190.1947	62.7514	46.7175	1.2948	7.4012	2.0125	-0.2143
190.3471	62.1484	46.4379	1.2858	7.3641	2.0118	-0.2143
190.4995	61.2914	46.1271	1.2651	7.3853	2.0137	-0.2143
190.6519	60.5254	45.9108	1.2633	7.3265	1.9392	-0.2143
190.8043	62.3303	47.8410	1.3391	7.5021	1.9401	-0.2143
190.9567	62.6768	48.6929	1.3301	7.8279	1.9085	-0.2143
191.1091	65.0725	50.8879	1.3841	8.2154	1.9716	-0.2143
191.2615	65.4988	52.1036	1.3826	8.6138	1.8754	-0.2143
191.4139	67.5545	53.5059	1.4449	8.6985	1.9368	-0.2143
191.5663	68.0059	53.7441	1.4373	8.8198	1.9927	-0.2143
191.7187	67.9319	52.3693	1.4234	8.4602	2.1883	-0.2143
191.8711	68.1918	49.1254	1.4055	7.5246	2.6651	-0.2143
192.0235	68.1951	49.7157	1.3952	7.7744	2.6216	-0.2143
192.1759	68.8921	50.2601	1.4450	7.6579	2.6114	-0.2143
192.3283	68.2607	49.4404	1.4524	7.3516	2.7326	-0.2143
192.4807	67.7047	48.9204	1.4485	7.2078	2.6924	-0.2143
192.6331	69.3379	50.0890	1.5039	7.2585	2.6369	-0.2143
192.7855	69.1532	49.8144	1.5158	7.1009	2.5764	-0.2143
192.9379	70.5452	49.0669	1.4797	7.0725	2.8338	-0.2143
193.0903	71.3307	49.6150	1.5045	7.1026	2.8697	-0.2143
193.2427	73.0695	50.4913	1.5675	7.0149	2.9385	-0.2143
193.3951	72.1034	50.3733	1.5632	7.0021	2.8268	-0.2143
193.5475	70.6239	49.9060	1.5003	7.2203	2.6858	-0.2143
193.6999	69.4944	48.3602	1.4722	6.8895	2.6745	-0.2143
193.8523	71.5992	51.3459	1.5030	7.6663	2.5606	-0.2143
194.0047	71.8243	50.2758	1.4480	7.6452	2.6590	-0.2143
194.1571	70.6117	48.2661	1.3847	7.3714	2.7684	-0.2143
194.3095	72.5083	48.6283	1.3877	7.4701	3.0497	-0.2143
194.4619	74.9247	50.8714	1.4390	7.8889	3.1217	-0.2143
194.6143	79.2847	55.2601	1.5600	8.5878	3.0723	-0.2143
194.7667	76.4806	52.6497	1.5036	8.0809	3.0189	-0.2143
194.9191	73.0617	49.8710	1.3927	7.8389	2.9559	-0.2143
195.0715	70.3389	48.3597	1.3749	7.4587	2.8173	-0.2143
195.2239	70.4093	48.6533	1.4003	7.4039	2.7706	-0.2143
195.3763	70.0651	48.8765	1.3979	7.4899	2.7183	-0.2143
195.5287	70.4445	47.9395	1.3922	7.2225	2.8475	-0.2143
195.6811	71.6378	48.5960	1.4098	7.3303	2.8723	-0.2143
195.8335	72.7328	48.9237	1.4444	7.2326	2.9169	-0.2143
195.9859	73.4777	50.9163	1.5199	7.4297	2.7475	-0.2143
196.1383	71.7244	49.1114	1.4901	7.0257	2.7426	-0.2143
196.2907	70.2178	47.8878	1.4727	6.7352	2.7970	-0.2143
196.4431	70.0191	48.3255	1.4695	6.8947	2.7724	-0.2143
196.5955	69.3856	48.7823	1.5067	6.8230	2.6107	-0.2143
196.7479	70.0846	49.9668	1.5117	7.1739	2.5545	-0.2143
196.9003	68.9037	50.2729	1.5089	7.2881	2.4008	-0.2143
197.0527	70.5833	52.0415	1.5842	7.4147	2.3868	-0.2143
197.2051	70.8723	52.3883	1.6076	7.3887	2.3644	-0.2143
197.3575	72.3166	54.2903	1.6480	7.7622	2.3984	-0.2143
197.5099	70.5458	53.1761	1.6134	7.6073	2.3671	-0.2143
197.6623	70.3543	51.2596	1.5163	7.5608	2.5593	-0.2143
197.8147	69.1504	49.6234	1.4243	7.5746	2.7223	-0.2143
197.9671	70.6908	50.6986	1.4703	7.6501	2.7053	-0.2143
198.1195	72.5169	52.0130	1.4934	7.9367	2.7368	-0.2143
198.2719	74.7846	53.5261	1.5332	8.1892	2.8466	-0.2143
198.4243	77.0465	55.1933	1.5871	8.4080	2.9233	-0.2143
198.5767	77.0112	53.5686	1.5654	8.0141	3.0953	-0.2143
198.7291	77.3443	54.1369	1.5600	8.2282	3.0976	-0.2143
198.8815	76.7522	53.0455	1.5211	8.1055	3.1373	-0.2143
199.0339	77.7268	53.2402	1.5503	7.9970	3.1674	-0.2143
199.1863	77.9635	53.4014	1.5409	8.1037	3.1832	-0.2143
199.3387	77.2984	54.2449	1.5743	8.1787	3.0071	-0.2143
199.4911	78.0468	54.3527	1.5799	8.1807	3.0385	-0.2143
199.6435	78.4560	54.7930	1.5863	8.2842	3.0737	-0.2143
199.7959	78.0392	55.1085	1.5743	8.4556	3.0055	-0.2143
199.9483	75.9338	51.7885	1.4666	8.0214	3.1927	-0.2143
200.1007	75.5613	49.7575	1.4151	7.6715	3.3906	-0.2143
200.2531	78.5894	52.4771	1.4630	8.2630	3.4369	-0.2143
200.4055	80.5370	51.7041	1.4941	7.8335	3.6917	-0.2143
200.5579	81.2194	51.5363	1.4657	7.9456	3.8147	-0.2143
200.7103	80.9016	50.2355	1.4415	7.6702	4.0036	-0.2143
200.8627	82.5358	50.8549	1.4769	7.6615	4.1066	-0.2143
201.0151	83.2810	49.9070	1.4475	7.5300	4.3435	-0.2143
201.1675	85.2349	51.1085	1.5123	7.5360	4.3932	-0.2143
201.3199	89.4414	52.5713	1.5397	7.8448	4.7678	-0.2143
201.4723	92.4372	51.5743	1.5583	7.4157	5.1967	-0.2143
201.6247	93.4218	50.9699	1.5424	7.3154	5.3654	-0.2143
201.7771	91.3505	49.4805	1.4865	7.1648	5.2924	-0.2143
201.9295	92.1389	49.0819	1.4441	7.2855	5.4834	-0.2143
202.0819	89.7697	46.9540	1.3491	7.1594	5.5399	-0.2143
202.2343	86.1405	44.9555	1.3213	6.6813	5.4408	-0.2143
202.3867	79.5595	41.2330	1.1639	6.4089	5.0705	-0.2143
202.5391	76.1019	39.2546	1.0571	6.3996	4.8833	-0.2143
202.6915	73.5175	38.0625	1.0120	6.2812	4.6747	-0.2143
202.8439	72.6708	37.0082	0.9735	6.1688	4.7632	-0.2143
202.9963	72.3513	36.3135	0.9541	6.0597	4.7626	-0.2143
203.1487	71.0471	37.3505	0.9572	6.3738	4.5478	-0.2143
203.3011	70.5051	38.6497	0.9965	6.5602	4.3368	-0.2143
203.4535	68.5238	37.8414	0.9866	6.3591	4.1412	-0.2143
203.6059	69.0484	37.9856	1.0019	6.3161	4.1677	-0.2143
203.7583	68.1735	37.7780	0.9892	6.3234	4.0820	-0.2143
203.9107	66.7278	37.1767	0.9562	6.3237	3.9336	-0.2143
204.0631	66.3349	37.6445	1.0014	6.2092	3.7702	-0.2143
204.2155	66.6382	38.1122	1.0538	6.0527	3.6803	-0.2143
204.3679	68.1091	38.8257	1.0948	6.0411	3.7838	-0.2143
204.5203	70.1195	40.2165	1.1350	6.2522	3.8194	-0.2143
204.6727	69.9727	39.2662	1.1269	5.9949	3.9190	-0.2143
204.8251	70.5115	39.4079	1.1652	5.8160	3.8675	-0.2143
204.9775	67.5595	38.9692	1.1448	5.7944	3.5534	-0.2143
205.1299	65.1157	36.8165	1.0826	5.4684	3.5310	-0.2143
205.2823	63.6467	35.2727	1.0684	5.0567	3.5665	-0.2143
205.4347	61.4877	34.6145	1.0619	4.8832	3.3079	-0.2143
205.5871	61.7043	34.6450	1.0869	4.7465	3.3006	-0.2143
205.7395	63.3479	35.9603	1.1360	4.8809	3.3625	-0.2143
205.8919	67.5576	38.3745	1.2192	5.1678	3.5987	-0.2143
206.0443	70.4950	39.8681	1.3000	5.1740	3.7547	-0.2143
206.1967	73.2769	43.4551	1.3912	5.7901	3.5501	-0.2143
206.3491	72.7084	44.9276	1.4452	5.9461	3.3345	-0.2143
206.5015	71.0944	43.9030	1.3660	6.0812	3.3620	-0.2143
206.6539	68.6033	42.4277	1.3025	5.9799	3.1822	-0.2143
206.8063	70.2502	45.0975	1.3643	6.4749	3.0466	-0.2143
206.9587	71.6222	46.3320	1.3986	6.6693	3.0514	-0.2143
207.1111	72.7148	47.7003	1.3896	7.1604	3.1008	-0.2143
207.2635	72.2242	48.2070	1.3718	7.4263	3.0413	-0.2143
207.4159	70.9094	47.8107	1.3435	7.4640	2.8938	-0.2143
207.5683	69.9763	48.8831	1.3842	7.5688	2.6678	-0.2143
207.7207	67.6181	47.8877	1.3048	7.7140	2.5683	-0.2143
207.8731	67.8423	47.0753	1.3112	7.4153	2.7586	-999.2500
208.0255	68.0337	47.4967	1.2643	7.8243	2.6946	-999.2500
208.1779	70.9252	49.3198	1.3233	8.0621	2.8371	-999.2500
208.3303	72.7526	49.5406	1.3566	7.9374	3.0437	-999.2500
208.4827	73.5907	49.4271	1.3593	7.8844	3.1476	-999.2500
208.6351	72.4663	48.9042	1.3415	7.8207	3.0185	-999.2500
208.7875	70.3709	46.3045	1.3036	7.2090	3.0480	-999.2500
208.9399	69.1920	45.1902	1.2699	7.0490	3.0065	-999.2500
209.0923	68.1148	43.8874	1.2442	6.7821	3.0783	-999.2500
209.2447	68.6649	43.1005	1.1824	6.8917	3.2890	-999.2500
209.3971	66.4543	41.7966	1.1388	6.7289	3.1629	-999.2500
209.5495	64.8457	40.4072	1.0753	6.6554	3.1781	-999.2500
209.7019	63.2620	38.3387	1.0464	6.1619	3.2548	-999.2500
209.8543	64.3329	38.9630	1.0861	6.1294	3.2257	-999.2500
210.0067	65.2348	40.0938	1.1055	6.3785	3.2678	-999.2500
210.1591	68.0222	41.0711	1.1407	6.4857	3.4484	-999.2500
210.3115	69.9659	42.4261	1.1523	6.8518	3.6371	-999.2500
210.4639	72.0590	44.8792	1.2036	7.3377	3.5601	-999.2500
210.6163	72.5952	44.9058	1.2116	7.2996	3.6359	-999.2500
210.7687	70.3410	41.9512	1.1123	6.9336	3.6470	-999.2500
210.9211	67.6719	40.7583	1.0838	6.7176	3.5056	-999.2500
211.0735	65.8612	39.7766	1.0561	6.5650	3.4148	-999.2500
211.2259	66.2666	39.7938	1.0666	6.5090	3.3812	-999.2500
211.3783	68.7691	42.6866	1.1387	7.0141	3.3869	-999.2500
211.5307	69.9456	43.4657	1.1538	7.1750	3.5016	-999.2500
211.6831	70.6040	42.5174	1.1514	6.8850	3.6908	-999.2500
211.8355	69.4983	42.9839	1.1764	6.8886	3.5611	-999.2500
211.9879	69.7606	43.4029	1.1820	6.9898	3.5715	-999.2500
212.1403	68.6169	41.9007	1.1438	6.7324	3.6067	-999.2500
212.2927	67.4168	41.3672	1.1419	6.5724	3.4482	-999.2500
212.4451	66.1470	41.1607	1.1628	6.3841	3.3362	-999.2500
212.5975	67.4150	41.3534	1.1762	6.3675	3.4405	-999.2500
212.7499	68.2897	41.0057	1.1676	6.3061	3.5031	-999.2500
212.9023	65.8632	40.7269	1.1496	6.3223	3.2489	-999.2500
213.0547	64.4866	37.9250	1.1095	5.6586	3.3974	-999.2500
213.2071	62.2327	36.5790	1.0555	5.5434	3.3354	-999.2500
213.3595	62.7550	36.6624	1.0143	5.8116	3.3889	-999.2500
213.5119	60.6186	35.2958	0.9400	5.8082	3.2719	-999.2500
213.6643	60.9674	35.5424	0.9859	5.6180	3.1342	-999.2500
213.8167	62.5654	37.2802	1.0236	5.9545	3.1239	-999.2500
213.9691	64.5004	39.1753	1.0450	6.4362	3.1995	-999.2500
214.1215	67.2654	42.2269	1.1002	7.0911	3.1802	-999.2500
214.2739	66.9124	40.5442	1.0624	6.7738	3.3631	-999.2500
214.4263	68.9931	39.3051	1.0717	6.3222	3.8310	-999.2500
214.5787	71.1410	39.0512	1.0670	6.2687	4.1456	-999.2500
214.7311	77.2909	41.3161	1.1243	6.6591	4.6714	-999.2500
214.8835	80.5198	41.5477	1.1342	6.6752	4.9453	-999.2500
215.0359	82.2709	42.6334	1.1994	6.6412	4.9787	-999.2500
215.1883	79.7220	39.8641	1.1231	6.2004	5.0883	-999.2500
215.3407	78.6071	38.0206	1.0439	6.0729	5.2696	-999.2500
215.4931	72.6059	34.8041	0.9648	5.5054	4.8709	-999.2500
215.6455	68.9260	32.4357	0.9350	4.9206	4.6916	-999.2500
215.7979	64.7123	29.6950	0.8644	4.4559	4.5016	-999.2500
215.9503	65.3254	30.7651	0.8953	4.6175	4.4010	-999.2500
216.1027	66.4886	33.9182	1.0018	5.0051	4.0991	-999.2500
216.2551	69.0278	36.0272	1.0782	5.2332	4.1706	-999.2500
216.4075	69.4023	39.0262	1.1623	5.7021	3.8013	-999.2500
216.5599	71.8889	42.3801	1.2782	6.0984	3.6584	-999.2500
216.7123	73.2986	42.7277	1.2933	6.1214	3.8163	-999.2500
216.8647	74.4221	46.2444	1.4383	6.4001	3.4545	-999.2500
217.0171	69.9072	44.2698	1.3708	6.1626	3.1559	-999.2500
217.1695	68.5824	42.9775	1.3853	5.6639	3.2241	-999.2500
217.3219	69.4742	43.7274	1.3758	5.9594	3.2433	-999.2500
217.4743	73.0632	44.9615	1.4276	6.0515	3.5571	-999.2500
217.6267	72.1984	43.6162	1.4065	5.7438	3.6703	-999.2500
217.7791	70.5673	42.1958	1.3154	5.8219	3.7577	-999.2500
217.9315	68.3567	41.4633	1.2549	5.9415	3.5559	-999.2500
218.0839	65.4929	39.9759	1.1860	5.8681	3.4076	-999.2500
218.2363	65.9745	40.3868	1.1968	5.9371	3.4502	-999.2500
218.3887	66.0979	41.5895	1.2042	6.2792	3.3438	-999.2500
218.5411	68.8288	41.0705	1.1599	6.3719	3.7814	-999.2500
218.6935	66.6668	40.3019	1.1746	6.0398	3.5254	-999.2500
218.8459	64.6781	40.5515	1.1255	6.4068	3.2017	-999.2500
218.9983	63.0936	40.1646	1.1021	6.4201	3.0234	-999.2500
219.1507	63.6165	40.4395	1.1051	6.4908	2.9985	-999.2500
219.3031	64.0828	41.3419	1.1334	6.6147	2.9352	-999.2500
219.4555	64.0416	42.1059	1.1697	6.6467	2.7446	-999.2500
219.6079	64.6547	42.1614	1.2019	6.4761	2.8233	-999.2500
219.7603	64.3751	40.0489	1.1839	5.9044	2.9875	-999.2500
219.9127	61.9713	38.5090	1.1248	5.7569	2.9139	-999.2500
220.0651	57.2817	35.0277	1.0526	5.0639	2.7646	-999.2500
220.2175	53.8001	33.6017	1.0075	4.8713	2.4982	-999.2500
220.3699	54.1213	33.4464	0.9776	4.9963	2.5887	-999.2500
220.5223	52.7801	31.6064	0.9467	4.5871	2.6235	-999.2500
220.6747	51.0745	30.2506	0.9256	4.2760	2.5580	-999.2500
220.8271	47.1034	29.0001	0.8880	4.0951	2.2561	-999.2500
220.9795	49.1040	30.7858	0.9414	4.3551	2.2282	-999.2500
221.1319	49.0064	30.2755	0.9405	4.1964	2.2906	-999.2500
221.2843	48.4899	30.1669	0.9177	4.2950	2.2290	-999.2500
221.4367	46.8207	29.8592	0.8541	4.5690	2.1010	-999.2500
221.5891	46.7120	29.7480	0.8485	4.5661	2.1145	-999.2500
221.7415	47.4641	30.2717	0.8535	4.7043	2.0640	-999.2500
221.8939	48.6354	31.1518	0.9249	4.5687	2.0960	-999.2500
222.0463	51.2094	32.5064	0.9716	4.7293	2.2449	-999.2500
222.1987	52.8889	35.4038	1.0352	5.2854	2.1686	-999.2500
222.3511	52.4482	33.7840	1.0086	4.9224	2.3132	-999.2500
222.5035	52.9272	33.5802	1.0387	4.6811	2.3478	-999.2500
222.6559	55.3442	35.5814	1.0735	5.1185	2.5226	-999.2500
222.8083	57.6290	37.1770	1.1415	5.2315	2.5827	-999.2500
222.9607	58.3621	36.1167	1.1125	5.0616	2.8305	-999.2500
223.1131	59.4148	37.7067	1.1923	5.1039	2.7050	-999.2500
223.2655	60.6251	38.0664	1.2043	5.1482	2.7983	-999.2500
223.4179	60.2963	37.8164	1.2127	5.0186	2.8768	-999.2500
223.5703	60.8284	37.2369	1.1432	5.2392	3.0220	-999.2500
223.7227	60.9098	37.3089	1.1335	5.3186	3.0096	-999.2500
223.8751	61.1309	34.8009	1.0809	4.8228	3.3663	-999.2500
224.0275	59.0090	34.0674	1.0474	4.7838	3.2044	-999.2500
224.1799	58.2037	32.6593	0.9565	4.8641	3.3095	-999.2500
224.3323	58.2481	32.2981	0.9260	4.9268	3.2948	-999.2500
224.4847	56.2071	30.4767	0.8448	4.8187	3.2250	-999.2500
224.6371	53.5953	29.3717	0.8037	4.7052	3.0035	-999.2500
224.7895	51.3258	27.1697	0.7122	4.5349	3.0151	-999.2500
224.9419	50.7485	26.3372	0.7298	4.1653	3.0738	-999.2500
225.0943	47.7599	24.8238	0.6720	4.0195	2.8033	-999.2500
225.2467	45.2318	23.8777	0.6265	3.9827	2.5997	-999.2500
225.3991	43.3619	23.6167	0.6105	3.9932	2.3661	-999.2500
225.5515	43.2799	23.2038	0.5997	3.9244	2.3463	-999.2500
225.7039	42.2464	23.2505	0.6132	3.8608	2.2106	-999.2500
225.8563	41.6012	24.0428	0.6470	3.9171	2.0618	-999.2500
226.0087	43.8919	23.9154	0.6759	3.7070	2.3095	-999.2500
226.1611	47.2467	26.2784	0.7291	4.1536	2.4620	-999.2500
226.3135	49.1711	28.0119	0.8066	4.2552	2.5240	-999.2500
226.4659	50.9335	29.0802	0.8576	4.2993	2.6358	-999.2500
226.6183	53.0857	31.0898	0.8672	4.8877	2.6409	-999.2500
226.7707	56.8589	34.0058	0.9673	5.2359	2.8180	-999.2500
226.9231	58.4340	35.0845	1.0162	5.2954	2.8657	-999.2500
227.0755	56.0225	31.9163	0.9538	4.6454	3.0570	-999.2500
227.2279	51.2735	30.6405	0.8509	4.8384	2.6712	-999.2500
227.3803	47.3222	27.9174	0.7640	4.4741	2.5318	-999.2500
227.5327	46.8080	27.5532	0.7408	4.4933	2.4511	-999.2500
227.6851	46.9962	29.5504	0.7730	4.9445	2.2893	-999.2500
227.8375	48.5341	30.6924	0.8168	5.0537	2.3466	-999.2500
227.9899	48.9061	30.9772	0.7951	5.2720	2.3194	-999.2500
228.1423	50.9469	31.5965	0.8226	5.3092	2.4496	-999.2500
228.2947	50.2268	31.2787	0.8156	5.2485	2.3424	-999.2500
228.4471	50.2206	31.8660	0.8195	5.4137	2.2167	-999.2500
228.5995	49.1790	31.6950	0.8323	5.2846	2.1248	-999.2500
228.7519	48.5479	32.3360	0.8439	5.4221	1.9543	-999.2500
228.9043	49.6854	33.2446	0.9433	5.1316	1.9254	-999.2500
229.0567	51.3639	35.2752	0.9957	5.4754	1.9012	-999.2500
229.2091	54.0466	36.4070	1.0544	5.4948	2.1621	-999.2500
229.3615	53.1397	35.3419	1.0314	5.2879	2.1279	-999.2500
229.5139	55.1407	37.4720	1.0773	5.7025	2.1428	-999.2500
229.6663	52.3776	35.5611	1.0348	5.3385	2.0748	-999.2500
229.8187	52.4319	36.2202	1.0467	5.4800	2.0301	-999.2500
229.9711	49.5327	34.6676	1.0087	5.2051	1.9104	-999.2500
230.1235	49.7785	34.7160	0.9833	5.3686	1.9945	-999.2500
230.2759	51.8337	35.6413	1.0113	5.5008	2.1668	-999.2500
230.4283	52.2305	36.0597	1.0476	5.4222	2.1265	-999.2500
230.5807	52.2122	35.3882	1.0172	5.3846	2.2484	-999.2500
230.7331	46.7244	30.5310	0.8933	4.5536	2.2221	-999.2500
230.8855	45.2953	29.5052	0.8673	4.3769	2.1547	-999.2500
231.0379	46.3825	28.8032	0.8758	4.1021	2.3977	-999.2500
231.1903	50.7596	30.8310	0.9467	4.3368	2.7201	-999.2500
231.3427	53.4275	31.3931	0.9862	4.2853	3.0192	-999.2500
231.4951	55.7886	32.2240	1.0030	4.4536	3.2205	-999.2500
231.6475	59.0628	32.4193	1.0092	4.4796	3.5988	-999.2500
231.7999	59.3184	31.3268	1.0115	4.1167	3.7187	-999.2500
231.9523	58.7066	31.0239	1.0189	3.9764	3.6752	-999.2500
232.1047	59.0009	31.7362	1.0199	4.1988	3.6545	-999.2500
232.2571	61.1618	34.2440	1.0905	4.5888	3.5710	-999.2500
232.4095	61.2367	35.4942	1.1064	4.8968	3.3383	-999.2500
232.5619	59.6859	34.4093	1.0967	4.6058	3.2753	-999.2500
232.7143	59.4534	34.7921	1.0576	4.9571	3.2094	-999.2500
232.8667	62.9341	36.4314	1.1068	5.1944	3.4168	-999.2500
233.0191	64.9832	38.9083	1.1607	5.6724	3.3205	-999.2500
233.1715	64.8841	39.6622	1.1865	5.7623	3.2116	-999.2500
233.3239	61.9784	39.1616	1.1814	5.6323	2.9360	-999.2500
233.4763	61.8006	41.4962	1.2209	6.1488	2.6695	-999.2500
233.6287	61.8101	41.9458	1.2178	6.3114	2.6479	-999.2500
233.7811	62.8024	41.8523	1.2111	6.3209	2.6882	-999.2500
233.9335	62.3275	40.6769	1.1718	6.1746	2.8064	-999.2500
234.0859	61.7676	39.5208	1.1350	6.0200	2.8918	-999.2500
234.2383	62.5460	40.6211	1.1143	6.4940	2.8922	-999.2500
234.3907	62.3428	41.1147	1.1426	6.4865	2.7835	-999.2500
234.5431	62.3961	40.9588	1.1491	6.3983	2.8402	-999.2500
234.6955	59.8580	38.9701	1.0778	6.1790	2.7302	-999.2500
234.8479	59.0024	37.9030	1.0593	5.9458	2.7714	-999.2500
235.0003	59.1982	35.8479	0.9923	5.6793	3.0484	-999.2500
235.1527	59.5793	34.8253	0.9638	5.5190	3.1561	-999.2500
235.3051	58.7290	33.8684	0.9252	5.4378	3.1685	-999.2500
235.4575	57.6680	32.9501	0.9067	5.2519	3.2281	-999.2500
235.6099	58.5395	32.1897	0.8796	5.1668	3.4538	-999.2500
235.7623	60.2149	32.9164	0.9066	5.2413	3.5287	-999.2500
235.9147	62.1407	33.7450	0.9520	5.2411	3.6647	-999.2500
236.0671	63.0311	34.7529	0.9848	5.3724	3.6553	-999.2500
236.2195	63.6154	36.2643	1.0228	5.6338	3.5643	-999.2500
236.3719	62.6497	35.6872	0.9965	5.6032	3.5772	-999.2500
236.5243	61.4480	34.8684	0.9477	5.6263	3.5079	-999.2500
236.6767	60.2864	35.1174	0.9481	5.7040	3.3475	-999.2500
236.8291	62.2290	35.5763	0.9790	5.6700	3.5991	-999.2500
236.9815	64.5445	36.6947	1.0319	5.7188	3.6825	-999.2500
237.1339	66.9595	37.7919	1.0666	5.8675	3.8646	-999.2500
237.2863	67.2338	38.0066	1.1228	5.6075	3.8826	-999.2500
237.4387	66.7966	36.8849	1.0979	5.3937	4.0590	-999.2500
237.5911	64.8571	36.6059	1.0161	5.7835	3.7859	-999.2500
237.7435	63.4840	36.1340	1.0135	5.6480	3.6580	-999.2500
237.8959	61.5976	33.8036	0.9603	5.2124	3.6414	-999.2500
238.0483	60.2869	33.4225	1.0023	4.8443	3.4880	-999.2500
238.2007	58.4552	33.0324	1.0091	4.6797	3.3644	-999.2500
238.3531	57.6124	32.9141	1.0256	4.5454	3.2210	-999.2500
238.5055	57.7477	33.4691	1.0327	4.6817	3.1545	-999.2500
238.6579	57.7830	33.0355	1.0146	4.6486	3.2828	-999.2500
238.8103	58.2895	34.2429	1.0237	4.9815	3.1897	-999.2500
238.9627	59.4510	35.8379	1.0120	5.5608	3.0922	-999.2500
239.1151	61.0042	37.4580	1.0664	5.7614	2.9905	-999.2500
239.2675	61.2591	37.7551	1.1328	5.4677	3.0031	-999.2500
239.4199	62.3178	37.5036	1.1245	5.4349	3.1895	-999.2500
239.5723	61.4809	38.4110	1.1185	5.7601	2.8945	-999.2500
239.7247	60.0119	37.1957	1.0566	5.7328	2.9039	-999.2500
239.8771	56.0345	34.7517	0.9757	5.4224	2.6227	-999.2500
240.0295	53.6788	34.1073	0.9410	5.4189	2.4175	-999.2500
240.1819	53.6757	33.6340	0.9399	5.2728	2.4495	-999.2500
240.3343	55.5458	36.2305	0.9932	5.7926	2.3326	-999.2500
240.4867	59.5188	38.2012	1.0508	6.0866	2.5814	-999.2500
240.6391	63.1013	40.5871	1.1359	6.3519	2.7557	-999.2500
240.7915	66.9840	43.2256	1.2010	6.8160	2.9075	-999.2500
240.9439	69.0120	44.6473	1.2530	6.9669	2.9890	-999.2500
241.0963	69.6845	46.7087	1.3007	7.3478	2.8038	-999.2500
241.2487	65.9974	44.6889	1.2391	7.0612	2.6686	-999.2500
241.4011	59.9915	40.8081	1.1439	6.3755	2.3914	-999.2500
241.5535	55.2309	38.1848	1.0708	5.9632	2.1752	-999.2500
241.7059	53.5747	36.1172	1.0191	5.6038	2.1987	-999.2500
241.8583	54.7562	37.5513	1.0707	5.7610	2.2025	-999.2500
242.0107	53.9214	35.8664	1.0212	5.5116	2.3049	-999.2500
242.1631	53.2130	35.8685	1.0149	5.5494	2.1822	-999.2500
242.3155	51.1778	34.3115	0.9830	5.2376	2.1056	-999.2500
242.4679	51.3924	34.6811	0.9776	5.3875	2.1051	-999.2500
242.6203	52.5917	34.4281	0.9456	5.4942	2.3315	-999.2500
242.7727	52.9758	34.7249	0.9512	5.5571	2.3674	-999.2500
242.9251	53.9435	34.8791	0.9614	5.5472	2.5477	-999.2500
243.0775	52.3542	33.2653	0.8954	5.4173	2.5199	-999.2500
243.2299	52.9112	32.0722	0.8801	5.1248	2.6699	-999.2500
243.3823	53.1289	32.8575	0.9007	5.2556	2.6457	-999.2500
243.5347	55.5822	34.0173	0.9031	5.6131	2.7831	-999.2500
243.6871	57.1484	35.6566	0.9819	5.6770	2.7672	-999.2500
243.8395	54.6971	33.9595	0.9679	5.2156	2.6901	-999.2500
243.9919	50.6711	31.9647	0.8851	5.0614	2.4592	-999.2500
244.1443	46.1185	28.4728	0.7752	4.5859	2.3030	-999.2500
244.2967	44.3811	27.6953	0.7825	4.2944	2.1114	-999.2500
244.4491	45.2879	27.6348	0.7924	4.2166	2.2711	-999.2500
244.6015	47.3718	27.9294	0.8188	4.1565	2.4858	-999.2500
244.7539	50.7584	29.9936	0.9081	4.2951	2.6563	-999.2500
244.9063	52.9746	31.8863	0.9557	4.6229	2.7233	-999.2500
245.0587	54.3652	33.2322	1.0101	4.7363	2.7163	-999.2500
245.2111	55.4615	33.9539	1.0292	4.8554	2.7842	-999.2500
245.3635	56.0083	33.4790	0.9864	4.9542	2.9444	-999.2500
245.5159	57.1249	34.7628	0.9912	5.3375	2.9893	-999.2500
245.6683	57.6996	34.4584	0.9903	5.2449	3.0957	-999.2500
245.8207	57.5538	35.7288	1.0265	5.4404	2.9395	-999.2500
245.9731	57.5640	34.9311	0.9891	5.4038	3.1059	-999.2500
246.1255	55.6782	33.5995	0.9762	5.0528	3.0000	-999.2500
246.2779	55.3726	33.7037	0.9748	5.0946	2.9318	-999.2500
246.4303	52.9945	31.5489	0.9043	4.8165	2.9105	-999.2500
246.5827	50.9847	30.9616	0.8841	4.7471	2.7630	-999.2500
246.7351	45.8948	27.1852	0.7451	4.3502	2.5882	-999.2500
246.8875	41.6363	24.7280	0.6722	3.9896	2.4073	-999.2500
247.0399	40.7754	24.4184	0.6827	3.8284	2.3202	-999.2500
247.1923	42.2022	24.8165	0.7295	3.6812	2.4044	-999.2500
247.3447	43.3050	25.6570	0.7368	3.9076	2.4545	-999.2500
247.4971	44.1197	25.8004	0.7698	3.7594	2.5333	-999.2500
247.6495	46.5419	28.5237	0.8476	4.1764	2.4826	-999.2500
247.8019	50.7606	29.4724	0.8740	4.3249	2.8362	-999.2500
247.9543	55.4542	32.9617	0.9979	4.7168	2.9667	-999.2500
248.1067	58.8780	35.7336	1.0428	5.3420	3.0982	-999.2500
248.2591	61.7577	37.4448	1.0933	5.5940	3.2848	-999.2500
248.4115	63.1813	38.9625	1.1725	5.6163	3.2295	-999.2500
248.5639	62.6203	39.1050	1.1891	5.5647	3.0096	-999.2500
248.7163	63.6453	38.2052	1.1710	5.3830	3.2721	-999.2500
248.8687	64.4693	38.3466	1.1420	5.5980	3.3821	-999.2500
249.0211	64.5116	38.5501	1.1780	5.4523	3.3089	-999.2500
249.1735	64.2642	37.4755	1.1506	5.2687	3.3668	-999.2500
249.3259	63.8044	37.2626	1.1732	5.0684	3.3129	-999.2500
249.4783	65.0796	37.3966	1.1524	5.2334	3.4973	-999.2500
249.6307	65.8981	35.7249	1.0898	5.0644	3.8372	-999.2500
249.7831	65.8208	35.8542	1.1410	4.8057	3.7789	-999.2500
249.9355	66.7569	33.5462	1.0667	4.5017	4.1712	-999.2500
250.0879	66.1291	32.2256	1.0247	4.3249	4.2686	-999.2500
250.2403	67.1225	31.8877	1.0349	4.1567	4.4496	-999.2500
250.3927	67.6454	32.5892	1.0302	4.4086	4.4198	-999.2500
250.5451	70.5661	32.4739	1.0763	4.1024	4.8146	-999.2500
250.6975	70.1430	31.1410	1.0295	3.9494	4.8953	-999.2500
250.8499	69.8782	29.7843	1.0115	3.6201	5.1392	-999.2500
251.0023	66.4935	26.9818	0.9124	3.3024	5.0882	-999.2500
251.1547	66.6820	28.8156	0.9901	3.4353	4.9084	-999.2500
251.3071	66.7508	29.5949	0.9889	3.6919	4.8656	-999.2500
251.4595	68.6766	29.7617	0.9725	3.8412	5.1310	-999.2500
251.6119	68.2833	32.1590	1.0830	3.9622	4.7227	-999.2500
251.7643	68.1670	31.6082	1.0745	3.8355	4.8275	-999.2500
251.9167	67.5726	30.6771	1.0273	3.8139	4.9406	-999.2500
252.0691	67.6549	31.8393	1.0708	3.9316	4.7772	-999.2500
252.2215	67.4552	33.4871	1.0853	4.3747	4.5037	-999.2500
252.3739	66.9645	33.8395	1.1107	4.3393	4.4572	-999.2500
252.5263	66.7268	33.7980	1.0785	4.5147	4.4278	-999.2500
252.6787	66.8448	35.6135	1.0904	5.0264	4.2325	-999.2500
252.8311	67.5162	35.9094	1.0819	5.1708	4.2567	-999.2500
252.9835	68.7996	36.6538	1.1473	5.0268	4.3160	-999.2500
253.1359	69.0732	38.6730	1.1809	5.4772	4.0368	-999.2500
253.2883	68.9807	37.3167	1.0978	5.5291	4.2507	-999.2500
253.4407	67.6506	36.6084	1.0290	5.7048	4.1601	-999.2500
253.5931	68.7763	39.4300	1.0619	6.4161	3.9405	-999.2500
253.7455	68.6183	40.7107	1.0516	6.8863	3.7852	-999.2500
253.8979	68.8508	42.1260	1.0477	7.3626	3.6657	-999.2500
254.0503	67.0186	42.7197	0.9987	7.8390	3.3676	-999.2500
254.2027	66.2342	44.9887	1.0242	8.4168	2.9557	-999.2500
254.3551	65.8609	45.0974	1.0018	8.5829	2.8904	-999.2500
254.5075	65.5357	46.0728	0.9796	9.0253	2.7359	-999.2500
254.6599	65.5612	48.1328	0.9583	9.8099	2.4640	-999.2500
254.8123	65.6771	48.7556	0.9472	10.0740	2.4341	-999.2500
254.9647	65.8208	51.1619	0.9690	10.7173	2.1453	-999.2500
255.1171	65.9081	53.3710	1.0118	11.1744	1.8898	-999.2500
255.2695	65.9072	53.3703	1.0118	11.1743	1.8898	-999.2500
255.4219	65.9235	53.3835	1.0121	11.1770	1.8903	-999.2500
255.5743	65.9294	53.3882	1.0122	11.1781	1.8904	-999.2500
255.7267	66.1775	53.5892	1.0160	11.2202	1.8976	-999.2500
255.8791	66.1328	53.5530	1.0153	11.2127	1.8963	-999.2500
256.0315	66.1499	53.5668	1.0156	11.2155	1.8968	-999.2500
256.1839	65.9517	53.4064	1.0125	11.1818	1.8911	-999.2500
256.3363	66.1498	53.5668	1.0155	11.2154	1.8967	-999.2500
256.4887	66.3075	53.6944	1.0180	11.2421	1.9012	-999.2500
256.6411	65.8642	53.3354	1.0112	11.1669	1.8885	-999.2500
256.7935	65.3912	52.9524	1.0039	11.0866	1.8750	-999.2500
256.9459	64.9822	52.6212	0.9976	11.0173	1.8632	-999.2500
257.0983	65.2890	52.8697	1.0023	11.0693	1.8720	-999.2500
257.2507	65.6339	53.1489	1.0076	11.1279	1.8819	-999.2500
257.4031	65.7214	53.2198	1.0090	11.1429	1.8845	-999.2500
257.5555	65.7957	53.2800	1.0101	11.1557	1.8866	-999.2500
257.7079	65.7914	53.2765	1.0101	11.1552	1.8866	-999.2500
257.8603	66.3292	53.7121	1.0184	11.2467	1.9020	-999.2500
258.0127	67.3710	54.5557	1.0344	11.4237	1.9320	-999.2500
258.1651	68.3763	55.3697	1.0499	11.5945	1.9609	-999.2500
258.3175	68.9505	55.8347	1.0587	11.6923	1.9774	-999.2500
258.4699	68.9857	55.8632	1.0593	11.6987	1.9785	-999.2500
258.6223	69.3435	56.1529	1.0648	11.7598	1.9888	-999.2500
258.7747	69.9174	56.6177	1.0737	11.8574	2.0053	-999.2500
258.9271	70.7708	57.3087	1.0868	12.0024	2.0298	-999.2500
259.0795	71.3370	57.7672	1.0955	12.0985	2.0461	-999.2500
259.2319	71.7620	58.1114	1.1020	12.1707	2.0583	-999.2500
259.3843	71.2485	57.6955	1.0942	12.0837	2.0436	-999.2500
259.5367	70.7918	57.3257	1.0872	12.0064	2.0305	-999.2500
259.6891	70.4678	57.0633	1.0822	11.9515	2.0212	-999.2500
259.8415	70.6532	57.2135	1.0851	11.9830	2.0266	-999.2500
259.9939	70.7339	57.2789	1.0863	11.9967	2.0289	-999.2500
260.1463	70.7462	57.2888	1.0865	11.9986	2.0292	-999.2500
260.2987	70.8103	57.3407	1.0874	12.0093	2.0310	-999.2500
260.4511	71.0976	57.5734	1.0918	12.0579	2.0392	-999.2500
260.6035	71.1285	57.5984	1.0923	12.0628	2.0401	-999.2500
260.7559	70.9301	57.4378	1.0892	12.0289	2.0343	-999.2500
260.9083	70.1134	56.7764	1.0766	11.8900	2.0108	-999.2500
261.0607	68.8121	55.7226	1.0566	11.6689	1.9734	-999.2500
261.2131	67.6945	54.8176	1.0394	11.4791	1.9413	-999.2500
261.3655	66.8123	54.1032	1.0258	11.3291	1.9160	-999.2500
261.5179	66.1988	53.6064	1.0164	11.2246	1.8983	-999.2500
261.6703	65.6332	53.1484	1.0077	11.1283	1.8820	-999.2500
261.8227	65.3203	52.8950	1.0028	11.0749	1.8730	-999.2500
261.9751	65.4340	52.9871	1.0045	11.0939	1.8762	-999.2500
262.1275	65.5242	53.0601	1.0059	11.1090	1.8787	-999.2500
262.2799	65.3951	52.9556	1.0039	11.0871	1.8750	-999.2500
262.4323	65.1402	52.7492	1.0000	11.0439	1.8677	-999.2500
262.5847	64.9060	52.5595	0.9964	11.0042	1.8610	-999.2500
262.7371	64.8915	52.5478	0.9962	11.0018	1.8606	-999.2500
262.8895	65.4027	52.9618	1.0041	11.0886	1.8753	-999.2500
263.0419	65.9879	53.4356	1.0130	11.1878	1.8921	-999.2500
263.1943	66.4397	53.8015	1.0200	11.2645	1.9050	-999.2500
263.3467	66.3983	53.7680	1.0194	11.2575	1.9039	-999.2500
263.4991	66.2894	53.6798	1.0177	11.2391	1.9007	-999.2500
263.6515	66.2715	53.6652	1.0174	11.2361	1.9002	-999.2500
263.8039	66.2466	53.6451	1.0170	11.2320	1.8995	-999.2500
263.9563	66.0272	53.4675	1.0137	11.1948	1.8932	-999.2500
264.1087	65.7306	53.2273	1.0091	11.1445	1.8847	-999.2500
264.2611	65.5934	53.1162	1.0070	11.1213	1.8808	-999.2500
264.4135	65.7327	53.2289	1.0092	11.1451	1.8848	-999.2500
264.5659	65.9245	53.3843	1.0121	11.1777	1.8904	-999.2500
264.7183	66.2659	53.6607	1.0174	11.2358	1.9002	-999.2500
264.8707	66.9161	54.1873	1.0274	11.3462	1.9189	-999.2500
265.0231	67.5758	54.7215	1.0375	11.4582	1.9378	-999.2500
265.1755	68.0580	55.1120	1.0449	11.5400	1.9516	-999.2500
265.3279	68.2936	55.3028	1.0486	11.5799	1.9584	-999.2500
265.4803	68.3846	55.3764	1.0499	11.5953	1.9610	-999.2500
265.6327	68.2986	55.3068	1.0484	11.5786	1.9582	-999.2500
265.7851	67.4416	54.6128	1.0350	11.4307	1.9331	-999.2500
265.9375	66.4294	53.7932	1.0192	11.2562	1.9036	-999.2500
266.0899	65.3055	52.8830	1.0017	11.0624	1.8709	-999.2500
266.2423	56.2034	45.5123	0.8618	9.5174	1.6096	-999.2500
266.3947	45.8383	37.1189	0.7026	7.7593	1.3122	-999.2500