HOLE:	1230A
LEG:	201
TOP:	80.1619
BOTTOM:	272.1859
DEPTH_WMSF	RHOB	DRHO	PEF
m	g/cm3	g/cm3	barns/e-
80.1619	1.3657	-0.3317	2.3826
80.3143	1.3354	-0.0583	2.1768
80.4667	1.2561	0.0088	2.1255
80.6191	1.2253	0.0094	2.1423
80.7715	1.2222	0.0089	2.1451
80.9239	1.2191	0.0079	2.1808
81.0763	1.2228	0.0101	2.2175
81.2287	1.2222	0.0100	2.2580
81.3811	1.2267	0.0090	2.2474
81.5335	1.2306	0.0039	2.2506
81.6859	1.2462	0.0097	2.2757
81.8383	1.2643	0.0191	2.3284
81.9907	1.2856	0.0297	2.3804
82.1431	1.3020	0.0324	2.4659
82.2955	1.3153	0.0314	2.4437
82.4479	1.3127	0.0273	2.3786
82.6003	1.3036	0.0276	2.2358
82.7527	1.2959	0.0319	2.1933
82.9051	1.3036	0.0324	2.1682
83.0575	1.3471	0.0482	2.1882
83.2099	1.3930	0.0611	2.1885
83.3623	1.4300	0.0789	2.2660
83.5147	1.4331	0.0734	2.3230
83.6671	1.4347	0.0705	2.3872
83.8195	1.4435	0.0749	2.3663
83.9719	1.4117	0.0690	2.3639
84.1243	1.3763	0.0560	2.3349
84.2767	1.3348	0.0394	2.3537
84.4291	1.3342	0.0352	2.3707
84.5815	1.3511	0.0386	2.3956
84.7339	1.3830	0.0557	2.3912
84.8863	1.4070	0.0706	2.4087
85.0387	1.4064	0.0762	2.4316
85.1911	1.3965	0.0693	2.4278
85.3435	1.3671	0.0498	2.4251
85.4959	1.3435	0.0339	2.4068
85.6483	1.3206	0.0202	2.3769
85.8007	1.3202	0.0238	2.3501
85.9531	1.3211	0.0282	2.3371
86.1055	1.3217	0.0301	2.3378
86.2579	1.3169	0.0226	2.3210
86.4103	1.3247	0.0199	2.2715
86.5627	1.3563	0.0262	2.2870
86.7151	1.4292	0.0561	2.2945
86.8675	1.4748	0.0626	2.3437
87.0199	1.4938	0.0661	2.3304
87.1723	1.4886	0.0614	2.3439
87.3247	1.4986	0.0726	2.3215
87.4771	1.5073	0.0718	2.3625
87.6295	1.5098	0.0701	2.4140
87.7819	1.5111	0.0659	2.4420
87.9343	1.5138	0.0701	2.4196
88.0867	1.5069	0.0652	2.3501
88.2391	1.5015	0.0663	2.3195
88.3915	1.5050	0.0748	2.2999
88.5439	1.4953	0.0762	2.3084
88.6963	1.4992	0.0858	2.3551
88.8487	1.4853	0.0788	2.3482
89.0011	1.4723	0.0771	2.3553
89.1535	1.4641	0.0790	2.3490
89.3059	1.4577	0.0848	2.3608
89.4583	1.4574	0.0876	2.3878
89.6107	1.4437	0.0816	2.3850
89.7631	1.4227	0.0717	2.3812
89.9155	1.4089	0.0649	2.3412
90.0679	1.3972	0.0584	2.3347
90.2203	1.3918	0.0535	2.3196
90.3727	1.3978	0.0611	2.3396
90.5251	1.3986	0.0587	2.2812
90.6775	1.4159	0.0678	2.2865
90.8299	1.4286	0.0683	2.3360
90.9823	1.4692	0.0813	2.4355
91.1347	1.5026	0.0729	2.5736
91.2871	1.5249	0.0537	2.6791
91.4395	1.5333	0.0278	2.7879
91.5919	1.5427	0.0180	2.7761
91.7443	1.5624	0.0221	2.6964
91.8967	1.5503	0.0156	2.7135
92.0491	1.5425	0.0152	2.7197
92.2015	1.5327	0.0111	2.7426
92.3539	1.5345	0.0158	2.7206
92.5063	1.5397	0.0204	2.7420
92.6587	1.5385	0.0197	2.6946
92.8111	1.5386	0.0199	2.6854
92.9635	1.5352	0.0146	2.6673
93.1159	1.5426	0.0175	2.7317
93.2683	1.5506	0.0177	2.7126
93.4207	1.5489	0.0142	2.6851
93.5731	1.5467	0.0107	2.6530
93.7255	1.5458	0.0093	2.7215
93.8779	1.5544	0.0150	2.7782
94.0303	1.5515	0.0111	2.7713
94.1827	1.5536	0.0105	2.7342
94.3351	1.5520	0.0031	2.7190
94.4875	1.5601	0.0053	2.7880
94.6399	1.5630	0.0058	2.8375
94.7923	1.5705	0.0073	2.9045
94.9447	1.5760	0.0055	2.8939
95.0971	1.5838	0.0043	2.8896
95.2495	1.5864	0.0055	2.8842
95.4019	1.5845	0.0028	2.8896
95.5543	1.5789	-0.0004	2.8841
95.7067	1.5760	0.0026	2.9444
95.8591	1.5819	0.0057	2.9580
96.0115	1.5843	0.0089	2.9098
96.1639	1.5673	0.0042	2.7285
96.3163	1.5303	0.0044	2.5864
96.4687	1.4970	0.0049	2.4468
96.6211	1.4817	0.0107	2.4348
96.7735	1.4792	0.0140	2.4196
96.9259	1.4815	0.0188	2.4638
97.0783	1.4897	0.0290	2.4204
97.2307	1.4881	0.0353	2.4036
97.3831	1.4895	0.0408	2.4165
97.5355	1.4805	0.0332	2.4439
97.6879	1.4804	0.0323	2.4952
97.8403	1.4763	0.0276	2.4437
97.9927	1.4795	0.0302	2.4007
98.1451	1.4851	0.0319	2.4023
98.2975	1.4851	0.0320	2.4156
98.4499	1.4795	0.0299	2.4671
98.6023	1.4671	0.0215	2.4238
98.7547	1.4681	0.0219	2.4469
98.9071	1.4670	0.0185	2.4409
99.0595	1.4713	0.0235	2.4833
99.2119	1.4743	0.0253	2.5135
99.3643	1.4788	0.0327	2.5106
99.5167	1.4791	0.0341	2.4550
99.6691	1.4726	0.0312	2.4015
99.8215	1.4730	0.0269	2.3432
99.9739	1.4798	0.0252	2.3591
100.1263	1.4849	0.0243	2.3523
100.2787	1.4838	0.0229	2.4134
100.4311	1.4794	0.0214	2.4206
100.5835	1.4783	0.0209	2.4457
100.7359	1.4723	0.0147	2.4337
100.8883	1.4657	0.0098	2.4233
101.0407	1.4646	0.0123	2.4111
101.1931	1.4650	0.0154	2.4031
101.3455	1.4704	0.0213	2.3470
101.4979	1.4690	0.0218	2.3142
101.6503	1.4607	0.0246	2.2917
101.8027	1.4706	0.0353	2.3848
101.9551	1.4777	0.0333	2.4531
102.1075	1.4942	0.0325	2.4956
102.2599	1.4929	0.0234	2.4927
102.4123	1.5019	0.0299	2.4923
102.5647	1.5126	0.0366	2.4655
102.7171	1.5122	0.0343	2.4648
102.8695	1.5039	0.0270	2.4500
103.0219	1.4979	0.0219	2.4405
103.1743	1.4987	0.0184	2.4154
103.3267	1.4990	0.0153	2.4154
103.4791	1.4960	0.0141	2.4675
103.6315	1.4935	0.0177	2.4464
103.7839	1.4862	0.0204	2.4697
103.9363	1.4873	0.0263	2.4772
104.0887	1.4875	0.0258	2.5485
104.2411	1.4970	0.0253	2.5538
104.3935	1.4995	0.0199	2.5591
104.5459	1.4968	0.0168	2.5173
104.6983	1.4929	0.0152	2.5218
104.8507	1.4933	0.0146	2.5119
105.0031	1.5028	0.0205	2.5370
105.1555	1.5055	0.0207	2.5745
105.3079	1.5004	0.0159	2.6746
105.4603	1.4986	0.0118	2.7309
105.6127	1.4972	0.0128	2.7205
105.7651	1.5203	0.0351	2.6113
105.9175	1.5287	0.0485	2.5365
106.0699	1.5394	0.0634	2.5137
106.2223	1.5220	0.0533	2.5773
106.3747	1.5209	0.0468	2.5827
106.5271	1.5146	0.0348	2.5791
106.6795	1.5250	0.0327	2.5221
106.8319	1.5277	0.0323	2.6063
106.9843	1.5240	0.0228	2.5815
107.1367	1.5094	0.0110	2.5740
107.2891	1.5021	0.0095	2.5645
107.4415	1.5032	0.0157	2.6386
107.5939	1.5035	0.0228	2.6815
107.7463	1.4989	0.0228	2.6583
107.8987	1.4894	0.0255	2.5456
108.0511	1.4936	0.0398	2.4463
108.2035	1.5025	0.0621	2.3398
108.3559	1.5169	0.0779	2.3241
108.5083	1.5061	0.0637	2.3347
108.6607	1.4965	0.0482	2.3703
108.8131	1.4827	0.0333	2.3785
108.9655	1.4835	0.0382	2.3516
109.1179	1.4813	0.0404	2.3380
109.2703	1.4874	0.0486	2.3268
109.4227	1.4921	0.0534	2.3271
109.5751	1.5053	0.0535	2.3569
109.7275	1.5183	0.0504	2.4432
109.8799	1.5384	0.0455	2.5510
110.0323	1.5357	0.0315	2.5433
110.1847	1.5269	0.0220	2.4900
110.3371	1.5143	0.0168	2.4393
110.4895	1.5150	0.0226	2.4681
110.6419	1.5246	0.0356	2.4397
110.7943	1.5443	0.0568	2.4038
110.9467	1.5426	0.0584	2.3600
111.0991	1.5447	0.0594	2.3455
111.2515	1.5217	0.0379	2.3506
111.4039	1.5241	0.0379	2.3809
111.5563	1.5209	0.0321	2.5056
111.7087	1.5466	0.0417	2.6122
111.8611	1.5534	0.0268	2.6707
112.0135	1.5635	0.0166	2.6846
112.1659	1.5590	0.0033	2.7186
112.3183	1.5678	0.0132	2.7229
112.4707	1.5797	0.0255	2.7207
112.6231	1.5983	0.0431	2.7193
112.7755	1.5950	0.0351	2.7077
112.9279	1.5870	0.0249	2.6767
113.0803	1.5842	0.0212	2.6480
113.2327	1.5862	0.0262	2.6624
113.3851	1.5904	0.0304	2.6929
113.5375	1.5834	0.0239	2.7345
113.6899	1.5846	0.0191	2.7831
113.8423	1.5787	0.0113	2.8433
113.9947	1.5742	0.0063	2.8816
114.1471	1.5713	0.0099	2.8403
114.2995	1.5693	0.0204	2.7183
114.4519	1.5896	0.0487	2.6725
114.6043	1.5948	0.0534	2.6983
114.7567	1.5935	0.0357	2.7749
114.9091	1.5794	0.0105	2.8511
115.0615	1.5770	0.0017	2.8826
115.2139	1.5822	0.0018	2.9301
115.3663	1.5852	0.0043	2.8907
115.5187	1.6008	0.0176	2.8363
115.6711	1.5948	0.0191	2.8065
115.8235	1.6041	0.0275	2.8044
115.9759	1.6135	0.0356	2.8862
116.1283	1.6219	0.0391	2.9572
116.2807	1.6276	0.0374	3.0014
116.4331	1.6258	0.0315	2.9568
116.5855	1.6194	0.0268	2.9388
116.7379	1.6106	0.0244	2.8597
116.8903	1.6029	0.0229	2.8555
117.0427	1.6055	0.0315	2.7688
117.1951	1.5898	0.0234	2.8104
117.3475	1.5810	0.0209	2.7975
117.4999	1.5734	0.0120	2.8077
117.6523	1.5834	0.0182	2.7823
117.8047	1.5948	0.0211	2.8191
117.9571	1.6060	0.0234	2.8732
118.1095	1.6221	0.0312	2.9247
118.2619	1.6300	0.0360	2.9095
118.4143	1.6452	0.0550	2.8471
118.5667	1.6396	0.0512	2.8263
118.7191	1.6436	0.0567	2.8324
118.8715	1.6293	0.0443	2.8743
119.0239	1.6358	0.0530	2.9170
119.1763	1.6188	0.0364	2.8798
119.3287	1.6138	0.0311	2.8352
119.4811	1.5955	0.0154	2.7610
119.6335	1.5769	0.0144	2.7503
119.7859	1.5695	0.0175	2.7789
119.9383	1.5653	0.0219	2.7524
120.0907	1.5725	0.0271	2.7138
120.2431	1.5663	0.0201	2.6774
120.3955	1.5610	0.0111	2.6422
120.5479	1.5541	0.0063	2.6655
120.7003	1.5553	0.0083	2.6873
120.8527	1.5531	0.0114	2.7502
121.0051	1.5558	0.0054	2.9297
121.1575	1.5753	0.0045	3.1292
121.3099	1.5915	0.0026	3.1489
121.4623	1.6043	0.0044	3.0178
121.6147	1.5901	-0.0007	2.8369
121.7671	1.5956	0.0063	2.8133
121.9195	1.5970	0.0082	2.7896
122.0719	1.5997	0.0127	2.7874
122.2243	1.5760	0.0066	2.7642
122.3767	1.5608	0.0100	2.7223
122.5291	1.5558	0.0154	2.7138
122.6815	1.5645	0.0226	2.6864
122.8339	1.5611	0.0227	2.6530
122.9863	1.5551	0.0206	2.5779
123.1387	1.5480	0.0155	2.6064
123.2911	1.5542	0.0143	2.6543
123.4435	1.5571	0.0128	2.7258
123.5959	1.5604	0.0136	2.7377
123.7483	1.5545	0.0087	2.7434
123.9007	1.5535	0.0057	2.7170
124.0531	1.5492	0.0015	2.6676
124.2055	1.5444	0.0042	2.6644
124.3579	1.5327	0.0023	2.6760
124.5103	1.5276	0.0050	2.7366
124.6627	1.5379	0.0045	2.8083
124.8151	1.5505	0.0041	2.8337
124.9675	1.5631	0.0056	2.8105
125.1199	1.5538	-0.0014	2.7289
125.2723	1.5490	-0.0028	2.7548
125.4247	1.5483	-0.0013	2.7851
125.5771	1.5502	0.0036	2.7523
125.7295	1.5618	0.0164	2.7698
125.8819	1.5816	0.0326	2.7698
126.0343	1.5811	0.0327	2.8214
126.1867	1.5695	0.0219	2.7615
126.3391	1.5492	0.0071	2.7463
126.4915	1.5467	-0.0002	2.7059
126.6439	1.5452	-0.0027	2.7119
126.7963	1.5612	0.0060	2.7081
126.9487	1.5728	0.0118	2.8142
127.1011	1.5786	0.0145	2.8138
127.2535	1.5720	0.0113	2.8763
127.4059	1.5677	0.0093	2.8430
127.5583	1.5533	0.0044	2.9473
127.7107	1.5464	0.0089	2.8658
127.8631	1.5221	0.0038	2.7524
128.0155	1.5215	0.0112	2.6873
128.1679	1.5195	0.0055	2.6926
128.3203	1.5389	0.0106	2.8050
128.4727	1.5519	0.0120	2.8144
128.6251	1.5615	0.0237	2.7739
128.7775	1.5683	0.0383	2.7217
128.9299	1.5769	0.0533	2.6500
129.0823	1.5745	0.0538	2.6865
129.2347	1.5738	0.0509	2.6979
129.3871	1.5670	0.0360	2.6951
129.5395	1.5662	0.0258	2.6664
129.6919	1.5578	0.0100	2.6329
129.8443	1.5544	0.0076	2.6098
129.9967	1.5648	0.0172	2.6578
130.1491	1.5821	0.0367	2.6795
130.3015	1.5744	0.0290	2.7575
130.4539	1.5808	0.0279	2.7756
130.6063	1.5789	0.0181	2.8317
130.7587	1.6098	0.0429	2.8312
130.9111	1.6091	0.0459	2.8211
131.0635	1.6111	0.0528	2.8474
131.2159	1.5955	0.0359	2.8994
131.3683	1.5757	0.0143	2.8636
131.5207	1.5628	0.0040	2.8119
131.6731	1.5596	0.0040	2.7723
131.8255	1.5679	0.0096	2.7978
131.9779	1.5735	0.0093	2.8660
132.1303	1.5747	0.0073	2.8598
132.2827	1.5747	0.0116	2.8720
132.4351	1.5820	0.0195	2.8556
132.5875	1.5799	0.0203	2.8593
132.7399	1.5657	0.0174	2.8991
132.8923	1.5760	0.0435	2.7955
133.0447	1.5909	0.0740	2.9021
133.1971	1.6218	0.0984	3.1590
133.3495	1.6136	0.0594	3.5784
133.5019	1.6158	0.0283	3.5631
133.6543	1.6161	0.0109	3.1950
133.8067	1.6013	0.0136	2.8336
133.9591	1.5779	0.0050	2.6581
134.1115	1.5617	-0.0007	2.6929
134.2639	1.5653	0.0061	2.7054
134.4163	1.5617	0.0050	2.7284
134.5687	1.5592	0.0069	2.6990
134.7211	1.5572	0.0098	2.7232
134.8735	1.5453	0.0043	2.7492
135.0259	1.5316	-0.0002	2.7062
135.1783	1.5220	0.0009	2.6668
135.3307	1.5085	-0.0041	2.5804
135.4831	1.5073	-0.0023	2.6351
135.6355	1.5148	0.0009	2.5882
135.7879	1.5245	0.0002	2.6737
135.9403	1.5360	0.0023	2.7008
136.0927	1.5364	-0.0015	2.7332
136.2451	1.5428	0.0054	2.7145
136.3975	1.5361	0.0006	2.7457
136.5499	1.5408	0.0031	2.7011
136.7023	1.5230	-0.0027	2.6644
136.8547	1.5078	-0.0012	2.5772
137.0071	1.4901	-0.0041	2.6754
137.1595	1.5004	-0.0018	2.7248
137.3119	1.5150	0.0012	2.7935
137.4643	1.5247	0.0023	2.7546
137.6167	1.5207	0.0049	2.7422
137.7691	1.5275	0.0083	2.7188
137.9215	1.5550	0.0271	2.7143
138.0739	1.5791	0.0432	2.7415
138.2263	1.5928	0.0568	2.7447
138.3787	1.5733	0.0451	2.7704
138.5311	1.5597	0.0336	2.7764
138.6835	1.5641	0.0264	2.7767
138.8359	1.5682	0.0154	2.7339
138.9883	1.5671	0.0127	2.7118
139.1407	1.5470	0.0081	2.6344
139.2931	1.5280	0.0114	2.6316
139.4455	1.5257	0.0113	2.6336
139.5979	1.5199	0.0071	2.7151
139.7503	1.5316	0.0122	2.7412
139.9027	1.5473	0.0229	2.7732
140.0551	1.5595	0.0293	2.7809
140.2075	1.5713	0.0325	2.8225
140.3599	1.5644	0.0210	2.7478
140.5123	1.5755	0.0272	2.7157
140.6647	1.5808	0.0237	2.6804
140.8171	1.5812	0.0183	2.7722
140.9695	1.5779	0.0085	2.8675
141.1219	1.5742	0.0083	2.8796
141.2743	1.5815	0.0162	2.8231
141.4267	1.5864	0.0225	2.7239
141.5791	1.5816	0.0197	2.6852
141.7315	1.5772	0.0178	2.7383
141.8839	1.5654	0.0092	2.7922
142.0363	1.5590	0.0042	2.8814
142.1887	1.5541	0.0014	2.8896
142.3411	1.5575	0.0036	2.8442
142.4935	1.5597	0.0038	2.8285
142.6459	1.5638	0.0049	2.7669
142.7983	1.5677	0.0074	2.8087
142.9507	1.5769	0.0120	2.8110
143.1031	1.5728	0.0086	2.8305
143.2555	1.5614	0.0007	2.7939
143.4079	1.5526	0.0005	2.7279
143.5603	1.5440	0.0006	2.6876
143.7127	1.5464	0.0084	2.6909
143.8651	1.5369	0.0058	2.7089
144.0175	1.5351	0.0121	2.7211
144.1699	1.5223	0.0048	2.7542
144.3223	1.5312	0.0054	2.7948
144.4747	1.5401	-0.0002	2.8433
144.6271	1.5542	0.0013	2.8109
144.7795	1.5532	0.0012	2.7347
144.9319	1.5404	0.0031	2.6624
145.0843	1.5316	0.0046	2.6153
145.2367	1.5261	0.0069	2.6254
145.3891	1.5305	0.0061	2.6568
145.5415	1.5362	0.0101	2.7303
145.6939	1.5367	0.0088	2.7482
145.8463	1.5338	0.0059	2.7020
145.9987	1.5270	0.0026	2.6619
146.1511	1.5244	0.0063	2.6521
146.3035	1.5198	0.0094	2.7014
146.4559	1.5285	0.0150	2.7269
146.6083	1.5413	0.0195	2.7102
146.7607	1.5524	0.0211	2.6847
146.9131	1.5469	0.0155	2.6820
147.0655	1.5403	0.0103	2.7051
147.2179	1.5382	0.0108	2.7429
147.3703	1.5326	0.0146	2.7625
147.5227	1.5278	0.0272	2.7436
147.6751	1.5396	0.0537	2.7350
147.8275	1.5581	0.0769	2.7199
147.9799	1.5707	0.0738	2.6890
148.1323	1.5622	0.0522	2.6609
148.2847	1.5447	0.0267	2.6305
148.4371	1.5412	0.0238	2.6885
148.5895	1.5260	0.0129	2.7044
148.7419	1.5194	0.0082	2.6969
148.8943	1.5025	-0.0013	2.6742
149.0467	1.5073	0.0048	2.6621
149.1991	1.5293	0.0130	2.7154
149.3515	1.5442	0.0119	2.7593
149.5039	1.5657	0.0148	2.8256
149.6563	1.5615	0.0090	2.8383
149.8087	1.5655	0.0152	2.8141
149.9611	1.5596	0.0139	2.7518
150.1135	1.5591	0.0180	2.7058
150.2659	1.5481	0.0115	2.6594
150.4183	1.5461	0.0129	2.6585
150.5707	1.5475	0.0203	2.6297
150.7231	1.5644	0.0399	2.6399
150.8755	1.5833	0.0572	2.6512
151.0279	1.5648	0.0417	2.6447
151.1803	1.5338	0.0217	2.6097
151.3327	1.5008	0.0025	2.5931
151.4851	1.4994	-0.0021	2.6995
151.6375	1.5175	-0.0047	2.8173
151.7899	1.5541	0.0053	2.9089
151.9423	1.5700	0.0007	2.8808
152.0947	1.5794	0.0024	2.8714
152.2471	1.5816	0.0102	2.8152
152.3995	1.5783	0.0123	2.8013
152.5519	1.5746	0.0132	2.8302
152.7043	1.5685	0.0114	2.9029
152.8567	1.5611	0.0107	2.8980
153.0091	1.5515	0.0073	2.8486
153.1615	1.5403	0.0019	2.7368
153.3139	1.5279	-0.0005	2.7035
153.4663	1.5243	0.0032	2.6930
153.6187	1.5255	0.0071	2.7151
153.7711	1.5231	0.0023	2.6660
153.9235	1.5151	-0.0049	2.6767
154.0759	1.5188	-0.0049	2.6996
154.2283	1.5222	-0.0059	2.7458
154.3807	1.5341	0.0003	2.7095
154.5331	1.5336	-0.0002	2.6662
154.6855	1.5353	0.0039	2.6327
154.8379	1.5311	0.0032	2.6551
154.9903	1.5316	0.0047	2.7039
155.1427	1.5429	0.0114	2.7340
155.2951	1.5489	0.0171	2.7198
155.4475	1.5494	0.0219	2.6260
155.5999	1.5254	0.0127	2.6344
155.7523	1.5088	0.0086	2.6417
155.9047	1.4977	0.0069	2.6386
156.0571	1.4976	0.0160	2.5469
156.2095	1.4914	0.0144	2.4880
156.3619	1.4931	0.0164	2.5619
156.5143	1.5004	0.0124	2.6614
156.6667	1.5162	0.0108	2.7173
156.8191	1.5378	0.0065	2.6927
156.9715	1.5497	-0.0018	2.7594
157.1239	1.5649	0.0048	2.8326
157.2763	1.5524	0.0015	2.9127
157.4287	1.5353	-0.0021	2.8458
157.5811	1.5222	0.0070	2.7912
157.7335	1.5076	0.0121	2.6584
157.8859	1.4996	0.0145	2.6091
158.0383	1.5076	0.0183	2.6049
158.1907	1.5303	0.0213	2.6588
158.3431	1.5570	0.0216	2.6573
158.4955	1.5732	0.0123	2.7229
158.6479	1.5757	0.0002	2.8065
158.8003	1.5873	0.0059	2.9228
158.9527	1.5780	-0.0034	2.8217
159.1051	1.5739	0.0018	2.7167
159.2575	1.5767	0.0114	2.7124
159.4099	1.5768	0.0083	2.8651
159.5623	1.5875	0.0077	2.9931
159.7147	1.5772	0.0005	2.9782
159.8671	1.5745	0.0091	2.9019
160.0195	1.5820	0.0325	2.8031
160.1719	1.5819	0.0506	2.7212
160.3243	1.5721	0.0656	2.6654
160.4767	1.5286	0.0419	2.7366
160.6291	1.5130	0.0319	2.8011
160.7815	1.4968	0.0162	2.7764
160.9339	1.4968	0.0146	2.6912
161.0863	1.4996	0.0164	2.6401
161.2387	1.5113	0.0238	2.6356
161.3911	1.5126	0.0237	2.5755
161.5435	1.5062	0.0169	2.5571
161.6959	1.5019	0.0097	2.5519
161.8483	1.5165	0.0212	2.5975
162.0007	1.5232	0.0269	2.5838
162.1531	1.5213	0.0243	2.6193
162.3055	1.5143	0.0180	2.6174
162.4579	1.5207	0.0244	2.6063
162.6103	1.5296	0.0326	2.5662
162.7627	1.5311	0.0327	2.4895
162.9151	1.5093	0.0182	2.4322
163.0675	1.4951	0.0139	2.3899
163.2199	1.4868	0.0145	2.3820
163.3723	1.4894	0.0172	2.4828
163.5247	1.4958	0.0173	2.5459
163.6771	1.4998	0.0127	2.6610
163.8295	1.5072	0.0128	2.6170
163.9819	1.4992	0.0031	2.6390
164.1343	1.5025	0.0054	2.5721
164.2867	1.5035	0.0078	2.5759
164.4391	1.5148	0.0142	2.5606
164.5915	1.5156	0.0116	2.6059
164.7439	1.5216	0.0088	2.6800
164.8963	1.5377	0.0148	2.6882
165.0487	1.5509	0.0194	2.7234
165.2011	1.5576	0.0170	2.6902
165.3535	1.5478	0.0091	2.6985
165.5059	1.5423	0.0073	2.6568
165.6583	1.5386	0.0086	2.6436
165.8107	1.5393	0.0095	2.6446
165.9631	1.5405	0.0052	2.7083
166.1155	1.5483	0.0092	2.7258
166.2679	1.5493	0.0080	2.7813
166.4203	1.5444	0.0075	2.7482
166.5727	1.5304	0.0024	2.7512
166.7251	1.5256	0.0043	2.6950
166.8775	1.5254	0.0096	2.6844
167.0299	1.5307	0.0112	2.6418
167.1823	1.5312	0.0120	2.6617
167.3347	1.5345	0.0104	2.6652
167.4871	1.5223	0.0058	2.7192
167.6395	1.5257	0.0099	2.6473
167.7919	1.5193	0.0070	2.6635
167.9443	1.5297	0.0114	2.6138
168.0967	1.5213	0.0022	2.6744
168.2491	1.5272	0.0032	2.6733
168.4015	1.5330	0.0060	2.7297
168.5539	1.5443	0.0167	2.7359
168.7063	1.5531	0.0293	2.6895
168.8587	1.5695	0.0500	2.6087
169.0111	1.5651	0.0463	2.6034
169.1635	1.5632	0.0356	2.7032
169.3159	1.5515	0.0133	2.8122
169.4683	1.5577	0.0108	2.8350
169.6207	1.5553	0.0123	2.7727
169.7731	1.5656	0.0251	2.7268
169.9255	1.5717	0.0331	2.7257
170.0779	1.5791	0.0404	2.7335
170.2303	1.5683	0.0346	2.6798
170.3827	1.5525	0.0210	2.6702
170.5351	1.5420	0.0103	2.7039
170.6875	1.5414	0.0062	2.7871
170.8399	1.5507	0.0119	2.7803
170.9923	1.5589	0.0185	2.7684
171.1447	1.5671	0.0211	2.7538
171.2971	1.5692	0.0211	2.7534
171.4495	1.5723	0.0224	2.7716
171.6019	1.5629	0.0209	2.8106
171.7543	1.5517	0.0213	2.8084
171.9067	1.5324	0.0115	2.7915
172.0591	1.5305	0.0056	2.7148
172.2115	1.5390	0.0059	2.6792
172.3639	1.5472	0.0113	2.5836
172.5163	1.5500	0.0192	2.6076
172.6687	1.5422	0.0138	2.6480
172.8211	1.5364	0.0107	2.7078
172.9735	1.5289	0.0050	2.7139
173.1259	1.5268	0.0073	2.6643
173.2783	1.5217	0.0048	2.6624
173.4307	1.5241	0.0077	2.6295
173.5831	1.5302	0.0130	2.6582
173.7355	1.5305	0.0134	2.6257
173.8879	1.5156	0.0081	2.6291
174.0403	1.5025	0.0049	2.5909
174.1927	1.5036	0.0102	2.5967
174.3451	1.5105	0.0123	2.5791
174.4975	1.5106	0.0061	2.5932
174.6499	1.5045	0.0025	2.5997
174.8023	1.4965	0.0025	2.5969
174.9547	1.4949	0.0054	2.5991
175.1071	1.5030	0.0083	2.6017
175.2595	1.5136	0.0108	2.6075
175.4119	1.5260	0.0154	2.6443
175.5643	1.5278	0.0113	2.6275
175.7167	1.5318	0.0084	2.6589
175.8691	1.5338	0.0104	2.6108
176.0215	1.5328	0.0118	2.6339
176.1739	1.5328	0.0137	2.6228
176.3263	1.5282	0.0075	2.6769
176.4787	1.5290	0.0062	2.7139
176.6311	1.5287	0.0052	2.6701
176.7835	1.5223	-0.0006	2.6415
176.9359	1.5284	0.0058	2.6281
177.0883	1.5294	0.0072	2.6851
177.2407	1.5414	0.0194	2.7083
177.3931	1.5481	0.0235	2.7124
177.5455	1.5586	0.0304	2.7272
177.6979	1.5668	0.0322	2.7611
177.8503	1.5635	0.0250	2.7762
178.0027	1.5531	0.0150	2.7737
178.1551	1.5465	0.0098	2.7430
178.3075	1.5450	0.0100	2.6933
178.4599	1.5429	0.0121	2.6554
178.6123	1.5321	0.0091	2.6152
178.7647	1.5239	0.0062	2.6596
178.9171	1.5316	0.0082	2.7249
179.0695	1.5395	0.0063	2.8275
179.2219	1.5445	0.0066	2.9189
179.3743	1.5377	0.0039	2.9125
179.5267	1.5453	0.0165	2.8097
179.6791	1.5375	0.0171	2.6875
179.8315	1.5315	0.0167	2.6667
179.9839	1.5295	0.0201	2.7012
180.1363	1.5408	0.0310	2.6771
180.2887	1.5480	0.0414	2.5880
180.4411	1.5248	0.0241	2.5150
180.5935	1.5203	0.0212	2.4910
180.7459	1.5122	0.0124	2.5360
180.8983	1.5177	0.0146	2.5570
181.0507	1.5058	0.0042	2.5992
181.2031	1.5057	0.0065	2.6263
181.3555	1.5078	0.0107	2.6688
181.5079	1.5195	0.0168	2.7097
181.6603	1.5386	0.0251	2.7276
181.8127	1.5514	0.0263	2.7102
181.9651	1.5581	0.0264	2.7268
182.1175	1.5616	0.0234	2.7736
182.2699	1.5513	0.0122	2.8297
182.4223	1.5452	0.0134	2.7929
182.5747	1.5396	0.0174	2.7171
182.7271	1.5538	0.0346	2.7091
182.8795	1.5510	0.0293	2.7404
183.0319	1.5466	0.0181	2.7379
183.1843	1.5409	0.0069	2.6861
183.3367	1.5515	0.0097	2.6729
183.4891	1.5466	-0.0008	2.7224
183.6415	1.5489	-0.0033	2.7937
183.7939	1.5609	0.0034	2.7580
183.9463	1.5597	-0.0014	2.8169
184.0987	1.5714	0.0054	2.8085
184.2511	1.5951	0.0258	2.9116
184.4035	1.6412	0.0586	2.9432
184.5559	1.6497	0.0564	3.0012
184.7083	1.6572	0.0485	3.0421
184.8607	1.6421	0.0270	3.0002
185.0131	1.6396	0.0211	3.0185
185.1655	1.6208	0.0138	3.0296
185.3179	1.6005	0.0100	3.0705
185.4703	1.5869	0.0065	3.0389
185.6227	1.5794	0.0014	2.9314
185.7751	1.5731	-0.0005	2.7899
185.9275	1.5596	-0.0025	2.7516
186.0799	1.5744	0.0190	2.7749
186.2323	1.5915	0.0358	2.8134
186.3847	1.5975	0.0377	2.8312
186.5371	1.5803	0.0220	2.9348
186.6895	1.5872	0.0180	3.1057
186.8419	1.6056	0.0178	3.1645
186.9943	1.6108	0.0105	3.0581
187.1467	1.6002	0.0113	2.8978
187.2991	1.5785	0.0084	2.8196
187.4515	1.5773	0.0153	2.7737
187.6039	1.5674	0.0107	2.7489
187.7563	1.5751	0.0216	2.7181
187.9087	1.5753	0.0259	2.7055
188.0611	1.5876	0.0318	2.7704
188.2135	1.5822	0.0198	2.8228
188.3659	1.5777	0.0109	2.8744
188.5183	1.5715	0.0100	2.8503
188.6707	1.5714	0.0130	2.8712
188.8231	1.5687	0.0150	2.8573
188.9755	1.5759	0.0227	2.8473
189.1279	1.5775	0.0265	2.8257
189.2803	1.5810	0.0241	2.8592
189.4327	1.5854	0.0258	2.8791
189.5851	1.6080	0.0426	2.8287
189.7375	1.6161	0.0507	2.7848
189.8899	1.6088	0.0353	2.7846
190.0423	1.5929	0.0185	2.8243
190.1947	1.5948	0.0214	2.8415
190.3471	1.6092	0.0439	2.8249
190.4995	1.6273	0.0607	2.8877
190.6519	1.6521	0.0739	2.9281
190.8043	1.6548	0.0609	2.9983
190.9567	1.6481	0.0502	2.9244
191.1091	1.6223	0.0340	2.8940
191.2615	1.6250	0.0497	2.8152
191.4139	1.6354	0.0671	2.8369
191.5663	1.6580	0.0872	2.8695
191.7187	1.6584	0.0793	2.9117
191.8711	1.6482	0.0581	2.9289
192.0235	1.6278	0.0290	2.9160
192.1759	1.6268	0.0209	2.9423
192.3283	1.6328	0.0215	2.9495
192.4807	1.6374	0.0242	2.9570
192.6331	1.6275	0.0167	2.9266
192.7855	1.6234	0.0159	2.8685
192.9379	1.6292	0.0174	2.8633
193.0903	1.6428	0.0219	2.8980
193.2427	1.6478	0.0170	2.9900
193.3951	1.6459	0.0125	2.9723
193.5475	1.6371	0.0081	2.9527
193.6999	1.6411	0.0122	2.9853
193.8523	1.6494	0.0169	3.0193
194.0047	1.6530	0.0193	3.0185
194.1571	1.6547	0.0216	3.0097
194.3095	1.6512	0.0208	3.0410
194.4619	1.6549	0.0234	3.0961
194.6143	1.6613	0.0280	3.1351
194.7667	1.6851	0.0470	3.1766
194.9191	1.7068	0.0652	3.1358
195.0715	1.6888	0.0634	3.1055
195.2239	1.6768	0.0731	2.9772
195.3763	1.6742	0.0870	3.0059
195.5287	1.6956	0.1018	2.9573
195.6811	1.6692	0.0720	2.9479
195.8335	1.6535	0.0491	2.9240
195.9859	1.6436	0.0330	2.9428
196.1383	1.6524	0.0337	2.9888
196.2907	1.6536	0.0333	3.0294
196.4431	1.6522	0.0376	2.9942
196.5955	1.6444	0.0341	3.0499
196.7479	1.6380	0.0307	3.0295
196.9003	1.6289	0.0258	3.0605
197.0527	1.6403	0.0383	3.0227
197.2051	1.6385	0.0373	2.9837
197.3575	1.6463	0.0444	2.9704
197.5099	1.6386	0.0385	2.7947
197.6623	1.6206	0.0376	2.7021
197.8147	1.6145	0.0408	2.6837
197.9671	1.5938	0.0276	2.9626
198.1195	1.6166	0.0313	3.1338
198.2719	1.6369	0.0441	3.1716
198.4243	1.6965	0.0969	3.1144
198.5767	1.7251	0.1261	3.1474
198.7291	1.7035	0.0991	3.1817
198.8815	1.6900	0.0763	3.1595
199.0339	1.6626	0.0561	3.1905
199.1863	1.6804	0.0774	3.1480
199.3387	1.6746	0.0752	3.1199
199.4911	1.6868	0.0759	2.9845
199.6435	1.6832	0.0657	2.9700
199.7959	1.6812	0.0556	2.9177
199.9483	1.6712	0.0436	2.9816
200.1007	1.6544	0.0231	3.0086
200.2531	1.6375	0.0160	2.9849
200.4055	1.6440	0.0368	2.8334
200.5579	1.6630	0.0586	2.7369
200.7103	1.6639	0.0504	2.8800
200.8627	1.6432	0.0148	3.0961
201.0151	1.6348	0.0105	3.1388
201.1675	1.6142	0.0068	3.0338
201.3199	1.6392	0.0333	2.9963
201.4723	1.6641	0.0570	2.9524
201.6247	1.6525	0.0515	2.8840
201.7771	1.6162	0.0296	2.8818
201.9295	1.5933	0.0162	2.9927
202.0819	1.6061	0.0138	3.1194
202.2343	1.6036	0.0232	3.1306
202.3867	1.6015	0.0382	2.9627
202.5391	1.5753	0.0392	2.8741
202.6915	1.5793	0.0397	2.7832
202.8439	1.5727	0.0262	2.9278
202.9963	1.5773	0.0212	2.8462
203.1487	1.5798	0.0129	2.7214
203.3011	1.5735	0.0148	2.6046
203.4535	1.5825	0.0272	2.6592
203.6059	1.5708	0.0291	2.7655
203.7583	1.5673	0.0226	2.8032
203.9107	1.5575	0.0127	2.7463
204.0631	1.5630	0.0142	2.6792
204.2155	1.5806	0.0173	2.6902
204.3679	1.5955	0.0139	2.7621
204.5203	1.6115	0.0052	2.9068
204.6727	1.6295	0.0060	2.9571
204.8251	1.6322	0.0059	3.0767
204.9775	1.6462	0.0147	3.2481
205.1299	1.6670	0.0252	3.1744
205.2823	1.6726	0.0305	3.0531
205.4347	1.6536	0.0279	2.8790
205.5871	1.6211	0.0166	2.9008
205.7395	1.6190	0.0158	2.9222
205.8919	1.6192	0.0158	2.8931
206.0443	1.6186	0.0139	2.9027
206.1967	1.6167	0.0084	2.9100
206.3491	1.6160	0.0031	2.9410
206.5015	1.6165	0.0005	2.9482
206.6539	1.6165	-0.0000	2.9886
206.8063	1.6158	-0.0005	2.9732
206.9587	1.6289	0.0055	2.9949
207.1111	1.6468	0.0162	3.0386
207.2635	1.6517	0.0133	3.0763
207.4159	1.6284	0.0079	3.0099
207.5683	1.6417	0.0379	2.7694
207.7207	1.6433	0.0635	2.6214
207.8731	1.6447	0.0769	2.6178
208.0255	1.6077	0.0474	2.8159
208.1779	1.6084	0.0265	3.0426
208.3303	1.6436	0.0350	3.0427
208.4827	1.6636	0.0437	2.9983
208.6351	1.6786	0.0697	2.9423
208.7875	1.6664	0.0657	2.9480
208.9399	1.6515	0.0509	2.8746
209.0923	1.6179	0.0238	2.7752
209.2447	1.5912	0.0122	2.7172
209.3971	1.5782	0.0129	2.7068
209.5495	1.5730	0.0208	2.7798
209.7019	1.5685	0.0221	2.8178
209.8543	1.5638	0.0226	2.8404
210.0067	1.5655	0.0228	2.7680
210.1591	1.5843	0.0383	2.7050
210.3115	1.5848	0.0353	2.6984
210.4639	1.5713	0.0204	2.7542
210.6163	1.5469	0.0007	2.8372
210.7687	1.5504	0.0036	2.8999
210.9211	1.5567	0.0081	2.8949
211.0735	1.5675	0.0085	2.8307
211.2259	1.5833	0.0160	2.7603
211.3783	1.5989	0.0212	2.7890
211.5307	1.6074	0.0232	2.8521
211.6831	1.5989	0.0152	2.8506
211.8355	1.5960	0.0157	2.8119
211.9879	1.6005	0.0240	2.8291
212.1403	1.5941	0.0225	2.8660
212.2927	1.5745	0.0156	2.8680
212.4451	1.5674	0.0209	2.8104
212.5975	1.5959	0.0520	2.7861
212.7499	1.6166	0.0736	2.7932
212.9023	1.6256	0.0832	2.7653
213.0547	1.6015	0.0591	2.7595
213.2071	1.5905	0.0415	2.7401
213.3595	1.5680	0.0173	2.7060
213.5119	1.5472	0.0078	2.6831
213.6643	1.5402	0.0119	2.6605
213.8167	1.5365	0.0173	2.7561
213.9691	1.5443	0.0301	2.7723
214.1215	1.5180	0.0295	2.7666
214.2739	1.5077	0.0423	2.6685
214.4263	1.5004	0.0493	2.5962
214.5787	1.5291	0.0581	2.5398
214.7311	1.5502	0.0565	2.6541
214.8835	1.5723	0.0540	2.6525
215.0359	1.5905	0.0479	2.6978
215.1883	1.6101	0.0601	2.6054
215.3407	1.6045	0.0597	2.4869
215.4931	1.5791	0.0635	2.3775
215.6455	1.5618	0.0581	2.2629
215.7979	1.5713	0.0551	2.4788
215.9503	1.6160	0.0627	2.5994
216.1027	1.6719	0.0594	2.7595
216.2551	1.7177	0.0528	2.7784
216.4075	1.7195	0.0167	2.7443
216.5599	1.7319	0.0059	2.5994
216.7123	1.7194	0.0108	2.4778
216.8647	1.7566	0.0295	2.6411
217.0171	1.7764	0.0294	3.0270
217.1695	1.8077	0.0085	3.2097
217.3219	1.8049	0.0082	3.2167
217.4743	1.8210	0.0382	3.1930
217.6267	1.8650	0.0938	3.0031
217.7791	1.9102	0.1540	2.9017
217.9315	1.8994	0.1439	2.7616
218.0839	1.8293	0.0768	2.7582
218.2363	1.7919	0.0211	2.7431
218.3887	1.7953	0.0086	2.7944
218.5411	1.8225	0.0195	2.9446
218.6935	1.8341	0.0245	3.1447
218.8459	1.8218	0.0339	2.9270
218.9983	1.7693	0.0477	2.6889
219.1507	1.7595	0.0888	2.3787
219.3031	1.7396	0.0935	2.4427
219.4555	1.7753	0.1104	2.6936
219.6079	1.7911	0.1032	2.8013
219.7603	1.7688	0.1111	2.7333
219.9127	1.7238	0.1172	2.6487
220.0651	1.6452	0.0892	2.6638
220.2175	1.6149	0.0759	2.6284
220.3699	1.5839	0.0485	2.5647
220.5223	1.5883	0.0525	2.4583
220.6747	1.5860	0.0455	2.5246
220.8271	1.5820	0.0389	2.5553
220.9795	1.5648	0.0304	2.5605
221.1319	1.5732	0.0531	2.4378
221.2843	1.5819	0.0770	2.3746
221.4367	1.6156	0.0943	2.4335
221.5891	1.6282	0.0794	2.6871
221.7415	1.6360	0.0617	2.7722
221.8939	1.6136	0.0590	2.7558
222.0463	1.6066	0.0884	2.5556
222.1987	1.5855	0.0960	2.3844
222.3511	1.5761	0.0935	2.2834
222.5035	1.6335	0.0867	2.3850
222.6559	1.7108	0.0660	2.6841
222.8083	1.8489	0.0580	2.7813
222.9607	1.8900	0.0332	2.7000
223.1131	1.9458	0.0327	2.6916
223.2655	1.9213	0.0077	2.8229
223.4179	1.9521	0.0232	2.9845
223.5703	1.9726	0.0592	2.9371
223.7227	1.9623	0.0886	2.9379
223.8751	1.8727	0.0501	2.9335
224.0275	1.7964	0.0116	2.9130
224.1799	1.6996	0.0075	2.8402
224.3323	1.5942	0.0047	2.7368
224.4847	1.5191	0.0114	2.6754
224.6371	1.5313	0.0317	2.7198
224.7895	1.5560	0.0372	2.7090
224.9419	1.5457	0.0330	2.7034
225.0943	1.5224	0.0497	2.5869
225.2467	1.4888	0.0571	2.4888
225.3991	1.4853	0.0720	2.4365
225.5515	1.5216	0.0783	2.3499
225.7039	1.5646	0.0890	2.4479
225.8563	1.6378	0.1184	2.3971
226.0087	1.6399	0.1115	2.4311
226.1611	1.6206	0.1084	2.2830
226.3135	1.5915	0.1048	2.2305
226.4659	1.6034	0.1221	2.2829
226.6183	1.6387	0.1147	2.3786
226.7707	1.6822	0.1127	2.5171
226.9231	1.7140	0.1207	2.4132
227.0755	1.7081	0.1407	2.5198
227.2279	1.7313	0.1500	2.5664
227.3803	1.6968	0.1253	2.7350
227.5327	1.6728	0.1009	2.6857
227.6851	1.6124	0.0787	2.4876
227.8375	1.5957	0.0800	2.3951
227.9899	1.6216	0.0932	2.3735
228.1423	1.6566	0.0894	2.6018
228.2947	1.7058	0.0925	2.5660
228.4471	1.7206	0.0863	2.4750
228.5995	1.7513	0.1145	2.4210
228.7519	1.7320	0.0863	2.4935
228.9043	1.7397	0.0778	2.8440
229.0567	1.7506	0.0663	2.8716
229.2091	1.7545	0.0884	2.7788
229.3615	1.6502	0.0696	2.7343
229.5139	1.6142	0.0823	2.6163
229.6663	1.5677	0.0899	2.4670
229.8187	1.5485	0.0879	2.1798
229.9711	1.4792	0.0505	2.1809
230.1235	1.4627	0.0222	2.2286
230.2759	1.5107	0.0248	2.4005
230.4283	1.5610	0.0369	2.4705
230.5807	1.7040	0.0150	3.3818
230.7331	1.9068	0.0139	2.9211
230.8855	1.9602	0.0196	2.7480
231.0379	1.6972	0.0278	2.5223
231.1903	1.5552	0.0524	2.5438
231.3427	1.5197	0.0580	2.6584
231.4951	1.5959	0.0740	2.7566
231.6475	1.6642	0.1013	2.7801
231.7999	1.6851	0.1213	2.6659
231.9523	1.5695	0.0975	2.5234
232.1047	1.4857	0.0803	2.3682
232.2571	1.4478	0.0656	2.2469
232.4095	1.5108	0.0667	2.2385
232.5619	1.5478	0.0197	2.3034
232.7143	1.6174	0.0128	2.3263
232.8667	1.6074	-0.0092	2.6053
233.0191	1.6289	0.0025	2.8244
233.1715	1.6515	0.0109	2.9671
233.3239	1.6720	0.0066	2.8225
233.4763	1.7411	0.0504	2.8214
233.6287	1.8223	0.0882	2.9104
233.7811	1.8100	0.0766	3.0131
233.9335	1.8184	0.0883	2.9576
234.0859	1.8080	0.1185	2.9529
234.2383	1.8481	0.1742	2.8562
234.3907	1.8781	0.2106	2.6895
234.5431	1.9043	0.2289	2.6912
234.6955	1.8304	0.1888	2.6950
234.8479	1.7060	0.1225	2.7823
235.0003	1.6153	0.0855	2.6234
235.1527	1.5861	0.0703	2.4602
235.3051	1.6264	0.1048	2.3367
235.4575	1.6356	0.0946	2.4816
235.6099	1.6285	0.0642	2.6651
235.7623	1.6282	0.0300	2.9179
235.9147	1.6871	0.0404	2.8789
236.0671	1.7314	0.0592	2.7973
236.2195	1.7288	0.0607	2.7994
236.3719	1.6704	0.0335	2.8132
236.5243	1.6530	0.0311	2.8719
236.6767	1.6396	0.0238	2.7426
236.8291	1.6461	0.0308	2.6715
236.9815	1.6640	0.0336	2.6697
237.1339	1.6888	0.0408	2.7862
237.2863	1.7161	0.0388	3.0334
237.4387	1.7539	0.0254	3.3406
237.5911	1.7974	0.0109	3.3166
237.7435	1.8091	0.0016	3.3189
237.8959	1.6952	0.0151	3.1766
238.0483	1.5619	0.0062	2.9250
238.2007	1.4821	0.0179	2.7000
238.3531	1.4477	0.0271	2.5701
238.5055	1.4134	0.0155	2.5469
238.6579	1.3862	0.0161	2.4412
238.8103	1.3694	0.0165	2.3277
238.9627	1.3847	0.0318	2.1961
239.1151	1.4574	0.0497	2.2651
239.2675	1.5712	0.0474	2.5266
239.4199	1.6797	0.0298	2.9087
239.5723	1.7428	0.0200	3.1988
239.7247	1.7682	0.0415	3.0788
239.8771	1.7973	0.0834	2.8826
240.0295	1.7861	0.1189	2.5478
240.1819	1.7804	0.1459	2.3118
240.3343	1.7613	0.1454	2.2021
240.4867	1.7746	0.1313	2.2231
240.6391	1.7485	0.0743	2.4711
240.7915	1.7791	0.0375	2.7850
240.9439	1.8496	0.0216	2.8399
241.0963	1.8749	0.0698	2.7085
241.2487	1.8473	0.1216	2.6820
241.4011	1.8129	0.1687	2.7602
241.5535	1.8021	0.1445	2.8265
241.7059	1.7949	0.1040	2.8809
241.8583	1.7920	0.0628	3.0433
242.0107	1.7971	0.0287	3.2757
242.1631	1.8351	0.0554	3.1907
242.3155	1.8871	0.1219	2.8764
242.4679	1.9077	0.2028	2.4799
242.6203	1.8847	0.2150	2.4472
242.7727	1.8886	0.2043	2.6360
242.9251	1.8881	0.1707	2.9724
243.0775	1.9042	0.1672	3.0285
243.2299	1.8578	0.1482	2.8207
243.3823	1.8217	0.1573	2.5772
243.5347	1.7578	0.1292	2.4375
243.6871	1.7039	0.0866	2.5062
243.8395	1.7260	0.0522	2.9194
243.9919	1.7926	0.0364	2.7733
244.1443	1.8081	0.0249	2.6124
244.2967	1.6883	0.0214	2.4730
244.4491	1.6287	0.0510	2.3638
244.6015	1.6080	0.0870	2.3434
244.7539	1.7051	0.1238	2.3041
244.9063	1.7838	0.1059	2.6568
245.0587	1.8970	0.0829	2.9703
245.2111	1.9469	0.0500	3.1342
245.3635	1.9426	0.0398	2.9565
245.5159	1.9536	0.0659	2.8300
245.6683	1.9236	0.0754	2.7574
245.8207	1.8582	0.0801	2.8071
245.9731	1.8065	0.0944	2.8665
246.1255	1.8193	0.1458	2.9680
246.2779	1.8546	0.1848	2.9861
246.4303	1.8475	0.1788	2.7839
246.5827	1.7590	0.1545	2.4558
246.7351	1.5958	0.1145	2.2059
246.8875	1.4810	0.0807	1.9723
247.0399	1.4484	0.0680	2.0513
247.1923	1.5197	0.0785	2.2933
247.3447	1.5834	0.0677	2.6573
247.4971	1.5958	0.0182	2.9625
247.6495	1.6777	0.0156	3.3228
247.8019	1.7476	-0.0014	3.5058
247.9543	1.8490	0.0081	3.4421
248.1067	1.8576	0.0048	3.1773
248.2591	1.8088	0.0196	2.8912
248.4115	1.7159	0.0106	2.8375
248.5639	1.6392	0.0062	2.9553
248.7163	1.6366	0.0267	3.1949
248.8687	1.6392	0.0157	3.2330
249.0211	1.6579	0.0155	3.2053
249.1735	1.6737	0.0217	3.1764
249.3259	1.6627	0.0175	3.1093
249.4783	1.6517	0.0162	3.1398
249.6307	1.6423	0.0144	3.1912
249.7831	1.6467	0.0163	3.2867
249.9355	1.6709	0.0258	3.2786
250.0879	1.6788	0.0184	3.1427
250.2403	1.6826	0.0023	3.0827
250.3927	1.7002	0.0060	3.1847
250.5451	1.7042	-0.0066	3.2933
250.6975	1.7139	-0.0041	3.3724
250.8499	1.7115	0.0131	3.2086
251.0023	1.6768	0.0032	3.1251
251.1547	1.6607	0.0155	2.9736
251.3071	1.6463	0.0217	2.9861
251.4595	1.6367	0.0325	2.9895
251.6119	1.6294	0.0459	3.0890
251.7643	1.6152	0.0452	3.1510
251.9167	1.6222	0.0659	2.9627
252.0691	1.6495	0.0975	2.7380
252.2215	1.6759	0.1227	2.5100
252.3739	1.6490	0.0942	2.5761
252.5263	1.6232	0.0557	2.6418
252.6787	1.6279	0.0431	2.6777
252.8311	1.6782	0.0779	2.5132
252.9835	1.7064	0.1158	2.4612
253.1359	1.6972	0.1125	2.5169
253.2883	1.6408	0.0576	2.7584
253.4407	1.6167	0.0149	2.8528
253.5931	1.6334	0.0192	2.8353
253.7455	1.6563	0.0309	2.6865
253.8979	1.6474	0.0399	2.5910
254.0503	1.6426	0.0544	2.5820
254.2027	1.6261	0.0533	2.6530
254.3551	1.6327	0.0363	2.8703
254.5075	1.6396	0.0160	2.9337
254.6599	1.6468	0.0026	2.9529
254.8123	1.6498	0.0132	2.8766
254.9647	1.6294	0.0018	2.8682
255.1171	1.6344	0.0101	2.8515
255.2695	1.6405	0.0119	2.8445
255.4219	1.6417	0.0119	2.7282
255.5743	1.6494	0.0238	2.6630
255.7267	1.6698	0.0371	2.5426
255.8791	1.6793	0.0371	2.6283
256.0315	1.6861	0.0268	2.6944
256.1839	1.6428	0.0063	2.5720
256.3363	1.5942	0.0217	2.4856
256.4887	1.5979	0.0539	2.3222
256.6411	1.6112	0.0736	2.4231
256.7935	1.6403	0.0696	2.4039
256.9459	1.6162	0.0395	2.5181
257.0983	1.6080	0.0268	2.5332
257.2507	1.5903	0.0089	2.6066
257.4031	1.5797	0.0069	2.4544
257.5555	1.5727	0.0046	2.3666
257.7079	1.5914	0.0220	2.2504
257.8603	1.6199	0.0377	2.3523
258.0127	1.6445	0.0545	2.4536
258.1651	1.6554	0.0527	2.6021
258.3175	1.6355	0.0349	2.6532
258.4699	1.6187	0.0254	2.6772
258.6223	1.5952	0.0227	2.5565
258.7747	1.5509	0.0400	2.4148
258.9271	1.4896	0.0372	2.3907
259.0795	1.4797	0.0469	2.5033
259.2319	1.5231	0.0343	2.6827
259.3843	1.5944	0.0382	2.6081
259.5367	1.6217	0.0310	2.5612
259.6891	1.6217	0.0360	2.5346
259.8415	1.6234	0.0346	2.5345
259.9939	1.6266	0.0294	2.4651
260.1463	1.6204	0.0179	2.4874
260.2987	1.6255	0.0141	2.5371
260.4511	1.6368	0.0051	2.7378
260.6035	1.6596	0.0059	2.8357
260.7559	1.6842	0.0082	2.9167
260.9083	1.6926	0.0161	2.9043
261.0607	1.7022	0.0264	2.9602
261.2131	1.6960	0.0254	3.0635
261.3655	1.6845	0.0134	3.0408
261.5179	1.6741	0.0018	3.0444
261.6703	1.6885	0.0057	3.0238
261.8227	1.6967	0.0055	3.0825
261.9751	1.7022	0.0070	3.1792
262.1275	1.7041	0.0107	3.2700
262.2799	1.7027	0.0094	3.2836
262.4323	1.7192	0.0287	3.0148
262.5847	1.7464	0.0854	2.8204
262.7371	1.7544	0.1340	2.6608
262.8895	1.7258	0.1349	2.7262
263.0419	1.7235	0.1254	2.7729
263.1943	1.7309	0.1158	2.7851
263.3467	1.7360	0.1192	2.7707
263.4991	1.7107	0.1107	2.7462
263.6515	1.6920	0.1039	2.7738
263.8039	1.6799	0.0881	2.6745
263.9563	1.6536	0.0637	2.6096
264.1087	1.6627	0.0601	2.5808
264.2611	1.6609	0.0422	2.7773
264.4135	1.6758	0.0315	2.8339
264.5659	1.6508	0.0084	2.8773
264.7183	1.6457	0.0280	2.6973
264.8707	1.6606	0.0672	2.7037
265.0231	1.6841	0.0973	2.6904
265.1755	1.6739	0.0750	2.7240
265.3279	1.6507	0.0447	2.6429
265.4803	1.6183	0.0363	2.6183
265.6327	1.6314	0.0699	2.6560
265.7851	1.6376	0.0845	2.6751
265.9375	1.6354	0.0966	2.6187
266.0899	1.5552	0.0829	2.5818
266.2423	1.4864	0.0776	2.4704
266.3947	1.4431	0.0701	2.4220
266.5471	1.4717	0.0717	2.4426
266.6995	1.5525	0.0909	2.6226
266.8519	1.6118	0.0773	2.7119
267.0043	1.6419	0.0586	2.7324
267.1567	1.6290	0.0360	2.7965
267.3091	1.6244	0.0390	2.8387
267.4615	1.6236	0.0496	2.8891
267.6139	1.6190	0.0568	2.9014
267.7663	1.6344	0.0713	2.9337
267.9187	1.6335	0.0718	2.8786
268.0711	1.6313	0.0710	2.8683
268.2235	1.6248	0.0651	2.8864
268.3759	1.6238	0.0620	2.9156
268.5283	1.6217	0.0599	2.9328
268.6807	1.6233	0.0633	2.8670
268.8331	1.6238	0.0646	2.8741
268.9855	1.6302	0.0662	2.8653
269.1379	1.6360	0.0719	2.8704
269.2903	1.6421	0.0787	2.8367
269.4427	1.6419	0.0810	2.8168
269.5951	1.6441	0.0806	2.8239
269.7475	1.6419	0.0795	2.8446
269.8999	1.6457	0.0834	2.8045
270.0523	1.6403	0.0794	2.8377
270.2047	1.6372	0.0742	2.8721
270.3571	1.6312	0.0684	2.9519
270.5095	1.6289	0.0669	2.9184
270.6619	1.6363	0.0764	2.8614
270.8143	1.6420	0.0823	2.7731
270.9667	1.6381	0.0771	2.7634
271.1191	1.6364	0.0723	2.7771
271.2715	1.6282	0.0646	2.7626
271.4239	1.6287	0.0673	2.7710
271.5763	1.6188	0.0582	2.7862
271.7287	1.6269	0.0662	2.8443
271.8811	1.6236	0.0713	2.8638
272.0335	1.6211	0.0787	2.8640
272.1859	1.6088	0.0751	2.8640