HOLE:	1244D
LEG:	204
TOP:	0.0180
BOTTOM:	351.7572
DEPTH_LSF	DCAL
m	in
0.0180	0.1655
0.1704	0.1182
0.3228	0.4661
0.4752	1.8343
0.6276	2.0198
0.7800	1.9534
0.9324	2.0039
1.0848	1.9380
1.2372	1.7470
1.3896	1.4647
1.5420	1.3404
1.6944	1.0418
1.8468	0.9099
1.9992	0.4876
2.1516	0.3233
2.3040	0.3005
2.4564	0.2538
2.6088	0.3082
2.7612	0.3024
2.9136	0.3652
3.0660	0.3091
3.2184	0.2324
3.3708	0.2058
3.5232	0.3303
3.6756	0.2367
3.8280	0.1341
3.9804	0.2518
4.1328	0.3192
4.2852	0.1882
4.4376	0.1604
4.5900	0.1642
4.7424	0.2257
4.8948	0.2776
5.0472	0.2290
5.1996	0.5495
5.3520	0.9709
5.5044	1.2541
5.6568	1.4453
5.8092	1.5632
5.9616	1.6373
6.1140	1.7138
6.2664	1.6816
6.4188	1.5393
6.5712	1.2877
6.7236	1.0647
6.8760	1.2622
7.0284	1.4002
7.1808	1.7007
7.3332	1.6596
7.4856	1.5148
7.6380	0.8720
7.7904	0.4843
7.9428	0.6560
8.0952	1.1480
8.2476	1.5150
8.4000	1.6750
8.5524	1.7066
8.7048	1.8047
8.8572	1.8463
9.0096	2.0357
9.1620	2.0581
9.3144	1.9179
9.4668	1.8788
9.6192	1.8403
9.7716	1.8091
9.9240	1.5202
10.0764	1.3821
10.2288	1.2477
10.3812	1.3090
10.5336	1.3213
10.6860	1.3906
10.8384	1.4075
10.9908	1.3297
11.1432	1.0717
11.2956	0.8662
11.4480	0.7091
11.6004	0.7217
11.7528	0.7055
11.9052	0.5941
12.0576	0.5754
12.2100	0.5884
12.3624	0.6036
12.5148	0.6337
12.6672	0.4895
12.8196	0.4071
12.9720	0.3356
13.1244	0.6162
13.2768	0.9555
13.4292	1.2181
13.5816	1.0644
13.7340	0.9104
13.8864	0.8212
14.0388	0.8672
14.1912	1.0301
14.3436	1.0672
14.4960	1.1078
14.6484	1.1664
14.8008	1.3441
14.9532	1.5770
15.1056	1.6193
15.2580	1.7482
15.4104	1.6686
15.5628	1.5156
15.7152	1.6172
15.8676	1.6281
16.0200	1.7811
16.1724	1.7617
16.3248	1.9332
16.4772	1.8215
16.6296	1.8498
16.7820	1.8782
16.9344	1.6311
17.0868	1.5046
17.2392	1.4290
17.3916	1.6693
17.5440	1.8670
17.6964	1.9826
17.8488	1.8466
18.0012	1.7596
18.1536	1.7551
18.3060	1.6941
18.4584	1.7053
18.6108	1.7424
18.7632	1.8394
18.9156	1.7863
19.0680	1.8052
19.2204	1.8768
19.3728	1.8252
19.5252	1.7000
19.6776	1.6400
19.8300	1.7210
19.9824	1.6494
20.1348	1.6034
20.2872	1.5438
20.4396	1.6003
20.5920	1.5070
20.7444	1.0465
20.8968	0.7176
21.0492	0.9166
21.2016	1.4707
21.3540	1.6984
21.5064	1.6000
21.6588	1.2137
21.8112	0.8842
21.9636	0.8039
22.1160	1.0357
22.2684	1.3761
22.4208	1.2956
22.5732	0.9917
22.7256	0.8211
22.8780	0.9103
23.0304	0.9730
23.1828	0.9997
23.3352	0.9286
23.4876	0.9312
23.6400	1.0279
23.7924	1.0503
23.9448	1.1031
24.0972	0.9197
24.2496	0.8385
24.4020	0.5933
24.5544	0.2676
24.7068	0.3160
24.8592	0.6009
25.0116	0.5728
25.1640	0.3383
25.3164	0.4702
25.4688	0.7267
25.6212	0.8471
25.7736	0.9314
25.9260	1.1381
26.0784	1.4815
26.2308	1.6185
26.3832	1.6873
26.5356	1.6653
26.6880	1.4592
26.8404	1.1392
26.9928	0.6312
27.1452	0.5380
27.2976	0.6820
27.4500	1.0646
27.6024	1.2223
27.7548	1.2915
27.9072	1.2390
28.0596	1.1870
28.2120	1.2298
28.3644	1.2409
28.5168	1.1379
28.6692	1.0684
28.8216	0.9978
28.9740	0.9161
29.1264	0.9285
29.2788	1.1755
29.4312	1.5465
29.5836	1.5354
29.7360	1.4709
29.8884	1.4088
30.0408	1.4503
30.1932	1.4155
30.3456	1.4178
30.4980	1.3486
30.6504	1.1000
30.8028	0.8816
30.9552	0.6733
31.1076	0.6839
31.2600	0.6722
31.4124	0.7891
31.5648	0.9764
31.7172	1.1630
31.8696	1.0746
32.0220	0.8894
32.1744	0.8848
32.3268	0.8392
32.4792	0.7525
32.6316	0.8281
32.7840	0.8615
32.9364	0.9838
33.0888	1.0152
33.2412	1.0144
33.3936	0.9596
33.5460	0.9866
33.6984	1.1032
33.8508	1.2144
34.0032	1.2240
34.1556	1.1254
34.3080	0.9989
34.4604	1.0034
34.6128	1.0449
34.7652	0.9890
34.9176	1.0157
35.0700	0.8202
35.2224	0.5983
35.3748	0.3919
35.5272	0.3441
35.6796	0.3620
35.8320	0.4781
35.9844	0.5589
36.1368	0.4505
36.2892	0.5649
36.4416	0.5574
36.5940	0.5903
36.7464	0.6729
36.8988	0.9087
37.0512	1.0415
37.2036	1.0766
37.3560	0.9154
37.5084	0.7429
37.6608	0.7020
37.8132	0.6927
37.9656	0.7174
38.1180	0.5140
38.2704	0.4767
38.4228	0.4840
38.5752	0.6799
38.7276	0.6784
38.8800	0.6566
39.0324	0.6049
39.1848	0.6718
39.3372	0.6483
39.4896	0.6443
39.6420	0.5789
39.7944	0.6920
39.9468	0.7261
40.0992	0.6535
40.2516	0.5354
40.4040	0.4093
40.5564	0.3586
40.7088	0.2913
40.8612	0.1189
41.0136	0.1741
41.1660	0.3342
41.3184	0.4476
41.4708	0.6640
41.6232	0.9375
41.7756	1.0992
41.9280	0.9888
42.0804	0.8520
42.2328	0.7946
42.3852	0.8022
42.5376	0.8113
42.6900	0.9791
42.8424	1.1843
42.9948	1.2329
43.1472	1.0676
43.2996	0.7736
43.4520	0.6147
43.6044	0.4664
43.7568	0.3876
43.9092	0.2805
44.0616	0.3591
44.2140	0.5726
44.3664	0.7474
44.5188	0.6442
44.6712	0.3989
44.8236	0.1656
44.9760	0.3643
45.1284	0.5134
45.2808	0.5655
45.4332	0.5779
45.5856	0.4683
45.7380	0.3512
45.8904	0.6387
46.0428	0.9298
46.1952	1.0844
46.3476	1.2005
46.5000	1.1682
46.6524	1.2329
46.8048	1.3066
46.9572	1.2839
47.1096	1.0640
47.2620	0.7184
47.4144	0.5628
47.5668	0.6244
47.7192	0.6703
47.8716	0.5160
48.0240	0.4519
48.1764	0.5226
48.3288	0.4186
48.4812	0.3795
48.6336	0.3421
48.7860	0.3510
48.9384	0.3054
49.0908	0.3599
49.2432	0.4300
49.3956	0.4973
49.5480	0.4847
49.7004	0.4821
49.8528	0.4363
50.0052	0.4941
50.1576	0.5812
50.3100	0.6965
50.4624	0.8419
50.6148	0.8674
50.7672	0.8053
50.9196	0.5554
51.0720	0.5042
51.2244	0.5900
51.3768	0.8044
51.5292	0.8136
51.6816	0.7244
51.8340	0.5507
51.9864	0.5580
52.1388	0.5985
52.2912	0.6427
52.4436	0.5362
52.5960	0.4342
52.7484	0.3461
52.9008	0.3732
53.0532	0.3836
53.2056	0.2408
53.3580	0.2002
53.5104	0.3510
53.6628	0.3756
53.8152	0.7241
53.9676	0.8648
54.1200	0.7869
54.2724	0.5471
54.4248	0.4107
54.5772	0.3703
54.7296	0.3691
54.8820	0.4581
55.0344	0.4111
55.1868	0.3828
55.3392	0.4008
55.4916	0.4269
55.6440	0.3884
55.7964	0.3044
55.9488	0.3531
56.1012	0.4106
56.2536	0.3984
56.4060	0.2237
56.5584	0.4114
56.7108	0.5994
56.8632	0.5447
57.0156	0.4520
57.1680	0.3478
57.3204	0.3458
57.4728	0.4903
57.6252	0.4246
57.7776	0.3769
57.9300	0.3069
58.0824	0.3246
58.2348	0.2416
58.3872	0.1163
58.5396	0.1153
58.6920	0.1675
58.8444	0.2910
58.9968	0.4705
59.1492	0.5129
59.3016	0.4741
59.4540	0.2832
59.6064	0.2623
59.7588	0.1145
59.9112	0.0864
60.0636	0.2732
60.2160	0.3165
60.3684	0.2923
60.5208	0.2481
60.6732	0.2986
60.8256	0.3169
60.9780	0.3014
61.1304	0.2768
61.2828	0.1940
61.4352	0.2199
61.5876	0.2596
61.7400	0.4119
61.8924	0.4381
62.0448	0.4817
62.1972	0.4243
62.3496	0.3086
62.5020	0.1910
62.6544	0.1950
62.8068	0.3117
62.9592	0.4564
63.1116	0.4264
63.2640	0.3885
63.4164	0.2639
63.5688	0.2951
63.7212	0.4431
63.8736	0.6025
64.0260	0.5696
64.1784	0.4365
64.3308	0.4776
64.4832	0.4471
64.6356	0.3345
64.7880	0.2894
64.9404	0.3768
65.0928	0.5400
65.2452	0.4781
65.3976	0.3174
65.5500	0.2237
65.7024	0.1917
65.8548	0.1770
66.0072	0.2170
66.1596	0.2998
66.3120	0.3756
66.4644	0.3498
66.6168	0.2135
66.7692	0.2405
66.9216	0.3011
67.0740	0.3485
67.2264	0.2696
67.3788	0.1133
67.5312	0.1692
67.6836	0.3071
67.8360	0.3927
67.9884	0.3738
68.1408	0.3282
68.2932	0.3362
68.4456	0.3363
68.5980	0.2879
68.7504	0.2063
68.9028	0.2224
69.0552	0.2172
69.2076	0.2318
69.3600	0.2573
69.5124	0.2894
69.6648	0.2548
69.8172	0.1825
69.9696	0.1241
70.1220	0.0825
70.2744	0.1123
70.4268	0.2229
70.5792	0.2873
70.7316	0.2856
70.8840	0.2944
71.0364	0.2717
71.1888	0.2065
71.3412	0.1109
71.4936	0.1076
71.6460	0.0821
71.7984	0.1700
71.9508	0.2821
72.1032	0.3054
72.2556	0.3268
72.4080	0.2618
72.5604	0.2319
72.7128	0.2153
72.8652	0.1368
73.0176	0.0798
73.1700	0.0784
73.3224	0.2209
73.4748	0.3837
73.6272	0.4433
73.7796	0.3921
73.9320	0.2157
74.0844	0.1710
74.2368	0.1418
74.3892	0.2162
74.5416	0.2527
74.6940	0.2480
74.8464	0.2103
74.9988	0.1266
75.1512	0.1087
75.3036	0.1884
75.4560	0.2192
75.6084	0.1800
75.7608	0.0822
75.9132	0.0331
76.0656	0.1106
76.2180	0.2336
76.3704	0.3266
76.5228	0.3080
76.6752	0.2854
76.8276	0.2564
76.9800	0.3052
77.1324	0.2215
77.2848	0.2548
77.4372	0.2287
77.5896	0.2133
77.7420	0.1696
77.8944	0.2014
78.0468	0.1878
78.1992	0.1636
78.3516	0.0669
78.5040	0.1001
78.6564	0.1559
78.8088	0.1997
78.9612	0.2531
79.1136	0.1752
79.2660	0.1416
79.4184	0.1473
79.5708	0.1049
79.7232	0.2436
79.8756	0.3743
80.0280	0.4643
80.1804	0.2966
80.3328	0.2235
80.4852	0.1374
80.6376	0.2170
80.7900	0.2367
80.9424	0.2606
81.0948	0.3080
81.2472	0.3133
81.3996	0.3188
81.5520	0.3098
81.7044	0.3031
81.8568	0.3061
82.0092	0.2959
82.1616	0.2901
82.3140	0.2285
82.4664	0.1363
82.6188	0.1515
82.7712	0.1704
82.9236	0.2555
83.0760	0.2577
83.2284	0.2955
83.3808	0.2726
83.5332	0.2884
83.6856	0.3268
83.8380	0.2818
83.9904	0.2404
84.1428	0.1291
84.2952	0.1297
84.4476	0.2102
84.6000	0.2842
84.7524	0.3251
84.9048	0.2933
85.0572	0.3512
85.2096	0.3604
85.3620	0.2666
85.5144	0.1410
85.6668	0.2721
85.8192	0.2729
85.9716	0.3111
86.1240	0.3006
86.2764	0.2968
86.4288	0.2160
86.5812	0.1575
86.7336	0.1195
86.8860	0.1816
87.0384	0.2085
87.1908	0.2163
87.3432	0.2099
87.4956	0.1865
87.6480	0.1932
87.8004	0.1935
87.9528	0.1713
88.1052	0.1260
88.2576	0.1650
88.4100	0.2238
88.5624	0.1860
88.7148	0.1032
88.8672	0.0703
89.0196	0.1405
89.1720	0.2383
89.3244	0.2043
89.4768	0.1772
89.6292	0.1037
89.7816	0.1296
89.9340	0.1724
90.0864	0.1865
90.2388	0.2352
90.3912	0.2289
90.5436	0.1076
90.6960	0.0640
90.8484	0.0825
91.0008	0.0976
91.1532	0.1281
91.3056	0.0983
91.4580	0.0404
91.6104	0.1716
91.7628	0.1646
91.9152	0.1393
92.0676	0.0874
92.2200	0.0808
92.3724	0.0716
92.5248	0.1124
92.6772	0.1413
92.8296	0.1158
92.9820	0.0515
93.1344	0.0808
93.2868	0.1117
93.4392	0.1239
93.5916	0.1320
93.7440	0.0878
93.8964	0.0815
94.0488	0.0660
94.2012	0.1510
94.3536	0.1916
94.5060	0.1809
94.6584	0.1769
94.8108	0.1537
94.9632	0.1629
95.1156	0.1471
95.2680	0.1919
95.4204	0.1540
95.5728	0.0742
95.7252	0.0896
95.8776	0.2029
96.0300	0.2527
96.1824	0.2145
96.3348	0.1229
96.4872	0.0821
96.6396	0.0906
96.7920	0.1753
96.9444	0.2139
97.0968	0.1571
97.2492	0.1162
97.4016	0.1877
97.5540	0.2760
97.7064	0.3379
97.8588	0.2808
98.0112	0.1124
98.1636	0.1196
98.3160	0.1713
98.4684	0.1591
98.6208	0.2191
98.7732	0.2776
98.9256	0.2303
99.0780	0.1524
99.2304	0.0917
99.3828	0.0894
99.5352	0.1245
99.6876	0.1421
99.8400	0.0844
99.9924	0.1379
100.1448	0.1629
100.2972	0.2385
100.4496	0.2448
100.6020	0.1294
100.7544	0.0323
100.9068	0.0940
101.0592	0.0541
101.2116	0.1968
101.3640	0.2859
101.5164	0.2873
101.6688	0.1860
101.8212	0.1133
101.9736	0.1023
102.1260	0.2091
102.2784	0.2710
102.4308	0.1610
102.5832	0.0814
102.7356	0.1026
102.8880	0.1348
103.0404	0.1319
103.1928	0.1046
103.3452	0.0971
103.4976	0.1513
103.6500	0.1499
103.8024	0.1959
103.9548	0.2457
104.1072	0.2995
104.2596	0.3372
104.4120	0.2509
104.5644	0.1488
104.7168	0.1145
104.8692	0.1441
105.0216	0.1542
105.1740	0.1478
105.3264	0.1733
105.4788	0.2263
105.6312	0.1948
105.7836	0.2055
105.9360	0.1775
106.0884	0.1730
106.2408	0.1458
106.3932	0.1414
106.5456	0.0439
106.6980	0.0767
106.8504	0.1339
107.0028	0.1841
107.1552	0.2369
107.3076	0.2135
107.4600	0.2991
107.6124	0.2561
107.7648	0.2294
107.9172	0.0958
108.0696	0.0975
108.2220	0.1180
108.3744	0.0841
108.5268	0.0976
108.6792	0.0981
108.8316	0.1466
108.9840	0.1224
109.1364	0.1111
109.2888	0.0955
109.4412	0.0523
109.5936	0.0742
109.7460	0.0476
109.8984	0.1094
110.0508	0.1643
110.2032	0.2549
110.3556	0.2513
110.5080	0.2258
110.6604	0.1467
110.8128	0.1390
110.9652	0.1211
111.1176	0.0854
111.2700	0.1076
111.4224	0.2477
111.5748	0.2946
111.7272	0.4116
111.8796	0.2992
112.0320	0.2789
112.1844	0.1530
112.3368	0.1753
112.4892	0.2133
112.6416	0.1819
112.7940	0.2689
112.9464	0.2032
113.0988	0.2404
113.2512	0.2072
113.4036	0.1994
113.5560	0.1240
113.7084	0.1034
113.8608	0.0825
114.0132	0.1591
114.1656	0.1366
114.3180	0.1692
114.4704	0.1481
114.6228	0.1286
114.7752	0.0924
114.9276	0.1119
115.0800	0.1141
115.2324	0.1391
115.3848	0.1351
115.5372	0.0935
115.6896	0.0822
115.8420	0.1275
115.9944	0.1380
116.1468	0.1207
116.2992	0.0937
116.4516	0.1372
116.6040	0.1267
116.7564	0.1468
116.9088	0.1588
117.0612	0.1558
117.2136	0.2130
117.3660	0.1061
117.5184	0.1244
117.6708	0.1431
117.8232	0.1118
117.9756	0.1139
118.1280	0.1117
118.2804	0.1034
118.4328	0.1861
118.5852	0.2386
118.7376	0.1896
118.8900	0.1236
119.0424	0.0933
119.1948	0.0999
119.3472	0.0961
119.4996	0.1238
119.6520	0.1200
119.8044	0.1228
119.9568	0.1395
120.1092	0.1021
120.2616	0.1327
120.4140	0.1433
120.5664	0.1815
120.7188	0.1129
120.8712	0.1155
121.0236	0.1221
121.1760	0.1797
121.3284	0.1600
121.4808	0.1257
121.6332	0.1015
121.7856	0.1399
121.9380	0.1371
122.0904	0.1804
122.2428	0.1501
122.3952	0.1488
122.5476	0.1172
122.7000	0.0822
122.8524	0.0607
123.0048	0.0389
123.1572	0.0350
123.3096	0.0647
123.4620	0.1282
123.6144	0.1765
123.7668	0.1986
123.9192	0.1368
124.0716	0.0689
124.2240	0.0905
124.3764	0.1774
124.5288	0.2792
124.6812	0.2726
124.8336	0.2233
124.9860	0.1526
125.1384	0.0896
125.2908	0.1700
125.4432	0.2120
125.5956	0.2106
125.7480	0.0520
125.9004	0.0948
126.0528	0.1874
126.2052	0.0655
126.3576	0.0428
126.5100	0.0517
126.6624	0.0598
126.8148	0.0377
126.9672	0.0406
127.1196	0.0788
127.2720	0.0526
127.4244	0.1162
127.5768	0.2117
127.7292	0.2250
127.8816	0.2020
128.0340	0.2110
128.1864	0.1557
128.3388	0.1970
128.4912	0.2669
128.6436	0.5298
128.7960	0.6722
128.9484	0.6239
129.1008	0.3570
129.2532	0.1455
129.4056	0.1319
129.5580	0.2018
129.7104	0.3317
129.8628	0.4161
130.0152	0.4437
130.1676	0.3137
130.3200	0.2290
130.4724	0.1247
130.6248	0.1646
130.7772	0.1651
130.9296	0.1674
131.0820	0.1147
131.2344	0.0914
131.3868	0.0751
131.5392	0.1608
131.6916	0.1619
131.8440	0.1417
131.9964	0.0817
132.1488	0.1654
132.3012	0.1789
132.4536	0.1648
132.6060	0.1340
132.7584	0.1375
132.9108	0.1920
133.0632	0.1244
133.2156	0.0703
133.3680	0.0955
133.5204	0.1045
133.6728	0.1117
133.8252	0.1515
133.9776	0.0594
134.1300	0.0781
134.2824	0.1040
134.4348	0.1158
134.5872	0.1995
134.7396	0.1858
134.8920	0.1627
135.0444	0.1819
135.1968	0.2512
135.3492	0.2768
135.5016	0.2174
135.6540	0.1895
135.8064	0.1699
135.9588	0.1260
136.1112	0.1651
136.2636	0.1338
136.4160	0.0788
136.5684	0.0855
136.7208	0.1414
136.8732	0.0923
137.0256	0.1052
137.1780	0.2193
137.3304	0.1831
137.4828	0.1760
137.6352	0.1890
137.7876	0.1620
137.9400	0.0416
138.0924	0.1212
138.2448	0.3785
138.3972	0.6770
138.5496	0.7139
138.7020	0.4901
138.8544	0.2362
139.0068	0.1625
139.1592	0.1683
139.3116	0.1171
139.4640	0.0441
139.6164	0.0531
139.7688	0.1289
139.9212	0.1372
140.0736	0.0548
140.2260	0.0873
140.3784	0.1190
140.5308	0.2213
140.6832	0.1659
140.8356	0.1453
140.9880	0.0694
141.1404	0.1104
141.2928	0.1251
141.4452	0.1232
141.5976	0.1417
141.7500	0.1337
141.9024	0.1289
142.0548	0.1137
142.2072	0.0712
142.3596	0.1141
142.5120	0.0584
142.6644	0.0709
142.8168	0.1226
142.9692	0.0816
143.1216	0.0905
143.2740	0.1002
143.4264	0.0786
143.5788	0.0727
143.7312	0.1088
143.8836	0.0929
144.0360	0.0494
144.1884	0.0919
144.3408	0.0962
144.4932	0.1180
144.6456	0.1129
144.7980	0.1142
144.9504	0.0974
145.1028	0.1282
145.2552	0.1337
145.4076	0.1463
145.5600	0.1522
145.7124	0.1115
145.8648	0.1236
146.0172	0.0643
146.1696	0.0339
146.3220	0.0379
146.4744	0.0788
146.6268	0.0374
146.7792	0.1649
146.9316	0.2763
147.0840	0.3088
147.2364	0.1309
147.3888	0.0831
147.5412	0.2062
147.6936	0.1644
147.8460	0.1856
147.9984	0.1517
148.1508	0.1425
148.3032	0.1283
148.4556	0.2089
148.6080	0.1874
148.7604	0.0645
148.9128	0.0744
149.0652	0.1795
149.2176	0.1918
149.3700	0.1418
149.5224	0.1304
149.6748	0.1328
149.8272	0.1138
149.9796	0.0796
150.1320	0.1294
150.2844	0.2033
150.4368	0.2782
150.5892	0.2578
150.7416	0.2004
150.8940	0.1940
151.0464	0.2326
151.1988	0.2547
151.3512	0.1056
151.5036	0.0713
151.6560	0.0920
151.8084	0.1285
151.9608	0.1408
152.1132	0.2322
152.2656	0.1844
152.4180	0.1539
152.5704	0.0501
152.7228	0.0531
152.8752	0.1016
153.0276	0.2394
153.1800	0.3129
153.3324	0.2642
153.4848	0.1232
153.6372	0.0564
153.7896	0.0989
153.9420	0.0510
154.0944	0.0943
154.2468	0.1793
154.3992	0.1385
154.5516	0.1432
154.7040	0.0977
154.8564	0.1442
155.0088	0.1567
155.1612	0.1723
155.3136	0.1017
155.4660	0.1139
155.6184	0.0958
155.7708	0.1313
155.9232	0.1333
156.0756	0.0635
156.2280	0.0875
156.3804	0.1570
156.5328	0.1431
156.6852	0.1758
156.8376	0.1398
156.9900	0.1877
157.1424	0.2020
157.2948	0.1262
157.4472	0.0914
157.5996	0.0762
157.7520	0.1082
157.9044	0.1022
158.0568	0.1710
158.2092	0.2330
158.3616	0.2243
158.5140	0.1902
158.6664	0.1848
158.8188	0.1324
158.9712	0.1355
159.1236	0.1421
159.2760	0.2021
159.4284	0.2728
159.5808	0.2851
159.7332	0.0836
159.8856	0.1027
160.0380	0.1198
160.1904	0.1377
160.3428	0.1086
160.4952	0.0990
160.6476	0.1202
160.8000	0.1209
160.9524	0.1277
161.1048	0.1536
161.2572	0.0896
161.4096	0.0429
161.5620	0.0858
161.7144	0.0890
161.8668	0.0442
162.0192	0.0556
162.1716	0.0569
162.3240	0.0916
162.4764	0.0842
162.6288	0.1082
162.7812	0.1415
162.9336	0.1099
163.0860	0.1227
163.2384	0.1206
163.3908	0.0525
163.5432	0.1250
163.6956	0.1833
163.8480	0.1354
164.0004	0.0784
164.1528	0.0737
164.3052	0.1033
164.4576	0.1837
164.6100	0.2236
164.7624	0.2613
164.9148	0.2272
165.0672	0.1960
165.2196	0.1734
165.3720	0.1803
165.5244	0.1583
165.6768	0.1728
165.8292	0.1258
165.9816	0.0684
166.1340	0.3194
166.2864	0.3268
166.4388	0.3903
166.5912	0.0957
166.7436	0.1683
166.8960	0.1904
167.0484	0.3209
167.2008	0.3363
167.3532	0.4493
167.5056	0.5289
167.6580	0.5744
167.8104	0.5282
167.9628	0.5139
168.1152	0.4497
168.2676	0.4452
168.4200	0.4870
168.5724	0.3908
168.7248	0.3499
168.8772	0.3184
169.0296	0.3283
169.1820	0.2694
169.3344	0.2513
169.4868	0.1892
169.6392	0.1079
169.7916	0.0367
169.9440	0.0595
170.0964	0.1388
170.2488	0.2241
170.4012	0.1942
170.5536	0.1433
170.7060	0.1688
170.8584	0.2214
171.0108	0.2952
171.1632	0.3180
171.3156	0.3379
171.4680	0.3302
171.6204	0.2698
171.7728	0.2596
171.9252	0.2063
172.0776	0.1862
172.2300	0.1972
172.3824	0.3085
172.5348	0.3710
172.6872	0.3980
172.8396	0.4245
172.9920	0.4257
173.1444	0.3202
173.2968	0.3180
173.4492	0.3486
173.6016	0.2732
173.7540	0.1867
173.9064	0.2807
174.0588	0.2935
174.2112	0.2148
174.3636	0.1110
174.5160	0.0894
174.6684	0.0852
174.8208	0.0402
174.9732	0.0662
175.1256	0.0623
175.2780	0.0802
175.4304	0.1868
175.5828	0.1442
175.7352	0.1140
175.8876	0.1620
176.0400	0.2043
176.1924	0.1309
176.3448	0.0888
176.4972	0.1065
176.6496	0.2057
176.8020	0.2788
176.9544	0.2445
177.1068	0.3353
177.2592	0.5075
177.4116	0.4943
177.5640	0.1903
177.7164	0.0936
177.8688	0.0997
178.0212	0.0735
178.1736	0.0816
178.3260	0.1191
178.4784	0.0941
178.6308	0.0946
178.7832	0.1086
178.9356	0.1066
179.0880	0.1252
179.2404	0.1381
179.3928	0.1365
179.5452	0.1177
179.6976	0.1281
179.8500	0.1472
180.0024	0.1783
180.1548	0.1321
180.3072	0.1069
180.4596	0.1258
180.6120	0.0668
180.7644	0.0319
180.9168	0.1156
181.0692	0.1635
181.2216	0.1674
181.3740	0.1214
181.5264	0.1495
181.6788	0.1827
181.8312	0.1961
181.9836	0.1697
182.1360	0.0784
182.2884	0.1093
182.4408	0.1282
182.5932	0.1166
182.7456	0.1553
182.8980	0.1687
183.0504	0.1435
183.2028	0.1462
183.3552	0.1428
183.5076	0.1481
183.6600	0.1347
183.8124	0.1724
183.9648	0.2007
184.1172	0.3616
184.2696	0.7352
184.4220	0.7972
184.5744	0.5930
184.7268	0.3532
184.8792	0.2559
185.0316	0.2137
185.1840	0.1703
185.3364	0.1327
185.4888	0.1137
185.6412	0.0737
185.7936	0.0757
185.9460	0.0725
186.0984	0.1132
186.2508	0.1639
186.4032	0.1966
186.5556	0.1643
186.7080	0.0914
186.8604	0.1632
187.0128	0.0949
187.1652	0.1979
187.3176	0.2482
187.4700	0.1733
187.6224	0.0830
187.7748	0.1490
187.9272	0.1170
188.0796	0.0597
188.2320	0.1257
188.3844	0.1660
188.5368	0.1902
188.6892	0.1443
188.8416	0.1323
188.9940	0.1042
189.1464	0.1742
189.2988	0.2119
189.4512	0.1396
189.6036	0.2784
189.7560	0.3191
189.9084	0.3691
190.0608	0.4564
190.2132	0.4680
190.3656	0.4307
190.5180	0.3380
190.6704	0.3120
190.8228	0.2953
190.9752	0.2538
191.1276	0.2033
191.2800	0.2622
191.4324	0.2312
191.5848	0.2155
191.7372	0.0987
191.8896	0.1182
192.0420	0.0799
192.1944	0.2100
192.3468	0.3058
192.4992	0.3660
192.6516	0.2486
192.8040	0.1401
192.9564	0.1103
193.1088	0.1096
193.2612	0.1023
193.4136	0.1642
193.5660	0.1069
193.7184	0.1349
193.8708	0.1404
194.0232	0.0703
194.1756	0.1117
194.3280	0.0941
194.4804	0.0912
194.6328	0.0671
194.7852	0.0981
194.9376	0.0544
195.0900	0.0968
195.2424	0.2001
195.3948	0.2504
195.5472	0.1874
195.6996	0.0339
195.8520	0.1804
196.0044	0.2443
196.1568	0.1887
196.3092	0.2145
196.4616	0.2142
196.6140	0.2794
196.7664	0.2618
196.9188	0.3059
197.0712	0.2512
197.2236	0.1766
197.3760	0.1344
197.5284	0.1690
197.6808	0.1697
197.8332	0.1252
197.9856	0.1383
198.1380	0.1358
198.2904	0.1561
198.4428	0.1795
198.5952	0.2080
198.7476	0.2028
198.9000	0.1653
199.0524	0.0454
199.2048	0.0610
199.3572	0.1852
199.5096	0.0833
199.6620	0.1008
199.8144	0.1728
199.9668	0.1561
200.1192	0.2069
200.2716	0.1917
200.4240	0.1603
200.5764	0.1219
200.7288	0.0748
200.8812	0.1009
201.0336	0.0361
201.1860	0.0863
201.3384	0.0851
201.4908	0.0859
201.6432	0.0605
201.7956	0.0917
201.9480	0.1062
202.1004	0.1015
202.2528	0.0803
202.4052	0.0998
202.5576	0.1720
202.7100	0.2497
202.8624	0.3041
203.0148	0.2719
203.1672	0.2112
203.3196	0.1183
203.4720	0.0827
203.6244	0.1160
203.7768	0.1538
203.9292	0.1143
204.0816	0.1334
204.2340	0.0974
204.3864	0.1317
204.5388	0.1402
204.6912	0.2310
204.8436	0.2006
204.9960	0.1865
205.1484	0.1687
205.3008	0.1595
205.4532	0.2254
205.6056	0.2465
205.7580	0.3046
205.9104	0.2430
206.0628	0.2096
206.2152	0.1939
206.3676	0.2418
206.5200	0.3168
206.6724	0.2576
206.8248	0.1727
206.9772	0.0889
207.1296	0.0317
207.2820	0.0838
207.4344	0.0918
207.5868	0.1423
207.7392	0.1505
207.8916	0.1330
208.0440	0.1510
208.1964	0.1941
208.3488	0.2472
208.5012	0.2104
208.6536	0.1168
208.8060	0.1007
208.9584	0.1454
209.1108	0.2378
209.2632	0.2957
209.4156	0.2170
209.5680	0.0947
209.7204	0.0749
209.8728	0.0908
210.0252	0.1193
210.1776	0.0941
210.3300	0.0742
210.4824	0.1199
210.6348	0.1285
210.7872	0.1791
210.9396	0.1918
211.0920	0.2394
211.2444	0.1536
211.3968	0.0982
211.5492	0.0859
211.7016	0.0511
211.8540	0.1432
212.0064	0.1375
212.1588	0.1770
212.3112	0.4231
212.4636	0.5058
212.6160	0.3129
212.7684	0.1079
212.9208	0.2195
213.0732	0.2509
213.2256	0.1884
213.3780	0.1993
213.5304	0.1512
213.6828	0.0991
213.8352	0.0614
213.9876	0.0793
214.1400	0.0908
214.2924	0.1363
214.4448	0.1292
214.5972	0.0797
214.7496	0.0328
214.9020	0.0812
215.0544	0.1492
215.2068	0.1703
215.3592	0.2107
215.5116	0.2439
215.6640	0.2128
215.8164	0.1659
215.9688	0.1480
216.1212	0.1674
216.2736	0.3171
216.4260	0.5685
216.5784	0.7541
216.7308	0.6931
216.8832	0.6430
217.0356	0.5027
217.1880	0.2200
217.3404	0.2161
217.4928	0.2697
217.6452	0.3148
217.7976	0.2593
217.9500	0.1728
218.1024	0.2694
218.2548	0.1788
218.4072	0.0992
218.5596	0.0287
218.7120	0.1033
218.8644	0.1385
219.0168	0.1701
219.1692	0.1957
219.3216	0.2392
219.4740	0.3429
219.6264	0.3329
219.7788	0.3075
219.9312	0.2460
220.0836	0.2614
220.2360	0.2196
220.3884	0.1430
220.5408	0.0507
220.6932	0.0622
220.8456	0.1079
220.9980	0.1089
221.1504	0.0539
221.3028	0.0896
221.4552	0.1234
221.6076	0.1639
221.7600	0.1536
221.9124	0.0713
222.0648	0.0868
222.2172	0.1118
222.3696	0.0574
222.5220	0.1318
222.6744	0.1682
222.8268	0.2059
222.9792	0.1175
223.1316	0.1370
223.2840	0.1489
223.4364	0.0666
223.5888	0.1368
223.7412	0.1867
223.8936	0.2048
224.0460	0.2368
224.1984	0.1855
224.3508	0.1690
224.5032	0.1356
224.6556	0.1030
224.8080	0.1490
224.9604	0.2066
225.1128	0.2543
225.2652	0.2423
225.4176	0.2297
225.5700	0.2080
225.7224	0.1599
225.8748	0.1734
226.0272	0.1493
226.1796	0.2310
226.3320	0.2154
226.4844	0.1041
226.6368	0.1424
226.7892	0.1299
226.9416	0.1435
227.0940	0.2112
227.2464	0.1355
227.3988	0.1746
227.5512	0.2053
227.7036	0.2348
227.8560	0.1411
228.0084	0.0594
228.1608	0.1351
228.3132	0.2487
228.4656	0.2144
228.6180	0.1672
228.7704	0.1614
228.9228	0.1732
229.0752	0.1765
229.2276	0.1106
229.3800	0.0958
229.5324	0.1602
229.6848	0.1754
229.8372	0.1359
229.9896	0.1462
230.1420	0.1513
230.2944	0.1631
230.4468	0.1165
230.5992	0.0883
230.7516	0.1117
230.9040	0.2010
231.0564	0.2307
231.2088	0.2149
231.3612	0.1358
231.5136	0.1172
231.6660	0.0924
231.8184	0.1301
231.9708	0.1563
232.1232	0.2177
232.2756	0.2734
232.4280	0.3355
232.5804	0.3754
232.7328	0.3536
232.8852	0.2185
233.0376	0.2181
233.1900	0.1716
233.3424	0.1447
233.4948	0.1876
233.6472	0.1478
233.7996	0.0810
233.9520	0.1025
234.1044	0.1427
234.2568	0.1594
234.4092	0.2201
234.5616	0.2539
234.7140	0.2067
234.8664	0.1599
235.0188	0.1385
235.1712	0.1167
235.3236	0.1070
235.4760	0.1133
235.6284	0.1515
235.7808	0.2229
235.9332	0.2606
236.0856	0.3092
236.2380	0.3194
236.3904	0.2835
236.5428	0.2195
236.6952	0.1719
236.8476	0.0763
237.0000	0.0949
237.1524	0.1309
237.3048	0.0990
237.4572	0.2340
237.6096	0.2943
237.7620	0.2874
237.9144	0.2036
238.0668	0.2132
238.2192	0.2308
238.3716	0.1975
238.5240	0.1867
238.6764	0.1782
238.8288	0.2225
238.9812	0.2199
239.1336	0.1296
239.2860	0.1201
239.4384	0.1046
239.5908	0.1422
239.7432	0.1382
239.8956	0.1715
240.0480	0.1557
240.2004	0.1757
240.3528	0.1655
240.5052	0.1317
240.6576	0.1297
240.8100	0.1339
240.9624	0.1102
241.1148	0.2141
241.2672	0.2001
241.4196	0.1582
241.5720	0.0938
241.7244	0.1384
241.8768	0.1517
242.0292	0.1623
242.1816	0.1684
242.3340	0.1757
242.4864	0.1430
242.6388	0.1313
242.7912	0.2114
242.9436	0.2650
243.0960	0.2725
243.2484	0.2664
243.4008	0.2579
243.5532	0.2895
243.7056	0.2524
243.8580	0.1824
244.0104	0.1259
244.1628	0.1527
244.3152	0.1339
244.4676	0.2011
244.6200	0.2052
244.7724	0.0799
244.9248	0.0714
245.0772	0.1427
245.2296	0.1634
245.3820	0.1591
245.5344	0.1736
245.6868	0.2337
245.8392	0.2286
245.9916	0.2197
246.1440	0.2117
246.2964	0.2156
246.4488	0.2128
246.6012	0.1368
246.7536	0.1089
246.9060	0.1035
247.0584	0.1421
247.2108	0.1179
247.3632	0.0950
247.5156	0.1111
247.6680	0.1523
247.8204	0.1776
247.9728	0.1188
248.1252	0.1067
248.2776	0.1901
248.4300	0.2863
248.5824	0.4498
248.7348	0.6869
248.8872	0.8896
249.0396	0.9036
249.1920	0.8599
249.3444	0.8159
249.4968	0.7279
249.6492	0.5846
249.8016	0.5512
249.9540	0.5828
250.1064	0.5656
250.2588	0.4428
250.4112	0.4179
250.5636	0.4975
250.7160	0.5802
250.8684	0.6308
251.0208	0.6332
251.1732	0.7295
251.3256	0.8290
251.4780	0.6399
251.6304	0.5369
251.7828	0.4838
251.9352	0.4707
252.0876	0.4843
252.2400	0.4582
252.3924	0.7270
252.5448	0.5011
252.6972	0.3224
252.8496	0.1360
253.0020	0.1338
253.1544	0.1908
253.3068	0.2338
253.4592	0.3176
253.6116	0.2419
253.7640	0.1381
253.9164	0.1129
254.0688	0.3340
254.2212	0.4733
254.3736	0.4293
254.5260	0.4596
254.6784	0.5301
254.8308	0.7209
254.9832	0.7395
255.1356	0.6630
255.2880	0.5160
255.4404	0.4434
255.5928	0.3502
255.7452	0.2177
255.8976	0.1481
256.0500	0.3385
256.2024	0.4615
256.3548	0.4949
256.5072	0.4611
256.6596	0.4264
256.8120	0.3297
256.9644	0.2103
257.1168	0.2733
257.2692	0.4112
257.4216	0.5795
257.5740	0.4909
257.7264	0.2637
257.8788	0.0876
258.0312	0.1101
258.1836	0.1335
258.3360	0.2264
258.4884	0.1758
258.6408	0.2047
258.7932	0.2159
258.9456	0.4314
259.0980	0.6155
259.2504	0.6891
259.4028	0.6300
259.5552	0.4945
259.7076	0.4128
259.8600	0.4486
260.0124	0.4601
260.1648	0.3422
260.3172	0.2377
260.4696	0.2368
260.6220	0.2972
260.7744	0.4580
260.9268	0.7981
261.0792	0.7731
261.2316	0.6300
261.3840	0.5772
261.5364	0.8434
261.6888	0.5082
261.8412	0.2147
261.9936	0.5582
262.1460	0.7706
262.2984	0.8552
262.4508	0.9590
262.6032	0.8567
262.7556	0.6265
262.9080	0.4453
263.0604	0.3590
263.2128	0.3142
263.3652	0.4102
263.5176	0.3617
263.6700	0.3781
263.8224	0.4307
263.9748	0.4992
264.1272	0.6348
264.2796	0.7233
264.4320	0.8070
264.5844	0.7722
264.7368	0.4688
264.8892	0.6909
265.0416	1.0943
265.1940	1.2178
265.3464	1.3045
265.4988	1.2461
265.6512	1.2203
265.8036	0.6756
265.9560	0.3579
266.1084	0.6261
266.2608	0.7919
266.4132	0.8454
266.5656	0.8147
266.7180	0.6379
266.8704	0.4914
267.0228	0.4603
267.1752	0.5171
267.3276	0.5397
267.4800	0.3380
267.6324	0.2952
267.7848	0.6428
267.9372	0.7710
268.0896	0.6191
268.2420	0.4574
268.3944	0.3020
268.5468	0.2170
268.6992	0.3236
268.8516	0.4299
269.0040	0.4988
269.1564	0.5879
269.3088	0.5529
269.4612	0.4490
269.6136	0.3730
269.7660	0.2708
269.9184	0.2430
270.0708	0.2054
270.2232	0.1878
270.3756	0.2481
270.5280	0.2854
270.6804	0.2839
270.8328	0.3142
270.9852	0.2676
271.1376	0.3681
271.2900	0.3546
271.4424	0.3072
271.5948	0.2217
271.7472	0.2971
271.8996	0.2787
272.0520	0.2886
272.2044	0.4379
272.3568	0.5463
272.5092	0.4100
272.6616	0.3847
272.8140	0.4636
272.9664	0.3319
273.1188	0.2227
273.2712	0.2552
273.4236	0.4818
273.5760	0.6282
273.7284	0.6670
273.8808	0.6068
274.0332	0.6445
274.1856	0.7430
274.3380	0.7390
274.4904	0.6599
274.6428	0.4005
274.7952	0.2804
274.9476	0.3130
275.1000	0.3761
275.2524	0.4137
275.4048	0.5678
275.5572	0.6275
275.7096	0.6198
275.8620	0.5521
276.0144	0.6363
276.1668	0.8305
276.3192	0.7988
276.4716	0.7592
276.6240	0.7845
276.7764	0.7198
276.9288	0.5218
277.0812	0.3679
277.2336	0.3665
277.3860	0.3711
277.5384	0.2153
277.6908	0.2870
277.8432	0.6512
277.9956	0.9587
278.1480	1.0486
278.3004	1.0889
278.4528	1.0690
278.6052	0.7858
278.7576	0.4212
278.9100	0.1681
279.0624	0.1794
279.2148	0.2010
279.3672	0.1478
279.5196	0.1384
279.6720	0.2177
279.8244	0.2448
279.9768	0.2736
280.1292	0.3432
280.2816	0.3820
280.4340	0.4016
280.5864	0.3841
280.7388	0.3820
280.8912	0.6384
281.0436	0.5265
281.1960	0.3454
281.3484	0.2086
281.5008	0.1916
281.6532	0.2375
281.8056	0.4000
281.9580	0.6528
282.1104	0.7798
282.2628	0.5292
282.4152	0.1478
282.5676	0.1277
282.7200	0.1125
282.8724	0.1069
283.0248	0.3054
283.1772	0.3503
283.3296	0.2200
283.4820	0.2519
283.6344	0.2270
283.7868	0.2162
283.9392	0.1338
284.0916	0.1614
284.2440	0.3969
284.3964	0.4218
284.5488	0.5135
284.7012	0.6195
284.8536	0.7281
285.0060	0.8515
285.1584	0.9030
285.3108	0.8985
285.4632	0.7697
285.6156	0.5839
285.7680	0.6341
285.9204	0.2994
286.0728	0.1536
286.2252	0.4539
286.3776	0.5073
286.5300	0.6535
286.6824	0.4086
286.8348	0.2561
286.9872	0.2097
287.1396	0.1707
287.2920	0.2100
287.4444	0.3240
287.5968	0.3022
287.7492	0.3153
287.9016	0.1832
288.0540	0.1499
288.2064	0.2403
288.3588	0.2425
288.5112	0.2747
288.6636	0.3715
288.8160	0.4259
288.9684	0.4485
289.1208	0.3601
289.2732	0.3821
289.4256	0.4783
289.5780	0.8609
289.7304	1.2600
289.8828	1.1374
290.0352	0.6852
290.1876	0.4877
290.3400	0.5985
290.4924	0.9171
290.6448	0.9453
290.7972	0.8882
290.9496	0.6959
291.1020	0.5689
291.2544	0.6747
291.4068	0.8358
291.5592	0.8495
291.7116	0.6895
291.8640	0.6448
292.0164	0.5284
292.1688	0.4740
292.3212	0.3646
292.4736	0.3875
292.6260	0.4852
292.7784	0.4975
292.9308	0.6716
293.0832	0.6352
293.2356	0.4154
293.3880	0.2460
293.5404	0.2970
293.6928	0.2941
293.8452	0.2645
293.9976	0.3326
294.1500	0.4126
294.3024	0.3096
294.4548	0.1760
294.6072	0.4061
294.7596	0.6528
294.9120	0.0000
295.0644	0.0000
295.2168	0.0000
295.3692	0.6680
295.5216	0.8960
295.6740	1.0139
295.8264	1.1528
295.9788	1.2196
296.1312	1.1457
296.2836	0.8747
296.4360	0.5620
296.5884	0.4478
296.7408	0.3611
296.8932	0.1923
297.0456	0.1865
297.1980	0.3847
297.3504	0.3739
297.5028	0.6499
297.6552	1.2508
297.8076	0.9275
297.9600	0.5273
298.1124	0.3902
298.2648	0.3170
298.4172	0.2573
298.5696	0.1671
298.7220	0.3097
298.8744	0.3887
299.0268	0.2648
299.1792	0.2717
299.3316	0.4298
299.4840	0.3485
299.6364	0.2109
299.7888	0.2300
299.9412	0.4054
300.0936	0.4935
300.2460	0.4149
300.3984	0.2530
300.5508	0.3106
300.7032	0.4981
300.8556	0.4509
301.0080	0.2841
301.1604	0.5160
301.3128	0.7786
301.4652	0.8861
301.6176	0.6919
301.7700	0.6082
301.9224	0.7222
302.0748	0.6909
302.2272	0.3256
302.3796	0.2302
302.5320	0.1717
302.6844	0.3190
302.8368	0.2990
302.9892	0.3599
303.1416	0.4598
303.2940	0.4517
303.4464	0.4234
303.5988	0.4043
303.7512	0.4433
303.9036	0.4317
304.0560	0.3823
304.2084	0.3231
304.3608	0.3133
304.5132	0.2148
304.6656	0.1599
304.8180	0.1204
304.9704	0.1195
305.1228	0.2803
305.2752	0.5244
305.4276	0.3149
305.5800	0.4053
305.7324	0.8088
305.8848	0.4257
306.0372	0.7234
306.1896	0.8967
306.3420	0.9529
306.4944	0.7291
306.6468	0.3212
306.7992	0.1614
306.9516	0.3146
307.1040	0.4127
307.2564	0.4448
307.4088	0.4399
307.5612	0.4448
307.7136	0.2744
307.8660	0.3324
308.0184	0.3535
308.1708	0.2949
308.3232	0.1792
308.4756	0.3069
308.6280	0.5902
308.7804	0.6750
308.9328	0.7106
309.0852	0.7933
309.2376	0.8277
309.3900	0.9083
309.5424	0.8714
309.6948	0.6553
309.8472	0.4133
309.9996	0.1583
310.1520	0.0673
310.3044	0.1782
310.4568	0.2292
310.6092	0.2470
310.7616	0.2719
310.9140	0.2944
311.0664	0.2097
311.2188	0.2393
311.3712	0.1903
311.5236	0.1186
311.6760	0.1153
311.8284	0.1526
311.9808	0.3344
312.1332	0.5971
312.2856	0.5283
312.4380	0.2543
312.5904	0.1627
312.7428	0.2834
312.8952	0.4429
313.0476	0.5680
313.2000	0.6158
313.3524	0.6214
313.5048	0.5001
313.6572	0.3846
313.8096	0.4601
313.9620	0.8233
314.1144	0.7817
314.2668	0.5382
314.4192	0.3333
314.5716	0.3455
314.7240	0.4728
314.8764	0.5121
315.0288	0.4865
315.1812	0.4465
315.3336	0.4389
315.4860	0.3564
315.6384	0.3889
315.7908	0.0916
315.9432	0.2174
316.0956	0.4239
316.2480	0.2798
316.4004	0.2860
316.5528	0.5052
316.7052	0.6928
316.8576	0.8011
317.0100	0.8726
317.1624	0.8945
317.3148	0.7121
317.4672	0.5824
317.6196	0.4815
317.7720	0.5516
317.9244	0.8036
318.0768	1.0424
318.2292	1.3259
318.3816	1.2755
318.5340	0.7824
318.6864	0.3508
318.8388	0.4192
318.9912	0.2887
319.1436	0.0827
319.2960	0.2391
319.4484	0.4290
319.6008	0.6680
319.7532	0.7043
319.9056	0.5954
320.0580	0.4836
320.2104	0.4458
320.3628	0.5548
320.5152	0.5635
320.6676	0.5913
320.8200	0.3691
320.9724	0.3937
321.1248	0.4839
321.2772	0.5423
321.4296	0.5111
321.5820	0.3538
321.7344	0.3168
321.8868	0.2363
322.0392	0.1893
322.1916	0.1621
322.3440	0.2194
322.4964	0.4597
322.6488	0.5796
322.8012	0.3538
322.9536	0.4090
323.1060	0.6172
323.2584	0.5963
323.4108	0.6493
323.5632	0.6562
323.7156	0.6463
323.8680	0.7169
324.0204	0.8620
324.1728	0.7902
324.3252	0.7150
324.4776	0.5888
324.6300	0.5331
324.7824	0.5116
324.9348	0.4877
325.0872	0.4547
325.2396	0.3834
325.3920	0.4093
325.5444	0.3197
325.6968	0.2860
325.8492	0.5699
326.0016	0.8228
326.1540	0.9122
326.3064	0.7997
326.4588	0.6815
326.6112	0.3631
326.7636	0.4554
326.9160	0.9288
327.0684	1.1067
327.2208	1.2091
327.3732	1.2125
327.5256	0.7624
327.6780	0.9566
327.8304	1.5730
327.9828	1.1146
328.1352	0.3582
328.2876	0.2652
328.4400	0.4902
328.5924	0.6096
328.7448	0.5018
328.8972	0.3651
329.0496	0.1585
329.2020	0.2409
329.3544	0.3997
329.5068	0.4735
329.6592	0.2755
329.8116	0.1962
329.9640	0.3466
330.1164	0.2990
330.2688	0.0659
330.4212	0.1834
330.5736	0.3623
330.7260	0.5036
330.8784	0.5951
331.0308	0.5926
331.1832	0.5381
331.3356	0.3259
331.4880	0.1932
331.6404	0.1129
331.7928	0.2289
331.9452	0.3267
332.0976	0.2624
332.2500	0.1648
332.4024	0.1758
332.5548	0.3556
332.7072	0.2414
332.8596	0.1191
333.0120	0.1759
333.1644	0.1694
333.3168	0.0787
333.4692	0.1735
333.6216	0.1878
333.7740	0.3617
333.9264	0.6623
334.0788	0.7671
334.2312	0.7251
334.3836	0.5266
334.5360	0.4370
334.6884	0.3280
334.8408	0.2594
334.9932	0.3212
335.1456	0.3868
335.2980	0.3227
335.4504	0.3653
335.6028	0.3675
335.7552	0.3875
335.9076	0.4346
336.0600	0.4335
336.2124	0.3979
336.3648	0.4536
336.5172	0.6747
336.6696	0.7986
336.8220	0.9182
336.9744	0.7458
337.1268	0.5095
337.2792	0.3405
337.4316	0.3085
337.5840	0.3054
337.7364	0.3146
337.8888	0.5001
338.0412	0.5852
338.1936	0.5623
338.3460	0.4451
338.4984	0.3413
338.6508	0.4343
338.8032	0.5871
338.9556	0.6888
339.1080	0.4730
339.2604	0.2383
339.4128	0.1443
339.5652	0.2403
339.7176	0.3524
339.8700	0.3812
340.0224	0.3163
340.1748	0.2377
340.3272	0.2357
340.4796	0.2676
340.6320	0.3291
340.7844	0.3585
340.9368	0.4092
341.0892	0.3603
341.2416	0.3079
341.3940	0.1970
341.5464	0.1575
341.6988	0.1091
341.8512	0.1462
342.0036	0.1383
342.1560	0.2201
342.3084	0.1847
342.4608	0.3312
342.6132	0.3652
342.7656	0.2709
342.9180	0.1396
343.0704	0.1697
343.2228	0.1422
343.3752	0.1617
343.5276	0.1528
343.6800	0.2727
343.8324	0.2272
343.9848	0.1653
344.1372	0.1865
344.2896	0.2848
344.4420	0.2708
344.5944	0.2239
344.7468	0.1931
344.8992	0.2656
345.0516	0.2251
345.2040	0.2609
345.3564	0.6525
345.5088	0.7328
345.6612	0.4995
345.8136	0.2460
345.9660	0.2701
346.1184	0.3353
346.2708	0.3303
346.4232	0.2783
346.5756	0.2325
346.7280	0.3114
346.8804	0.4761
347.0328	0.5862
347.1852	0.5591
347.3376	0.5117
347.4900	0.5468
347.6424	0.5732
347.7948	0.5321
347.9472	0.5813
348.0996	0.6211
348.2520	0.5793
348.4044	0.4878
348.5568	0.2701
348.7092	0.1507
348.8616	0.0833
349.0140	0.2473
349.1664	0.3242
349.3188	0.3446
349.4712	0.4339
349.6236	0.4620
349.7760	0.4359
349.9284	0.4040
350.0808	0.5187
350.2332	0.5863
350.3856	0.5179
350.5380	0.4155
350.6904	0.3236
350.8428	0.3346
350.9952	0.3078
351.1476	0.4537
351.3000	0.5570
351.4524	0.5664
351.6048	0.4618
351.7572	0.2951