HOLE:	1244D
LEG:	204
TOP:	0.0180
BOTTOM:	351.7572
DEPTH_LSF	RHOB	DRHO	DRRT	PEF
m	g/cm3	g/cm3	g/cm3	barns/e-
0.0180	1.0463	-0.0384	0.0373	1.9774
0.1704	1.0657	-0.0379	0.0255	2.0148
0.3228	1.1249	-0.0341	0.0868	2.2693
0.4752	1.2373	-0.0245	0.2385	2.6641
0.6276	1.3650	-0.0054	0.3705	3.1123
0.7800	1.4625	0.0103	0.4535	3.3898
0.9324	1.4561	0.0075	0.4588	3.4759
1.0848	1.4219	0.0045	0.4106	3.3075
1.2372	1.3616	-0.0004	0.3174	3.0975
1.3896	1.3278	0.0030	0.2414	2.8882
1.5420	1.2972	-0.0036	0.2004	2.6417
1.6944	1.2767	-0.0052	0.1451	2.5532
1.8468	1.2533	-0.0104	0.1161	2.6148
1.9992	1.2231	-0.0099	0.0669	2.5297
2.1516	1.1924	-0.0141	0.0493	2.4534
2.3040	1.1891	-0.0093	0.0463	2.4153
2.4564	1.1878	-0.0097	0.0393	2.4373
2.6088	1.2031	-0.0030	0.0453	2.3625
2.7612	1.1935	-0.0067	0.0459	2.2466
2.9136	1.1968	-0.0033	0.0549	2.3535
3.0660	1.2138	0.0014	0.0438	2.5008
3.2184	1.2336	0.0106	0.0306	2.5189
3.3708	1.2131	0.0021	0.0293	2.4423
3.5232	1.1780	-0.0099	0.0527	2.2586
3.6756	1.1623	-0.0153	0.0397	2.2390
3.8280	1.1693	-0.0160	0.0220	2.2026
3.9804	1.1825	-0.0135	0.0396	2.3597
4.1328	1.2051	-0.0049	0.0466	2.5459
4.2852	1.2191	0.0004	0.0262	2.6669
4.4376	1.2296	0.0017	0.0215	2.5542
4.5900	1.2459	0.0016	0.0206	2.4501
4.7424	1.2648	0.0059	0.0301	2.4273
4.8948	1.2990	0.0108	0.0417	2.4692
5.0472	1.3288	0.0196	0.0378	2.5475
5.1996	1.3541	0.0178	0.0978	2.5839
5.3520	1.3774	0.0254	0.1841	2.7103
5.5044	1.3762	0.0270	0.2371	2.8072
5.6568	1.3708	0.0289	0.2692	2.8414
5.8092	1.3686	0.0285	0.2895	2.7599
5.9616	1.3724	0.0301	0.3063	2.6830
6.1140	1.3747	0.0303	0.3227	2.6164
6.2664	1.3764	0.0314	0.3180	2.6567
6.4188	1.3837	0.0398	0.2967	2.6291
6.5712	1.4023	0.0518	0.2602	2.6900
6.7236	1.4022	0.0539	0.2151	2.6419
6.8760	1.3934	0.0410	0.2494	2.6652
7.0284	1.3930	0.0279	0.2764	2.6054
7.1808	1.4008	0.0208	0.3424	2.7454
7.3332	1.4011	0.0189	0.3343	2.8607
7.4856	1.3729	0.0168	0.2838	2.6631
7.6380	1.3548	0.0191	0.1555	2.4807
7.7904	1.3622	0.0251	0.0881	2.4421
7.9428	1.3893	0.0290	0.1283	2.5007
8.0952	1.4217	0.0335	0.2431	2.7114
8.2476	1.4375	0.0326	0.3328	2.7240
8.4000	1.4369	0.0316	0.3674	2.8159
8.5524	1.4345	0.0300	0.3723	2.8049
8.7048	1.4324	0.0239	0.3918	2.7756
8.8572	1.4385	0.0231	0.4065	2.8115
9.0096	1.4214	0.0164	0.4308	2.7440
9.1620	1.4257	0.0201	0.4399	2.6304
9.3144	1.4382	0.0168	0.4219	2.4861
9.4668	1.4431	0.0209	0.4179	2.4297
9.6192	1.4447	0.0223	0.4108	2.5547
9.7716	1.4542	0.0249	0.4124	2.5407
9.9240	1.4565	0.0298	0.3483	2.6716
10.0764	1.4594	0.0364	0.3187	2.6759
10.2288	1.4470	0.0371	0.2800	2.6922
10.3812	1.4546	0.0387	0.2987	2.7064
10.5336	1.4560	0.0383	0.3025	2.8006
10.6860	1.4586	0.0442	0.3201	2.9098
10.8384	1.4549	0.0373	0.3214	2.6712
10.9908	1.4384	0.0359	0.2927	2.4635
11.1432	1.4473	0.0480	0.2406	2.5697
11.2956	1.4487	0.0612	0.1951	2.7760
11.4480	1.4667	0.0731	0.1661	2.9339
11.6004	1.4687	0.0728	0.1698	2.7881
11.7528	1.4772	0.0766	0.1690	2.5637
11.9052	1.4698	0.0807	0.1401	2.5459
12.0576	1.4716	0.0909	0.1362	2.6374
12.2100	1.4589	0.0861	0.1355	2.5358
12.3624	1.4512	0.0782	0.1367	2.5179
12.5148	1.4492	0.0750	0.1429	2.5021
12.6672	1.4494	0.0767	0.1104	2.7027
12.8196	1.4647	0.0796	0.0950	2.6553
12.9720	1.4645	0.0753	0.0783	2.6249
13.1244	1.4557	0.0614	0.1410	2.5836
13.2768	1.4428	0.0557	0.2124	2.7368
13.4292	1.4291	0.0515	0.2625	2.7052
13.5816	1.4212	0.0577	0.2251	2.6586
13.7340	1.4247	0.0659	0.1941	2.5091
13.8864	1.4282	0.0705	0.1766	2.4021
14.0388	1.4300	0.0696	0.1872	2.3867
14.1912	1.4231	0.0646	0.2189	2.3856
14.3436	1.3984	0.0589	0.2136	2.3860
14.4960	1.3828	0.0528	0.2130	2.4305
14.6484	1.3822	0.0411	0.2240	2.5022
14.8008	1.4063	0.0363	0.2743	2.5351
14.9532	1.4243	0.0302	0.3360	2.6895
15.1056	1.4569	0.0306	0.3714	2.8291
15.2580	1.4559	0.0218	0.4001	2.8485
15.4104	1.4523	0.0228	0.3788	2.8276
15.5628	1.4482	0.0289	0.3410	2.6474
15.7152	1.4362	0.0267	0.3542	2.6040
15.8676	1.4512	0.0208	0.3687	2.7152
16.0200	1.4451	0.0102	0.3980	2.7568
16.1724	1.4302	0.0131	0.3805	2.8888
16.3248	1.4126	0.0159	0.4006	2.8863
16.4772	1.4326	0.0209	0.3956	2.9870
16.6296	1.4378	0.0213	0.4066	2.9788
16.7820	1.4156	0.0199	0.3919	2.9084
16.9344	1.4358	0.0218	0.3569	2.8131
17.0868	1.4429	0.0246	0.3345	2.7240
17.2392	1.4612	0.0379	0.3308	2.8259
17.3916	1.4447	0.0376	0.3727	2.8409
17.5440	1.4392	0.0364	0.4116	2.8450
17.6964	1.4419	0.0316	0.4399	2.7067
17.8488	1.4763	0.0297	0.4415	2.6855
18.0012	1.5031	0.0329	0.4442	2.7096
18.1536	1.5061	0.0424	0.4457	2.6528
18.3060	1.4977	0.0510	0.4230	2.6792
18.4584	1.4782	0.0539	0.4093	2.7795
18.6108	1.4614	0.0532	0.4035	2.8460
18.7632	1.4496	0.0483	0.4152	2.7300
18.9156	1.4541	0.0494	0.4072	2.5894
19.0680	1.4460	0.0509	0.4042	2.6315
19.2204	1.4358	0.0488	0.4107	2.6361
19.3728	1.4195	0.0418	0.3845	2.7034
19.5252	1.4425	0.0468	0.3776	2.7552
19.6776	1.4602	0.0499	0.3788	2.7814
19.8300	1.4835	0.0581	0.4176	2.9721
19.9824	1.4925	0.0568	0.4076	2.9834
20.1348	1.4949	0.0577	0.3982	3.0780
20.2872	1.4812	0.0457	0.3728	2.9097
20.4396	1.4607	0.0398	0.3700	2.8210
20.5920	1.4208	0.0335	0.3184	2.7467
20.7444	1.3873	0.0443	0.2036	2.6689
20.8968	1.3717	0.0510	0.1340	2.6095
21.0492	1.4000	0.0537	0.1841	2.5378
21.2016	1.4204	0.0402	0.3104	2.5022
21.3540	1.4334	0.0425	0.3695	2.4634
21.5064	1.4222	0.0440	0.3392	2.5444
21.6588	1.4284	0.0612	0.2610	2.5987
21.8112	1.4327	0.0687	0.1921	2.4942
21.9636	1.4531	0.0849	0.1829	2.5367
22.1160	1.4518	0.0669	0.2349	2.5321
22.2684	1.4172	0.0391	0.2883	2.4851
22.4208	1.4378	0.0580	0.2848	2.5365
22.5732	1.4533	0.0669	0.2257	2.6103
22.7256	1.4680	0.0742	0.1929	2.7052
22.8780	1.4866	0.0768	0.2223	2.7319
23.0304	1.5081	0.0807	0.2480	2.8102
23.1828	1.5233	0.0881	0.2625	3.0424
23.3352	1.5316	0.0974	0.2477	3.0986
23.4876	1.5121	0.0882	0.2393	2.9549
23.6400	1.4939	0.0787	0.2548	2.5776
23.7924	1.5023	0.0796	0.2647	2.5021
23.9448	1.5072	0.0850	0.2807	2.5023
24.0972	1.5197	0.0891	0.2398	2.5886
24.2496	1.5285	0.0905	0.2223	2.7072
24.4020	1.5409	0.0881	0.1610	2.9389
24.5544	1.5656	0.0961	0.0759	3.2196
24.7068	1.5692	0.0905	0.0902	3.1082
24.8592	1.5858	0.0907	0.1765	2.8806
25.0116	1.5870	0.0826	0.1686	2.6724
25.1640	1.5946	0.0781	0.1009	2.7283
25.3164	1.5880	0.0637	0.1387	2.9513
25.4688	1.5998	0.0644	0.2186	2.9790
25.6212	1.5962	0.0665	0.2533	2.9698
25.7736	1.5799	0.0551	0.2709	2.8161
25.9260	1.5717	0.0594	0.3264	2.7615
26.0784	1.5495	0.0497	0.4084	2.8073
26.2308	1.5402	0.0580	0.4386	2.9094
26.3832	1.5084	0.0485	0.4305	2.8508
26.5356	1.4981	0.0520	0.4162	2.9053
26.6880	1.5199	0.0641	0.3806	2.8838
26.8404	1.5466	0.0706	0.3124	2.8504
26.9928	1.5911	0.0848	0.1871	2.8871
27.1452	1.6041	0.0829	0.1630	2.8878
27.2976	1.6069	0.0949	0.2076	2.8867
27.4500	1.5917	0.0940	0.3159	2.8875
27.6024	1.5916	0.0942	0.3627	2.8565
27.7548	1.6083	0.0924	0.3940	2.9830
27.9072	1.6246	0.0992	0.3881	3.0344
28.0596	1.6305	0.0949	0.3753	3.0415
28.2120	1.6356	0.0876	0.3919	2.9293
28.3644	1.6503	0.0900	0.4046	2.9203
28.5168	1.6438	0.0883	0.3673	2.9404
28.6692	1.6368	0.0932	0.3412	2.9320
28.8216	1.6067	0.0957	0.3036	2.8317
28.9740	1.5917	0.1044	0.2719	2.8359
29.1264	1.5548	0.1013	0.2584	2.9572
29.2788	1.5280	0.0885	0.3114	2.9544
29.4312	1.5085	0.0698	0.3946	2.9077
29.5836	1.5205	0.0666	0.4010	2.6247
29.7360	1.5348	0.0712	0.3947	2.6654
29.8884	1.5517	0.0751	0.3899	2.5960
30.0408	1.5536	0.0724	0.4027	2.6462
30.1932	1.5551	0.0744	0.3942	2.5016
30.3456	1.5409	0.0759	0.3847	2.5687
30.4980	1.5291	0.0802	0.3580	2.6828
30.6504	1.5169	0.0770	0.2853	2.7675
30.8028	1.5076	0.0908	0.2245	2.7620
30.9552	1.4933	0.0939	0.1667	2.6112
31.1076	1.4878	0.0952	0.1674	2.5926
31.2600	1.5005	0.1002	0.1688	2.6304
31.4124	1.5131	0.0954	0.2032	2.7261
31.5648	1.5296	0.0879	0.2594	2.8096
31.7172	1.5481	0.0771	0.3197	2.7594
31.8696	1.5788	0.0773	0.3119	2.7621
32.0220	1.6023	0.0809	0.2686	2.7523
32.1744	1.6153	0.0912	0.2730	2.9101
32.3268	1.6119	0.0959	0.2575	2.9198
32.4792	1.6010	0.0934	0.2268	2.7773
32.6316	1.5874	0.0803	0.2439	2.6197
32.7840	1.5839	0.0799	0.2523	2.6142
32.9364	1.5871	0.0855	0.2897	2.7158
33.0888	1.5831	0.0854	0.2969	2.8669
33.2412	1.5738	0.0792	0.2919	2.7920
33.3936	1.5498	0.0786	0.2647	2.7439
33.5460	1.5351	0.0784	0.2648	2.5977
33.6984	1.5265	0.0782	0.2914	2.6007
33.8508	1.5392	0.0766	0.3285	2.6988
34.0032	1.5434	0.0775	0.3336	2.7915
34.1556	1.5528	0.0881	0.3121	2.5489
34.3080	1.5555	0.0968	0.2783	2.5135
34.4604	1.5461	0.0952	0.2749	2.4727
34.6128	1.5248	0.0868	0.2751	2.4151
34.7652	1.5047	0.0786	0.2505	2.4090
34.9176	1.4780	0.0785	0.2436	2.5029
35.0700	1.4298	0.0783	0.1770	2.4372
35.2224	1.3819	0.0685	0.1148	2.5044
35.3748	1.3903	0.0667	0.0768	2.3292
35.5272	1.4245	0.0682	0.0734	2.5280
35.6796	1.4525	0.0773	0.0822	2.4554
35.8320	1.4466	0.0857	0.1072	2.5387
35.9844	1.4514	0.0884	0.1267	2.5132
36.1368	1.4917	0.0965	0.1112	2.5967
36.2892	1.5283	0.0952	0.1497	2.6318
36.4416	1.5552	0.1010	0.1552	2.6489
36.5940	1.5692	0.1102	0.1685	2.6554
36.7464	1.5687	0.1041	0.1919	2.7355
36.8988	1.5727	0.0988	0.2610	2.8083
37.0512	1.5755	0.0882	0.3007	2.8747
37.2036	1.6016	0.0992	0.3248	2.8359
37.3560	1.6187	0.1073	0.2840	2.7908
37.5084	1.6222	0.1177	0.2318	2.6657
37.6608	1.6195	0.1243	0.2181	2.8002
37.8132	1.6089	0.1277	0.2115	2.8493
37.9656	1.5912	0.1224	0.2127	2.8720
38.1180	1.5876	0.1179	0.1515	2.6260
38.2704	1.5961	0.1157	0.1425	2.5726
38.4228	1.6123	0.1202	0.1486	2.6586
38.5752	1.5999	0.1166	0.2046	2.7744
38.7276	1.5858	0.1175	0.1993	2.7054
38.8800	1.5785	0.1220	0.1905	2.6593
39.0324	1.5755	0.1269	0.1746	2.5661
39.1848	1.5669	0.1295	0.1910	2.6604
39.3372	1.5439	0.1232	0.1769	2.7246
39.4896	1.5250	0.1211	0.1697	2.7383
39.6420	1.5195	0.1184	0.1509	2.6437
39.7944	1.5165	0.1121	0.1794	2.5766
39.9468	1.5333	0.1121	0.1943	2.5833
40.0992	1.5402	0.1093	0.1771	2.6209
40.2516	1.5751	0.1207	0.1544	2.6732
40.4040	1.6052	0.1253	0.1242	2.7653
40.5564	1.6297	0.1273	0.1132	2.8430
40.7088	1.5840	0.1114	0.0853	2.7673
40.8612	1.5126	0.1004	0.0306	2.6821
41.0136	1.4550	0.0961	0.0398	2.6028
41.1660	1.4501	0.1004	0.0755	2.6327
41.3184	1.4827	0.0995	0.1084	2.7269
41.4708	1.5344	0.0978	0.1780	2.7802
41.6232	1.5687	0.0864	0.2674	2.7372
41.7756	1.5912	0.0837	0.3259	2.7618
41.9280	1.6091	0.0857	0.3021	2.6616
42.0804	1.6283	0.0923	0.2684	2.8484
42.2328	1.6415	0.1010	0.2556	2.7590
42.3852	1.6397	0.1000	0.2573	2.7309
42.5376	1.6359	0.0995	0.2587	2.6553
42.6900	1.6180	0.0920	0.3034	2.6642
42.8424	1.5975	0.0886	0.3549	2.7453
42.9948	1.5845	0.0877	0.3614	2.6078
43.1472	1.5774	0.0859	0.3092	2.5210
43.2996	1.5716	0.0957	0.2218	2.3767
43.4520	1.5831	0.1114	0.1798	2.4647
43.6044	1.5903	0.1182	0.1381	2.5326
43.7568	1.5993	0.1150	0.1165	2.6592
43.9092	1.6008	0.1092	0.0845	2.5764
44.0616	1.6044	0.1023	0.1089	2.6701
44.2140	1.6392	0.1104	0.1835	2.8029
44.3664	1.6562	0.1057	0.2459	3.0807
44.5188	1.6677	0.1182	0.2157	3.0276
44.6712	1.6371	0.1174	0.1274	2.9222
44.8236	1.6139	0.1248	0.0510	2.7568
44.9760	1.5805	0.1152	0.1061	2.6320
45.1284	1.5620	0.1018	0.1447	2.7350
45.2808	1.5650	0.0982	0.1603	2.8391
45.4332	1.5816	0.0926	0.1686	2.9512
45.5856	1.6019	0.1030	0.1414	2.8613
45.7380	1.6078	0.0908	0.1071	2.7696
45.8904	1.6281	0.0792	0.2011	2.7867
46.0428	1.6333	0.0613	0.2953	2.7760
46.1952	1.6328	0.0634	0.3441	2.7725
46.3476	1.6289	0.0717	0.3785	2.8671
46.5000	1.6289	0.0688	0.3684	2.9332
46.6524	1.6278	0.0613	0.3881	2.9404
46.8048	1.6256	0.0616	0.4099	2.8454
46.9572	1.6327	0.0751	0.4073	2.8374
47.1096	1.6356	0.0854	0.3391	2.8883
47.2620	1.6327	0.0869	0.2279	2.9095
47.4144	1.6154	0.0735	0.1737	2.9099
47.5668	1.6032	0.0679	0.1889	2.8513
47.7192	1.5989	0.0729	0.2013	2.8151
47.8716	1.6122	0.0829	0.1584	2.8866
48.0240	1.6287	0.0893	0.1425	2.9731
48.1764	1.6543	0.0892	0.1714	3.1368
48.3288	1.6580	0.0802	0.1381	3.1920
48.4812	1.6638	0.0815	0.1263	3.3369
48.6336	1.6559	0.0849	0.1125	3.1840
48.7860	1.6529	0.0919	0.1149	3.1462
48.9384	1.6643	0.0980	0.1017	3.1087
49.0908	1.6739	0.1000	0.1216	3.0919
49.2432	1.6789	0.1016	0.1464	2.9220
49.3956	1.6639	0.0955	0.1656	2.7608
49.5480	1.6605	0.0987	0.1605	2.7716
49.7004	1.6478	0.0927	0.1566	2.8328
49.8528	1.6514	0.0928	0.1425	2.9071
50.0052	1.6527	0.0829	0.1617	3.0028
50.1576	1.6612	0.0793	0.1927	2.9869
50.3100	1.6478	0.0807	0.2262	2.9896
50.4624	1.6058	0.0788	0.2558	2.9717
50.6148	1.5582	0.0741	0.2429	2.9688
50.7672	1.5245	0.0830	0.2119	2.8435
50.9196	1.4876	0.0847	0.1359	2.6775
51.0720	1.4821	0.0961	0.1220	2.6751
51.2244	1.4897	0.0953	0.1450	2.7818
51.3768	1.5171	0.0917	0.2087	2.8890
51.5292	1.5437	0.0900	0.2219	2.8913
51.6816	1.5706	0.0909	0.2073	2.8734
51.8340	1.6092	0.0999	0.1682	2.7731
51.9864	1.6361	0.0997	0.1780	2.7839
52.1388	1.6635	0.0980	0.1991	2.8452
52.2912	1.6869	0.0989	0.2213	3.0202
52.4436	1.7081	0.1049	0.1903	3.0340
52.5960	1.6954	0.0966	0.1514	2.8957
52.7484	1.6820	0.1003	0.1183	2.7287
52.9008	1.6596	0.1011	0.1234	2.7519
53.0532	1.6512	0.1092	0.1252	2.7452
53.2056	1.6410	0.1040	0.0774	2.7647
53.3580	1.6386	0.0963	0.0641	2.7111
53.5104	1.6313	0.0803	0.1111	2.6938
53.6628	1.6394	0.0773	0.1204	2.7546
53.8152	1.6583	0.0815	0.2390	2.7761
53.9676	1.6856	0.0869	0.2973	2.9355
54.1200	1.6967	0.0789	0.2748	2.9612
54.2724	1.7032	0.0744	0.1929	2.9123
54.4248	1.6974	0.0625	0.1436	2.8282
54.5772	1.7077	0.0753	0.1314	2.9220
54.7296	1.7032	0.0812	0.1301	3.0725
54.8820	1.6895	0.0936	0.1583	3.1263
55.0344	1.6630	0.0880	0.1367	3.0421
55.1868	1.6544	0.0752	0.1256	2.9980
55.3392	1.6515	0.0721	0.1309	2.9870
55.4916	1.6408	0.0765	0.1372	2.8234
55.6440	1.6084	0.0758	0.1185	2.7680
55.7964	1.5867	0.0827	0.0896	2.6358
55.9488	1.5669	0.0776	0.1004	2.8229
56.1012	1.5755	0.0802	0.1185	2.7903
56.2536	1.5786	0.0803	0.1156	2.8421
56.4060	1.5801	0.0815	0.0651	2.6769
56.5584	1.5813	0.0771	0.1199	2.7991
56.7108	1.5904	0.0781	0.1775	2.8190
56.8632	1.5915	0.0748	0.1616	2.9681
57.0156	1.5999	0.0716	0.1360	3.0159
57.1680	1.5942	0.0556	0.1037	3.0386
57.3204	1.6097	0.0576	0.1057	3.0383
57.4728	1.5957	0.0495	0.1465	3.0118
57.6252	1.5953	0.0484	0.1268	2.9508
57.7776	1.5882	0.0303	0.1112	2.9131
57.9300	1.6188	0.0304	0.0952	2.8636
58.0824	1.6384	0.0343	0.1039	2.8429
58.2348	1.6522	0.0379	0.0790	2.8471
58.3872	1.6418	0.0365	0.0374	2.8566
58.5396	1.6401	0.0390	0.0370	2.9516
58.6920	1.6410	0.0448	0.0538	2.8986
58.8444	1.6281	0.0472	0.0917	2.9446
58.9968	1.6042	0.0430	0.1426	2.8805
59.1492	1.5901	0.0379	0.1518	2.9590
59.3016	1.5745	0.0289	0.1366	3.0010
59.4540	1.5885	0.0309	0.0836	3.0663
59.6064	1.5926	0.0190	0.0780	2.9308
59.7588	1.6204	0.0221	0.0356	2.9016
59.9112	1.6332	0.0283	0.0274	2.9633
60.0636	1.6447	0.0368	0.0883	3.1774
60.2160	1.6479	0.0386	0.1028	3.1637
60.3684	1.6573	0.0419	0.0963	3.1063
60.5208	1.6688	0.0459	0.0832	3.1785
60.6732	1.6806	0.0527	0.1019	3.3895
60.8256	1.6857	0.0577	0.1089	3.3797
60.9780	1.6915	0.0639	0.1045	3.2700
61.1304	1.6987	0.0671	0.0969	3.1421
61.2828	1.7070	0.0684	0.0688	3.2268
61.4352	1.7106	0.0676	0.0783	3.1045
61.5876	1.7078	0.0634	0.0921	3.0846
61.7400	1.6959	0.0602	0.1437	3.0104
61.8924	1.6867	0.0654	0.1508	3.1823
62.0448	1.6661	0.0611	0.1609	3.1640
62.1972	1.6608	0.0583	0.1406	3.0636
62.3496	1.6643	0.0535	0.1028	3.0182
62.5020	1.6797	0.0560	0.0651	3.0466
62.6544	1.6725	0.0476	0.0657	3.1749
62.8068	1.6596	0.0448	0.1031	3.3390
62.9592	1.6463	0.0372	0.1479	3.3085
63.1116	1.6418	0.0384	0.1372	3.3179
63.2640	1.6331	0.0280	0.1233	3.1869
63.4164	1.6366	0.0254	0.0843	3.1780
63.5688	1.6371	0.0272	0.0943	3.1175
63.7212	1.6350	0.0351	0.1411	3.1271
63.8736	1.6286	0.0407	0.1899	3.1227
64.0260	1.6420	0.0474	0.1834	3.1002
64.1784	1.6525	0.0433	0.1428	3.1717
64.3308	1.6666	0.0508	0.1596	3.1125
64.4832	1.6616	0.0479	0.1483	3.1745
64.6356	1.6749	0.0580	0.1132	3.2202
64.7880	1.6895	0.0447	0.1000	3.1502
64.9404	1.7058	0.0465	0.1333	3.1080
65.0928	1.6997	0.0416	0.1894	3.1333
65.2452	1.6828	0.0342	0.1636	3.1013
65.3976	1.6704	0.0313	0.1067	2.9758
65.5500	1.6810	0.0370	0.0764	2.8209
65.7024	1.6890	0.0441	0.0662	2.9586
65.8548	1.6966	0.0496	0.0618	2.9633
66.0072	1.6811	0.0465	0.0741	2.9825
66.1596	1.6828	0.0514	0.1026	2.9681
66.3120	1.6877	0.0549	0.1295	3.1046
66.4644	1.7073	0.0623	0.1240	3.1545
66.6168	1.7142	0.0599	0.0764	3.1146
66.7692	1.7182	0.0568	0.0866	3.1474
66.9216	1.7205	0.0525	0.1087	3.0426
67.0740	1.7186	0.0489	0.1255	3.0177
67.2264	1.7156	0.0458	0.0967	3.1383
67.3788	1.7194	0.0391	0.0409	3.2044
67.5312	1.7245	0.0399	0.0614	3.2098
67.6836	1.7323	0.0451	0.1127	3.1021
67.8360	1.7270	0.0479	0.1431	3.0830
67.9884	1.7262	0.0502	0.1360	3.1711
68.1408	1.7063	0.0457	0.1162	3.1932
68.2932	1.6919	0.0433	0.1166	3.2523
68.4456	1.6705	0.0341	0.1130	3.2239
68.5980	1.6649	0.0286	0.0960	3.2070
68.7504	1.6630	0.0224	0.0686	3.1788
68.9028	1.6758	0.0237	0.0754	3.1917
69.0552	1.6892	0.0298	0.0750	3.1668
69.2076	1.7005	0.0392	0.0814	3.1763
69.3600	1.6984	0.0383	0.0901	3.2428
69.5124	1.7017	0.0389	0.1018	3.1981
69.6648	1.6969	0.0364	0.0890	3.2704
69.8172	1.6999	0.0404	0.0640	3.2551
69.9696	1.6922	0.0422	0.0431	3.4652
70.1220	1.6913	0.0431	0.0286	3.4857
70.2744	1.6923	0.0431	0.0390	3.4641
70.4268	1.6943	0.0367	0.0776	3.3448
70.5792	1.6961	0.0357	0.1003	3.1986
70.7316	1.6868	0.0313	0.0983	3.2128
70.8840	1.6752	0.0289	0.0997	3.2293
71.0364	1.6657	0.0222	0.0907	3.2380
71.1888	1.6704	0.0286	0.0694	3.3824
71.3412	1.6811	0.0335	0.0379	3.2077
71.4936	1.6844	0.0326	0.0369	2.9996
71.6460	1.6745	0.0249	0.0278	2.7783
71.7984	1.6680	0.0212	0.0569	2.9007
71.9508	1.6731	0.0268	0.0952	3.1634
72.1032	1.6745	0.0283	0.1033	3.2731
72.2556	1.6731	0.0265	0.1103	3.2243
72.4080	1.6680	0.0213	0.0877	3.1796
72.5604	1.6768	0.0268	0.0787	3.2141
72.7128	1.6938	0.0339	0.0749	3.1956
72.8652	1.6906	0.0351	0.0474	3.1871
73.0176	1.6927	0.0400	0.0277	3.1547
73.1700	1.6752	0.0328	0.0265	3.0956
73.3224	1.6783	0.0329	0.0751	3.0931
73.4748	1.6676	0.0196	0.1284	2.9726
73.6272	1.6740	0.0206	0.1498	3.1021
73.7796	1.6718	0.0165	0.1321	3.1539
73.9320	1.6836	0.0176	0.0739	3.2633
74.0844	1.6947	0.0117	0.0596	3.4366
74.2368	1.7150	0.0184	0.0508	3.4283
74.3892	1.7044	0.0171	0.0763	3.4043
74.5416	1.6945	0.0205	0.0880	3.1786
74.6940	1.6766	0.0147	0.0841	3.1343
74.8464	1.6734	0.0149	0.0710	3.1780
74.9988	1.6768	0.0162	0.0429	3.2780
75.1512	1.6791	0.0162	0.0370	3.2971
75.3036	1.6912	0.0220	0.0653	3.2486
75.4560	1.6920	0.0191	0.0760	3.1615
75.6084	1.6904	0.0141	0.0623	3.1061
75.7608	1.6853	0.0087	0.0283	3.0873
75.9132	1.6788	0.0037	0.0112	3.1257
76.0656	1.6860	0.0082	0.0380	3.1631
76.2180	1.6805	0.0047	0.0797	3.1378
76.3704	1.6759	0.0034	0.1107	3.1266
76.5228	1.6621	-0.0008	0.1022	3.2236
76.6752	1.6539	0.0042	0.0936	3.5168
76.8276	1.6464	0.0046	0.0831	3.5247
76.9800	1.6418	0.0033	0.0982	3.4888
77.1324	1.6439	0.0008	0.0715	3.3129
77.2848	1.6616	0.0124	0.0845	3.2753
77.4372	1.6912	0.0292	0.0793	3.3373
77.5896	1.7060	0.0385	0.0755	3.3315
77.7420	1.7140	0.0441	0.0607	3.3609
77.8944	1.7093	0.0405	0.0716	3.2597
78.0468	1.6997	0.0346	0.0659	3.0767
78.1992	1.6910	0.0307	0.0567	3.1758
78.3516	1.6921	0.0347	0.0232	3.3529
78.5040	1.7058	0.0420	0.0354	3.4434
78.6564	1.7120	0.0470	0.0556	3.4025
78.8088	1.7147	0.0458	0.0715	3.2374
78.9612	1.7185	0.0491	0.0911	3.3492
79.1136	1.7208	0.0445	0.0633	3.2928
79.2660	1.7305	0.0466	0.0518	3.3997
79.4184	1.7379	0.0490	0.0545	3.3237
79.5708	1.7492	0.0595	0.0394	3.3260
79.7232	1.7210	0.0506	0.0880	3.1214
79.8756	1.6963	0.0484	0.1307	3.0918
80.0280	1.6791	0.0507	0.1581	3.1135
80.1804	1.6804	0.0514	0.1012	3.1369
80.3328	1.6774	0.0468	0.0759	3.1604
80.4852	1.6686	0.0342	0.0461	3.2590
80.6376	1.6643	0.0333	0.0723	3.4274
80.7900	1.6738	0.0439	0.0800	3.4996
80.9424	1.6764	0.0515	0.0884	3.3226
81.0948	1.6834	0.0558	0.1055	3.3459
81.2472	1.6907	0.0459	0.1085	3.2507
81.3996	1.7111	0.0402	0.1136	3.2578
81.5520	1.7137	0.0322	0.1108	3.1401
81.7044	1.7132	0.0265	0.1083	3.3102
81.8568	1.7000	0.0181	0.1074	3.3693
82.0092	1.6953	0.0097	0.1031	3.2343
82.1616	1.6972	0.0092	0.1014	3.1641
82.3140	1.7135	0.0160	0.0817	3.3395
82.4664	1.7382	0.0270	0.0504	3.4946
82.6188	1.7493	0.0306	0.0569	3.2401
82.7712	1.7362	0.0319	0.0629	3.0757
82.9236	1.7271	0.0199	0.0931	2.9756
83.0760	1.7133	0.0357	0.0922	3.3722
83.2284	1.7193	0.0421	0.1065	3.5313
83.3808	1.7135	0.0337	0.0975	3.6715
83.5332	1.7291	0.0350	0.1054	3.6075
83.6856	1.7452	0.0409	0.1221	3.5846
83.8380	1.7732	0.0527	0.1092	3.5349
83.9904	1.7844	0.0513	0.0945	3.3891
84.1428	1.7815	0.0429	0.0506	3.3127
84.2952	1.7683	0.0338	0.0500	3.3411
84.4476	1.7695	0.0366	0.0811	3.4909
84.6000	1.7729	0.0428	0.1101	3.5099
84.7524	1.7687	0.0348	0.1253	3.2927
84.9048	1.7546	0.0226	0.1109	3.1344
85.0572	1.7503	0.0251	0.1321	2.9655
85.2096	1.7581	0.0389	0.1370	3.0227
85.3620	1.7669	0.0472	0.1025	3.1849
85.5144	1.7664	0.0386	0.0542	3.3707
85.6668	1.7712	0.0348	0.1052	3.2832
85.8192	1.7664	0.0281	0.1048	3.2520
85.9716	1.7836	0.0377	0.1222	3.0975
86.1240	1.7952	0.0455	0.1198	3.2511
86.2764	1.8177	0.0579	0.1216	3.1068
86.4288	1.8084	0.0539	0.0875	3.1514
86.5812	1.7971	0.0521	0.0629	3.2687
86.7336	1.7783	0.0483	0.0466	3.2422
86.8860	1.7735	0.0529	0.0704	3.2682
87.0384	1.7617	0.0503	0.0796	3.1267
87.1908	1.7700	0.0566	0.0835	3.2022
87.3432	1.7713	0.0565	0.0811	3.1419
87.4956	1.7829	0.0649	0.0732	3.2088
87.6480	1.7706	0.0610	0.0746	3.1313
87.8004	1.7618	0.0566	0.0739	3.0743
87.9528	1.7595	0.0477	0.0652	2.8939
88.1052	1.7598	0.0447	0.0480	2.9619
88.2576	1.7551	0.0475	0.0624	3.0245
88.4100	1.7378	0.0489	0.0828	3.0910
88.5624	1.7283	0.0481	0.0679	2.9668
88.7148	1.7156	0.0417	0.0370	3.0314
88.8672	1.7113	0.0369	0.0251	3.0962
89.0196	1.7082	0.0348	0.0499	3.2412
89.1720	1.7057	0.0327	0.0843	3.2537
89.3244	1.7147	0.0367	0.0732	3.3398
89.4768	1.7125	0.0374	0.0633	3.2892
89.6292	1.6977	0.0353	0.0363	3.2700
89.7816	1.6709	0.0316	0.0436	3.2086
89.9340	1.6529	0.0274	0.0564	3.2039
90.0864	1.6593	0.0338	0.0617	3.2694
90.2388	1.6634	0.0373	0.0782	3.3475
90.3912	1.6788	0.0419	0.0779	3.4829
90.5436	1.6886	0.0392	0.0372	3.3727
90.6960	1.7111	0.0424	0.0228	3.3814
90.8484	1.7219	0.0439	0.0298	3.3037
91.0008	1.7279	0.0534	0.0356	3.4059
91.1532	1.7158	0.0539	0.0460	3.4375
91.3056	1.7163	0.0568	0.0353	3.4510
91.4580	1.7119	0.0513	0.0144	3.5954
91.6104	1.7212	0.0549	0.0620	3.3504
91.7628	1.7132	0.0550	0.0589	3.3992
91.9152	1.7160	0.0546	0.0500	3.2467
92.0676	1.7092	0.0453	0.0311	3.3703
92.2200	1.7106	0.0387	0.0288	3.3769
92.3724	1.7078	0.0397	0.0254	3.2906
92.5248	1.7105	0.0428	0.0400	3.2699
92.6772	1.7007	0.0496	0.0496	3.3691
92.8296	1.7071	0.0498	0.0410	3.4476
92.9820	1.7070	0.0437	0.0183	3.2609
93.1344	1.7134	0.0456	0.0289	3.1742
93.2868	1.7048	0.0426	0.0395	3.1392
93.4392	1.7008	0.0374	0.0435	3.1922
93.5916	1.7122	0.0363	0.0471	3.2659
93.7440	1.7331	0.0425	0.0323	3.3429
93.8964	1.7516	0.0478	0.0307	3.3553
94.0488	1.7410	0.0421	0.0245	3.2424
94.2012	1.7285	0.0327	0.0551	3.2177
94.3536	1.7237	0.0271	0.0695	3.1151
94.5060	1.7282	0.0306	0.0660	3.1019
94.6584	1.7086	0.0276	0.0628	3.0702
94.8108	1.6907	0.0240	0.0532	3.0959
94.9632	1.6800	0.0180	0.0555	3.1311
95.1156	1.6883	0.0146	0.0507	3.1368
95.2680	1.6967	0.0140	0.0670	3.1947
95.4204	1.7015	0.0127	0.0542	3.1860
95.5728	1.7046	0.0108	0.0262	3.2483
95.7252	1.6983	0.0048	0.0314	3.1543
95.8776	1.6956	0.0045	0.0708	3.2524
96.0300	1.6985	0.0080	0.0885	3.2307
96.1824	1.7024	0.0118	0.0755	3.3674
96.3348	1.6997	0.0113	0.0431	3.3740
96.4872	1.6932	0.0111	0.0285	3.4679
96.6396	1.6880	0.0110	0.0313	3.5094
96.7920	1.6923	0.0126	0.0608	3.5332
96.9444	1.7021	0.0134	0.0753	3.4364
97.0968	1.7165	0.0095	0.0564	3.2037
97.2492	1.7206	0.0071	0.0420	3.2695
97.4016	1.7109	-0.0009	0.0669	3.2553
97.5540	1.7066	0.0025	0.0977	3.4001
97.7064	1.7009	0.0014	0.1187	3.3555
97.8588	1.7118	0.0133	0.1002	3.3416
98.0112	1.7155	0.0189	0.0403	3.4065
98.1636	1.7291	0.0257	0.0437	3.4015
98.3160	1.7324	0.0247	0.0629	3.4740
98.4684	1.7312	0.0228	0.0583	3.4622
98.6208	1.7361	0.0210	0.0808	3.3312
98.7732	1.7367	0.0193	0.1025	3.3506
98.9256	1.7309	0.0162	0.0844	3.1936
99.0780	1.7285	0.0241	0.0557	3.2851
99.2304	1.7282	0.0282	0.0335	3.2255
99.3828	1.7408	0.0364	0.0332	3.3374
99.5352	1.7390	0.0274	0.0461	3.3071
99.6876	1.7466	0.0241	0.0532	3.2717
99.8400	1.7368	0.0177	0.0312	3.2621
99.9924	1.7342	0.0206	0.0507	3.3498
100.1448	1.7200	0.0182	0.0588	3.3387
100.2972	1.7153	0.0167	0.0855	3.3983
100.4496	1.7173	0.0152	0.0880	3.3675
100.6020	1.7245	0.0153	0.0470	3.4737
100.7544	1.7376	0.0157	0.0119	3.5333
100.9068	1.7324	0.0118	0.0345	3.5369
101.0592	1.7298	0.0117	0.0198	3.4306
101.2116	1.7164	0.0152	0.0707	3.2565
101.3640	1.7001	0.0123	0.1003	3.1166
101.5164	1.6836	0.0103	0.0985	3.0743
101.6688	1.6881	0.0090	0.0642	3.0533
101.8212	1.7113	0.0173	0.0404	3.1992
101.9736	1.7357	0.0247	0.0377	3.3446
102.1260	1.7420	0.0277	0.0778	3.5467
102.2784	1.7523	0.0296	0.1022	3.5402
102.4308	1.7520	0.0316	0.0607	3.5086
102.5832	1.7528	0.0288	0.0307	3.2323
102.7356	1.7294	0.0145	0.0375	3.1165
102.8880	1.7167	0.0100	0.0484	3.1243
103.0404	1.7287	0.0167	0.0482	3.2391
103.1928	1.7445	0.0119	0.0390	3.2262
103.3452	1.7711	0.0026	0.0375	3.0616
103.4976	1.7818	-0.0053	0.0593	2.9195
103.6500	1.7778	0.0017	0.0584	3.0125
103.8024	1.7678	0.0092	0.0754	3.1509
103.9548	1.7562	0.0098	0.0931	3.2419
104.1072	1.7516	0.0144	0.1128	3.2564
104.2596	1.7367	0.0128	0.1245	3.3027
104.4120	1.7248	0.0140	0.0911	3.5183
104.5644	1.7256	0.0151	0.0541	3.5358
104.7168	1.7292	0.0139	0.0418	3.5093
104.8692	1.7323	0.0109	0.0529	3.3729
105.0216	1.7316	0.0105	0.0565	3.3120
105.1740	1.7290	0.0117	0.0540	3.3130
105.3264	1.7230	0.0099	0.0628	3.2033
105.4788	1.7075	0.0064	0.0802	3.1340
105.6312	1.7006	0.0085	0.0684	3.1080
105.7836	1.7001	0.0076	0.0721	3.2754
105.9360	1.7093	0.0104	0.0631	3.4731
106.0884	1.7223	0.0161	0.0626	3.4480
106.2408	1.7188	0.0195	0.0525	3.3896
106.3932	1.7170	0.0191	0.0508	3.2974
106.5456	1.7024	0.0176	0.0155	3.4055
106.6980	1.6966	0.0149	0.0268	3.2981
106.8504	1.6931	0.0172	0.0465	3.2167
107.0028	1.6945	0.0201	0.0641	3.2167
107.1552	1.6948	0.0243	0.0825	3.2445
107.3076	1.6941	0.0197	0.0743	3.2818
107.4600	1.6957	0.0186	0.1043	3.2019
107.6124	1.7073	0.0218	0.0908	3.2831
107.7648	1.7112	0.0238	0.0818	3.3111
107.9172	1.7248	0.0265	0.0348	3.2823
108.0696	1.7289	0.0290	0.0356	3.1386
108.2220	1.7477	0.0483	0.0442	3.1777
108.3744	1.7509	0.0621	0.0316	3.2165
108.5268	1.7457	0.0694	0.0365	3.3227
108.6792	1.7212	0.0570	0.0355	3.2413
108.8316	1.7036	0.0464	0.0517	3.1222
108.9840	1.6962	0.0356	0.0427	2.9169
109.1364	1.7046	0.0373	0.0392	2.9109
109.2888	1.7133	0.0388	0.0342	2.9204
109.4412	1.7215	0.0474	0.0189	3.0431
109.5936	1.7256	0.0491	0.0270	3.1441
109.7460	1.7284	0.0475	0.0174	3.1760
109.8984	1.7378	0.0492	0.0405	3.3497
110.0508	1.7341	0.0449	0.0605	3.3577
110.2032	1.7269	0.0430	0.0929	3.4304
110.3556	1.7093	0.0324	0.0894	3.3448
110.5080	1.6994	0.0264	0.0792	3.3805
110.6604	1.7041	0.0265	0.0518	3.3312
110.8128	1.7109	0.0273	0.0495	3.3587
110.9652	1.7266	0.0298	0.0441	3.3723
111.1176	1.7246	0.0251	0.0310	3.4785
111.2700	1.7413	0.0358	0.0400	3.3533
111.4224	1.7277	0.0374	0.0903	3.2945
111.5748	1.7263	0.0422	0.1073	3.1731
111.7272	1.7072	0.0340	0.1459	3.1841
111.8796	1.7142	0.0395	0.1071	3.2986
112.0320	1.7092	0.0405	0.0992	3.4512
112.1844	1.7142	0.0404	0.0548	3.5661
112.3368	1.7088	0.0357	0.0623	3.4748
112.4892	1.7078	0.0322	0.0757	3.4436
112.6416	1.6994	0.0277	0.0638	3.3984
112.7940	1.7089	0.0311	0.0956	3.4331
112.9464	1.7197	0.0314	0.0733	3.3864
113.0988	1.7382	0.0308	0.0890	3.3343
113.2512	1.7457	0.0316	0.0775	3.3946
113.4036	1.7657	0.0413	0.0765	3.5212
113.5560	1.7673	0.0460	0.0477	3.6264
113.7084	1.7728	0.0482	0.0401	3.4784
113.8608	1.7740	0.0513	0.0320	3.4189
114.0132	1.7738	0.0491	0.0617	3.3778
114.1656	1.7689	0.0468	0.0527	3.4093
114.3180	1.7697	0.0433	0.0653	3.3834
114.4704	1.7602	0.0415	0.0564	3.4155
114.6228	1.7562	0.0451	0.0487	3.4398
114.7752	1.7453	0.0448	0.0345	3.3965
114.9276	1.7641	0.0527	0.0428	3.2274
115.0800	1.7790	0.0605	0.0446	3.0582
115.2324	1.7917	0.0694	0.0552	2.9800
115.3848	1.7903	0.0744	0.0535	3.0694
115.5372	1.7917	0.0724	0.0371	2.9926
115.6896	1.7926	0.0706	0.0327	3.0696
115.8420	1.7892	0.0643	0.0504	3.0811
115.9944	1.7842	0.0646	0.0542	3.1609
116.1468	1.7897	0.0654	0.0477	3.0240
116.2992	1.7831	0.0627	0.0368	2.9775
116.4516	1.7892	0.0638	0.0542	3.0729
116.6040	1.7879	0.0637	0.0500	3.1210
116.7564	1.7905	0.0603	0.0582	3.1932
116.9088	1.7653	0.0449	0.0609	3.2322
117.0612	1.7293	0.0183	0.0569	3.4716
117.2136	1.7187	0.0051	0.0767	3.5400
117.3660	1.7316	0.0063	0.0389	3.5501
117.5184	1.7501	0.0226	0.0468	3.4514
117.6708	1.7490	0.0269	0.0537	3.2494
117.8232	1.7428	0.0282	0.0416	3.2422
117.9756	1.7346	0.0214	0.0420	3.2622
118.1280	1.7368	0.0242	0.0413	3.4275
118.2804	1.7241	0.0173	0.0375	3.3668
118.4328	1.7227	0.0193	0.0674	3.2476
118.5852	1.7324	0.0255	0.0876	3.2225
118.7376	1.7489	0.0361	0.0712	3.3488
118.8900	1.7655	0.0411	0.0474	3.4347
119.0424	1.7737	0.0420	0.0362	3.4669
119.1948	1.7751	0.0400	0.0388	3.3554
119.3472	1.7688	0.0380	0.0370	3.2173
119.4996	1.7706	0.0417	0.0478	3.2301
119.6520	1.7800	0.0500	0.0469	3.3284
119.8044	1.7857	0.0531	0.0483	3.4718
119.9568	1.7813	0.0484	0.0546	3.4953
120.1092	1.7912	0.0459	0.0405	3.3962
120.2616	1.7915	0.0429	0.0526	3.3587
120.4140	1.7955	0.0464	0.0571	3.2941
120.5664	1.7768	0.0402	0.0707	3.2510
120.7188	1.7727	0.0387	0.0437	3.2426
120.8712	1.7601	0.0357	0.0440	3.2447
121.0236	1.7641	0.0342	0.0468	3.3122
121.1760	1.7686	0.0402	0.0692	3.2512
121.3284	1.7813	0.0386	0.0627	3.2162
121.4808	1.7868	0.0393	0.0495	3.2202
121.6332	1.7888	0.0397	0.0401	3.2193
121.7856	1.7803	0.0464	0.0547	3.2659
121.9380	1.7620	0.0457	0.0523	3.1587
122.0904	1.7604	0.0501	0.0687	3.1536
122.2428	1.7693	0.0550	0.0579	3.2154
122.3952	1.7912	0.0667	0.0590	3.3693
122.5476	1.7930	0.0672	0.0466	3.3077
122.7000	1.7889	0.0647	0.0325	3.3422
122.8524	1.7708	0.0514	0.0234	3.3690
123.0048	1.7663	0.0474	0.0150	3.4849
123.1572	1.7606	0.0373	0.0133	3.3392
123.3096	1.7620	0.0329	0.0247	3.1633
123.4620	1.7658	0.0369	0.0492	3.3217
123.6144	1.7683	0.0383	0.0680	3.1895
123.7668	1.7848	0.0493	0.0781	3.3725
123.9192	1.7904	0.0463	0.0542	2.9960
124.0716	1.7973	0.0505	0.0275	3.2319
124.2240	1.8041	0.0561	0.0365	3.1805
124.3764	1.7954	0.0567	0.0707	3.1718
124.5288	1.7909	0.0578	0.1107	3.0142
124.6812	1.7719	0.0474	0.1054	2.9945
124.8336	1.7665	0.0394	0.0858	3.0189
124.9860	1.7538	0.0297	0.0576	3.0916
125.1384	1.7488	0.0209	0.0336	2.9205
125.2908	1.7556	0.0295	0.0644	3.0924
125.4432	1.7492	0.0212	0.0796	2.9714
125.5956	1.7592	0.0270	0.0801	3.2328
125.7480	1.7598	0.0188	0.0198	3.2187
125.9004	1.7738	0.0276	0.0368	3.2699
126.0528	1.7629	0.0191	0.0717	3.0218
126.2052	1.7507	0.0160	0.0246	2.9651
126.3576	1.7506	0.0251	0.0161	2.9880
126.5100	1.7572	0.0376	0.0196	3.1655
126.6624	1.7583	0.0426	0.0227	3.2056
126.8148	1.7510	0.0411	0.0142	3.2314
126.9672	1.7444	0.0376	0.0151	3.2533
127.1196	1.7404	0.0365	0.0292	3.2360
127.2720	1.7344	0.0390	0.0194	3.3812
127.4244	1.7355	0.0554	0.0429	3.3078
127.5768	1.7290	0.0596	0.0774	3.2391
127.7292	1.7162	0.0527	0.0808	3.0859
127.8816	1.7008	0.0393	0.0710	2.9585
128.0340	1.6975	0.0450	0.0738	3.1459
128.1864	1.6888	0.0463	0.0538	3.1502
128.3388	1.6878	0.0350	0.0679	3.2883
128.4912	1.6762	0.0113	0.0905	3.1111
128.6436	1.6833	0.0099	0.1815	3.1287
128.7960	1.6967	0.0151	0.2347	3.1701
128.9484	1.7292	0.0220	0.2280	3.2021
129.1008	1.7528	0.0155	0.1347	3.3961
129.2532	1.7675	0.0114	0.0560	3.5116
129.4056	1.7524	0.0029	0.0497	3.6000
129.5580	1.7485	0.0055	0.0757	3.4920
129.7104	1.7272	0.0005	0.1209	3.3724
129.8628	1.7210	0.0000	0.1504	3.2006
130.0152	1.7213	-0.0049	0.1604	3.1473
130.1676	1.7282	-0.0051	0.1145	3.3041
130.3200	1.7411	-0.0027	0.0851	3.4898
130.4724	1.7509	0.0022	0.0469	3.5489
130.6248	1.7615	0.0020	0.0628	3.5112
130.7772	1.7605	0.0027	0.0629	3.5303
130.9296	1.7547	-0.0045	0.0633	3.4473
131.0820	1.7502	-0.0091	0.0431	3.3173
131.2344	1.7507	-0.0086	0.0344	3.3040
131.3868	1.7507	-0.0048	0.0283	3.4096
131.5392	1.7575	-0.0029	0.0611	3.2539
131.6916	1.7680	-0.0012	0.0623	3.3240
131.8440	1.7827	-0.0010	0.0556	3.2473
131.9964	1.7765	0.0014	0.0318	3.3980
132.1488	1.7623	-0.0004	0.0632	3.2237
132.3012	1.7353	-0.0065	0.0659	3.2203
132.4536	1.7366	-0.0069	0.0608	3.3151
132.6060	1.7369	-0.0084	0.0495	3.4383
132.7584	1.7506	-0.0027	0.0517	3.4915
132.9108	1.7554	-0.0046	0.0727	3.3517
133.0632	1.7668	-0.0051	0.0478	3.2923
133.2156	1.7662	-0.0098	0.0270	3.1790
133.3680	1.7668	-0.0098	0.0367	3.2741
133.5204	1.7594	-0.0084	0.0398	3.3873
133.6728	1.7710	-0.0000	0.0432	3.4764
133.8252	1.7717	-0.0044	0.0586	3.3548
133.9776	1.7689	-0.0093	0.0229	3.3297
134.1300	1.7620	-0.0085	0.0298	3.4622
134.2824	1.7618	-0.0022	0.0397	3.5901
134.4348	1.7611	0.0020	0.0442	3.5613
134.5872	1.7610	0.0005	0.0761	3.5019
134.7396	1.7685	-0.0000	0.0716	3.5161
134.8920	1.7771	0.0027	0.0634	3.5485
135.0444	1.7779	0.0020	0.0709	3.4018
135.1968	1.7687	0.0014	0.0968	3.4196
135.3492	1.7682	-0.0006	0.1066	3.3420
135.5016	1.7722	-0.0028	0.0841	3.4316
135.6540	1.7886	0.0016	0.0749	3.4860
135.8064	1.7922	0.0025	0.0675	3.6066
135.9588	1.8124	0.0111	0.0513	3.6175
136.1112	1.8133	0.0118	0.0673	3.5357
136.2636	1.8098	0.0135	0.0543	3.4831
136.4160	1.7987	0.0135	0.0315	3.4731
136.5684	1.7869	0.0129	0.0337	3.3863
136.7208	1.7814	0.0139	0.0554	3.4102
136.8732	1.7728	0.0113	0.0357	3.5038
137.0256	1.7706	0.0045	0.0406	3.4926
137.1780	1.7841	0.0058	0.0862	3.3704
137.3304	1.7871	0.0013	0.0722	3.2268
137.4828	1.7843	-0.0012	0.0692	3.3157
137.6352	1.7776	-0.0034	0.0737	3.4010
137.7876	1.7799	0.0028	0.0633	3.5108
137.9400	1.7872	0.0130	0.0164	3.5648
138.0924	1.7721	0.0170	0.0469	3.6343
138.2448	1.7511	0.0260	0.1425	3.5582
138.3972	1.7219	0.0225	0.2450	3.5349
138.5496	1.7248	0.0206	0.2594	3.3382
138.7020	1.7299	0.0100	0.1793	3.3986
138.8544	1.7480	0.0116	0.0886	3.4573
139.0068	1.7622	0.0146	0.0621	3.5601
139.1592	1.7718	0.0211	0.0651	3.4432
139.3116	1.7948	0.0268	0.0466	3.3576
139.4640	1.7993	0.0393	0.0177	3.4422
139.6164	1.8002	0.0375	0.0213	3.4429
139.7688	1.7855	0.0307	0.0507	3.3471
139.9212	1.7754	0.0278	0.0533	3.2251
140.0736	1.7695	0.0305	0.0212	3.3206
140.2260	1.7894	0.0453	0.0345	3.4226
140.3784	1.8107	0.0573	0.0484	3.4641
140.5308	1.8148	0.0616	0.0904	3.3749
140.6832	1.7988	0.0524	0.0664	3.3024
140.8356	1.7935	0.0467	0.0578	3.2562
140.9880	1.8042	0.0560	0.0280	3.3308
141.1404	1.8127	0.0636	0.0450	3.3399
141.2928	1.7958	0.0552	0.0499	3.3361
141.4452	1.7969	0.0500	0.0492	3.2605
141.5976	1.7957	0.0450	0.0565	3.3021
141.7500	1.7980	0.0437	0.0535	3.3418
141.9024	1.7812	0.0282	0.0505	3.3458
142.0548	1.7792	0.0258	0.0444	3.3770
142.2072	1.7858	0.0327	0.0280	3.4643
142.3596	1.7874	0.0367	0.0450	3.5007
142.5120	1.7806	0.0332	0.0228	3.5254
142.6644	1.7847	0.0282	0.0279	3.4535
142.8168	1.8004	0.0289	0.0492	3.3730
142.9692	1.8087	0.0266	0.0331	3.1801
143.1216	1.8073	0.0234	0.0366	3.0049
143.2740	1.8029	0.0254	0.0403	2.9411
143.4264	1.8052	0.0321	0.0317	2.9910
143.5788	1.8068	0.0390	0.0294	2.9130
143.7312	1.8187	0.0525	0.0446	3.1654
143.8836	1.8233	0.0555	0.0383	3.3638
144.0360	1.8145	0.0519	0.0201	3.5563
144.1884	1.8081	0.0450	0.0372	3.3123
144.3408	1.8028	0.0383	0.0387	3.2227
144.4932	1.8150	0.0373	0.0482	3.3183
144.6456	1.8176	0.0299	0.0463	3.4656
144.7980	1.8210	0.0235	0.0470	3.3984
144.9504	1.8124	0.0178	0.0397	3.3199
145.1028	1.8171	0.0216	0.0525	3.2586
145.2552	1.8101	0.0224	0.0543	3.3966
145.4076	1.8223	0.0289	0.0603	3.3964
145.5600	1.7986	0.0170	0.0609	3.4740
145.7124	1.7895	0.0127	0.0441	3.3804
145.8648	1.7781	0.0070	0.0482	3.4205
146.0172	1.7988	0.0170	0.0257	3.4521
146.1696	1.8096	0.0207	0.0138	3.4745
146.3220	1.8132	0.0243	0.0154	3.4279
146.4744	1.8047	0.0181	0.0318	3.3402
146.6268	1.7982	0.0169	0.0150	3.3161
146.7792	1.7944	0.0214	0.0656	3.3136
146.9316	1.7900	0.0225	0.1094	3.3679
147.0840	1.7901	0.0199	0.1223	3.3112
147.2364	1.7873	0.0127	0.0516	3.3066
147.3888	1.7803	0.0110	0.0325	3.2958
147.5412	1.7926	0.0157	0.0819	3.2847
147.6936	1.7912	0.0135	0.0652	3.1714
147.8460	1.7894	0.0063	0.0734	3.1582
147.9984	1.7847	0.0032	0.0597	3.2277
148.1508	1.7946	0.0049	0.0567	3.3784
148.3032	1.8107	0.0144	0.0521	3.3472
148.4556	1.8119	0.0148	0.0850	3.3023
148.6080	1.7939	0.0108	0.0746	3.2680
148.7604	1.7879	0.0151	0.0255	3.2704
148.9128	1.7880	0.0221	0.0294	3.2633
149.0652	1.8042	0.0386	0.0724	3.1718
149.2176	1.8089	0.0416	0.0777	3.1514
149.3700	1.8176	0.0439	0.0581	3.1605
149.5224	1.8253	0.0425	0.0539	3.2275
149.6748	1.8355	0.0517	0.0556	3.4687
149.8272	1.8364	0.0539	0.0477	3.4871
149.9796	1.8329	0.0551	0.0332	3.4122
150.1320	1.8225	0.0491	0.0533	3.1768
150.2844	1.8105	0.0459	0.0826	3.2475
150.4368	1.8063	0.0418	0.1124	3.3262
150.5892	1.8012	0.0390	0.1035	3.3581
150.7416	1.7913	0.0343	0.0795	3.3239
150.8940	1.7922	0.0557	0.0770	3.2374
151.0464	1.7889	0.0625	0.0920	3.1282
151.1988	1.7973	0.0665	0.1018	3.1694
151.3512	1.7935	0.0462	0.0420	3.1657
151.5036	1.8007	0.0437	0.0286	3.2122
151.6560	1.7970	0.0406	0.0367	3.1880
151.8084	1.7936	0.0419	0.0511	3.2405
151.9608	1.7942	0.0426	0.0560	3.2736
152.1132	1.8221	0.0548	0.0956	3.2470
152.2656	1.8367	0.0519	0.0773	3.1879
152.4180	1.8399	0.0456	0.0648	3.1199
152.5704	1.8257	0.0283	0.0207	2.9457
152.7228	1.8431	0.0345	0.0224	3.0482
152.8752	1.8533	0.0388	0.0435	3.1611
153.0276	1.8557	0.0431	0.1026	3.2803
153.1800	1.8463	0.0365	0.1327	3.1498
153.3324	1.8469	0.0281	0.1121	2.9979
153.4848	1.8453	0.0193	0.0522	2.9621
153.6372	1.8467	0.0208	0.0239	3.1267
153.7896	1.8356	0.0185	0.0414	3.2116
153.9420	1.8453	0.0228	0.0216	3.2001
154.0944	1.8460	0.0225	0.0400	3.2864
154.2468	1.8539	0.0265	0.0767	3.4570
154.3992	1.8492	0.0283	0.0589	3.6323
154.5516	1.8304	0.0168	0.0596	3.4262
154.7040	1.8341	0.0238	0.0408	3.5204
154.8564	1.8302	0.0231	0.0600	3.5833
155.0088	1.8434	0.0321	0.0662	3.5320
155.1612	1.8329	0.0237	0.0719	3.2753
155.3136	1.8324	0.0187	0.0424	3.1269
155.4660	1.8330	0.0158	0.0475	3.1966
155.6184	1.8433	0.0192	0.0405	3.2992
155.7708	1.8436	0.0215	0.0555	3.4040
155.9232	1.8584	0.0273	0.0573	3.3639
156.0756	1.8779	0.0311	0.0279	3.3338
156.2280	1.8954	0.0292	0.0393	3.2349
156.3804	1.9111	0.0279	0.0717	3.2798
156.5328	1.9064	0.0161	0.0650	3.3225
156.6852	1.9176	0.0140	0.0808	3.2489
156.8376	1.9129	0.0122	0.0639	3.3311
156.9900	1.9273	0.0187	0.0872	3.3512
157.1424	1.9378	0.0268	0.0949	3.4148
157.2948	1.9531	0.0345	0.0603	3.4502
157.4472	1.9499	0.0353	0.0435	3.3372
157.5996	1.9464	0.0346	0.0361	3.3645
157.7520	1.9326	0.0204	0.0505	3.0448
157.9044	1.9426	0.0238	0.0483	2.9749
158.0568	1.9450	0.0233	0.0810	2.9195
158.2092	1.9510	0.0316	0.1110	3.0189
158.3616	1.9429	0.0267	0.1060	3.2044
158.5140	1.9358	0.0206	0.0892	3.3746
158.6664	1.9421	0.0202	0.0872	3.5123
158.8188	1.9501	0.0235	0.0630	3.4288
158.9712	1.9663	0.0341	0.0656	3.3698
159.1236	1.9538	0.0334	0.0679	3.1787
159.2760	1.9666	0.0669	0.0979	3.1443
159.4284	1.9281	0.0702	0.1268	2.9524
159.5808	1.9074	0.0795	0.1296	3.0587
159.7332	1.8825	0.0620	0.0370	3.1213
159.8856	1.9058	0.0779	0.0466	3.0770
160.0380	1.9346	0.1010	0.0561	2.9866
160.1904	1.9063	0.0939	0.0625	2.8458
160.3428	1.8926	0.0866	0.0486	3.0414
160.4952	1.8702	0.0689	0.0432	3.1236
160.6476	1.8833	0.0670	0.0532	3.2330
160.8000	1.8712	0.0406	0.0528	3.1411
160.9524	1.8721	0.0269	0.0558	3.2741
161.1048	1.8776	0.0117	0.0675	3.2777
161.2572	1.8752	0.0049	0.0393	3.3057
161.4096	1.8774	0.0115	0.0189	3.3615
161.5620	1.8689	0.0277	0.0373	3.4795
161.7144	1.8836	0.0479	0.0394	3.4273
161.8668	1.8813	0.0461	0.0195	3.3306
162.0192	1.9012	0.0486	0.0251	3.2035
162.1716	1.9233	0.0555	0.0263	3.3556
162.3240	1.9547	0.0699	0.0438	3.3741
162.4764	1.9676	0.0798	0.0408	3.4720
162.6288	1.9635	0.0795	0.0522	3.4587
162.7812	1.9454	0.0772	0.0670	3.4278
162.9336	1.9271	0.0739	0.0510	3.3565
163.0860	1.9076	0.0637	0.0558	3.2915
163.2384	1.9027	0.0588	0.0545	3.2666
163.3908	1.8785	0.0434	0.0231	3.2744
163.5432	1.8766	0.0451	0.0549	3.2155
163.6956	1.8705	0.0452	0.0799	3.2580
163.8480	1.8888	0.0593	0.0603	3.4266
164.0004	1.8889	0.0593	0.0349	3.5340
164.1528	1.8898	0.0622	0.0328	3.4786
164.3052	1.8863	0.0588	0.0459	3.3890
164.4576	1.8869	0.0609	0.0816	3.4241
164.6100	1.8939	0.0650	0.1001	3.3932
164.7624	1.8994	0.0679	0.1177	3.3323
164.9148	1.9077	0.0711	0.1033	3.3384
165.0672	1.8989	0.0647	0.0883	3.4528
165.2196	1.8905	0.0560	0.0774	3.3588
165.3720	1.8895	0.0569	0.0804	3.3061
165.5244	1.8993	0.0673	0.0713	3.2589
165.6768	1.9100	0.0806	0.0788	3.4702
165.8292	1.9244	0.0927	0.0583	3.5789
165.9816	1.9317	0.0863	0.0319	3.6400
166.1340	1.9217	0.0855	0.1475	3.3212
166.2864	1.8802	0.0763	0.1441	3.0470
166.4388	1.9235	0.1210	0.1806	2.9741
166.5912	1.8740	0.1085	0.0419	3.1028
166.7436	1.8846	0.1072	0.0746	3.1823
166.8960	1.8156	0.0987	0.0778	3.0101
167.0484	1.8697	0.1293	0.1398	2.9332
167.2008	1.8476	0.1773	0.1428	2.6851
167.3532	1.7877	0.1570	0.1774	2.7758
167.5056	1.7595	0.1334	0.2013	2.8996
167.6580	1.7654	0.0909	0.2203	3.1213
167.8104	1.8159	0.0739	0.2160	3.0898
167.9628	1.8259	0.0623	0.2127	3.2064
168.1152	1.8382	0.0666	0.1889	3.3104
168.2676	1.8511	0.0733	0.1898	3.3902
168.4200	1.8482	0.0768	0.2070	3.3037
168.5724	1.8507	0.0725	0.1666	3.3021
168.7248	1.8587	0.0698	0.1505	3.2366
168.8772	1.8703	0.0673	0.1388	3.2733
169.0296	1.8798	0.0724	0.1447	3.2938
169.1820	1.8892	0.0754	0.1200	3.3055
169.3344	1.8841	0.0626	0.1113	3.0819
169.4868	1.8850	0.0514	0.0839	3.1441
169.6392	1.8783	0.0430	0.0475	3.0503
169.7916	1.8788	0.0465	0.0162	3.2631
169.9440	1.8724	0.0441	0.0260	3.2647
170.0964	1.8736	0.0464	0.0607	3.4964
170.2488	1.8693	0.0405	0.0976	3.3834
170.4012	1.8688	0.0419	0.0845	3.2605
170.5536	1.8638	0.0386	0.0620	3.1085
170.7060	1.8538	0.0365	0.0722	3.2271
170.8584	1.8494	0.0373	0.0942	3.2596
171.0108	1.8440	0.0357	0.1248	3.1912
171.1632	1.8470	0.0354	0.1350	3.1281
171.3156	1.8377	0.0279	0.1419	3.1896
171.4680	1.8366	0.0275	0.1384	3.1145
171.6204	1.8446	0.0360	0.1142	3.2345
171.7728	1.8341	0.0305	0.1085	3.2843
171.9252	1.8438	0.0334	0.0872	3.3475
172.0776	1.8470	0.0406	0.0790	3.2152
172.2300	1.8661	0.0590	0.0856	3.0761
172.3824	1.8601	0.0634	0.1330	3.0889
172.5348	1.8518	0.0598	0.1584	2.9792
172.6872	1.8446	0.0549	0.1684	2.9897
172.8396	1.8417	0.0505	0.1790	2.9096
172.9920	1.8604	0.0533	0.1835	3.0204
173.1444	1.8847	0.0590	0.1419	3.1186
173.2968	1.9006	0.0602	0.1435	3.1397
173.4492	1.8966	0.0561	0.1566	3.1297
173.6016	1.9040	0.0509	0.1237	3.1206
173.7540	1.8987	0.0434	0.0841	3.1961
173.9064	1.9172	0.0560	0.1290	3.3019
174.0588	1.9123	0.0465	0.1341	3.1900
174.2112	1.9290	0.0511	0.1000	3.2937
174.3636	1.9124	0.0375	0.0507	3.3690
174.5160	1.8884	0.0377	0.0398	3.4674
174.6684	1.8576	0.0326	0.0366	3.3944
174.8208	1.8361	0.0291	0.0168	3.4301
174.9732	1.8307	0.0294	0.0276	3.5299
175.1256	1.8254	0.0256	0.0258	3.4682
175.2780	1.8130	0.0171	0.0327	3.3725
175.4304	1.8211	0.0209	0.0769	3.3821
175.5828	1.8258	0.0290	0.0597	3.3823
175.7352	1.8275	0.0348	0.0473	3.3396
175.8876	1.8134	0.0347	0.0660	3.2079
176.0400	1.8076	0.0402	0.0827	3.1895
176.1924	1.8098	0.0434	0.0531	3.1455
176.3448	1.8129	0.0405	0.0362	3.0984
176.4972	1.8099	0.0353	0.0432	3.2027
176.6496	1.8178	0.0375	0.0843	3.1720
176.8020	1.8104	0.0358	0.1132	3.1893
176.9544	1.8188	0.0482	0.1003	3.1540
177.1068	1.7931	0.0376	0.1333	3.1992
177.2592	1.8031	0.0590	0.2042	3.2142
177.4116	1.8102	0.0578	0.2007	3.2968
177.5640	1.8594	0.0733	0.0819	3.3398
177.7164	1.8788	0.0805	0.0412	3.2685
177.8688	1.8815	0.0840	0.0441	3.2210
178.0212	1.8672	0.0738	0.0319	3.1297
178.1736	1.8559	0.0657	0.0350	3.2107
178.3260	1.8502	0.0575	0.0507	3.2395
178.4784	1.8518	0.0589	0.0401	3.3701
178.6308	1.8599	0.0603	0.0408	3.2985
178.7832	1.8710	0.0676	0.0474	3.3648
178.9356	1.8769	0.0724	0.0468	3.3215
179.0880	1.8692	0.0723	0.0545	3.3673
179.2404	1.8615	0.0671	0.0596	3.1593
179.3928	1.8533	0.0621	0.0584	3.2222
179.5452	1.8600	0.0613	0.0507	3.3075
179.6976	1.8609	0.0609	0.0553	3.4899
179.8500	1.8595	0.0572	0.0634	3.3828
180.0024	1.8523	0.0520	0.0761	3.2826
180.1548	1.8493	0.0501	0.0562	3.2723
180.3072	1.8529	0.0587	0.0457	3.4024
180.4596	1.8532	0.0651	0.0538	3.3955
180.6120	1.8465	0.0605	0.0283	3.2967
180.7644	1.8449	0.0524	0.0135	3.1696
180.9168	1.8551	0.0465	0.0495	3.2232
181.0692	1.8650	0.0490	0.0709	3.2651
181.2216	1.8702	0.0518	0.0730	3.2168
181.3740	1.8643	0.0524	0.0526	3.1666
181.5264	1.8536	0.0488	0.0640	3.2244
181.6788	1.8462	0.0480	0.0775	3.2451
181.8312	1.8442	0.0488	0.0829	3.1911
181.9836	1.8572	0.0517	0.0729	3.1715
182.1360	1.8522	0.0446	0.0335	3.2365
182.2884	1.8604	0.0488	0.0471	3.2931
182.4408	1.8491	0.0406	0.0545	3.1155
182.5932	1.8437	0.0364	0.0493	3.1049
182.7456	1.8393	0.0329	0.0653	3.0652
182.8980	1.8391	0.0360	0.0709	3.1702
183.0504	1.8348	0.0384	0.0600	3.1044
183.2028	1.8189	0.0324	0.0600	3.0171
183.3552	1.8094	0.0270	0.0579	3.0760
183.5076	1.8117	0.0280	0.0602	3.0288
183.6600	1.8113	0.0263	0.0548	3.0306
183.8124	1.8101	0.0304	0.0700	2.9358
183.9648	1.8034	0.0417	0.0808	3.0584
184.1172	1.7777	0.0586	0.1409	3.1619
184.2696	1.7273	0.0605	0.2680	3.2152
184.4220	1.7239	0.0550	0.2893	3.1506
184.5744	1.7409	0.0384	0.2202	3.2394
184.7268	1.8114	0.0477	0.1436	3.3206
184.8792	1.8325	0.0474	0.1068	3.2530
185.0316	1.8372	0.0410	0.0896	3.1322
185.1840	1.8411	0.0353	0.0718	3.0200
185.3364	1.8343	0.0303	0.0555	3.0615
185.4888	1.8286	0.0282	0.0472	3.1603
185.6412	1.8246	0.0286	0.0305	3.3430
185.7936	1.8179	0.0330	0.0310	3.4323
185.9460	1.8225	0.0399	0.0299	3.3387
186.0984	1.8181	0.0380	0.0464	3.1358
186.2508	1.8183	0.0332	0.0672	3.1867
186.4032	1.8223	0.0307	0.0810	3.2703
186.5556	1.8213	0.0292	0.0676	3.2578
186.7080	1.8130	0.0229	0.0373	3.1135
186.8604	1.8035	0.0154	0.0657	2.9663
187.0128	1.7997	0.0105	0.0380	3.0300
187.1652	1.8198	0.0138	0.0813	3.1161
187.3176	1.8386	0.0226	0.1043	3.2995
187.4700	1.8475	0.0205	0.0736	3.3158
187.6224	1.8512	0.0279	0.0354	3.2336
187.7748	1.8448	0.0303	0.0631	3.1977
187.9272	1.8458	0.0363	0.0496	3.1661
188.0796	1.8411	0.0320	0.0252	3.1863
188.2320	1.8431	0.0334	0.0531	3.2389
188.3844	1.8512	0.0400	0.0708	3.3109
188.5368	1.8581	0.0497	0.0818	3.3970
188.6892	1.8459	0.0493	0.0612	3.3454
188.8416	1.8332	0.0448	0.0552	3.2714
188.9940	1.8244	0.0365	0.0431	3.1753
189.1464	1.8223	0.0322	0.0718	3.1234
189.2988	1.8166	0.0317	0.0867	3.1499
189.4512	1.8085	0.0413	0.0566	3.2474
189.6036	1.8179	0.0588	0.1141	3.3958
189.7560	1.8061	0.0531	0.1289	3.3753
189.9084	1.8027	0.0466	0.1485	3.3590
190.0608	1.7879	0.0306	0.1802	3.1757
190.2132	1.7946	0.0330	0.1864	3.1971
190.3656	1.7850	0.0301	0.1694	3.1853
190.5180	1.7907	0.0329	0.1339	3.2459
190.6704	1.7949	0.0293	0.1243	3.2983
190.8228	1.8086	0.0236	0.1197	3.3253
190.9752	1.8020	0.0137	0.1020	3.4262
191.1276	1.7985	0.0092	0.0814	3.3828
191.2800	1.7985	0.0073	0.1049	3.2773
191.4324	1.8022	0.0092	0.0929	3.2437
191.5848	1.8075	0.0146	0.0872	3.1796
191.7372	1.8037	0.0145	0.0398	3.0989
191.8896	1.8016	0.0173	0.0475	3.2599
192.0420	1.7995	0.0205	0.0320	3.2729
192.1944	1.7982	0.0311	0.0840	3.3940
192.3468	1.7953	0.0323	0.1219	3.2682
192.4992	1.7898	0.0247	0.1449	3.2444
192.6516	1.8004	0.0182	0.0997	3.2656
192.8040	1.8121	0.0160	0.0570	3.4217
192.9564	1.8260	0.0178	0.0456	3.5036
193.1088	1.8210	0.0093	0.0451	3.4209
193.2612	1.8333	0.0133	0.0427	3.2632
193.4136	1.8457	0.0190	0.0696	3.3475
193.5660	1.8524	0.0251	0.0456	3.4993
193.7184	1.8375	0.0119	0.0566	3.5017
193.8708	1.8228	0.0001	0.0579	3.4282
194.0232	1.8217	-0.0007	0.0289	3.3095
194.1756	1.8200	0.0027	0.0459	3.3231
194.3280	1.8217	0.0108	0.0387	3.3082
194.4804	1.8171	0.0138	0.0373	3.2752
194.6328	1.8175	0.0188	0.0275	3.2635
194.7852	1.8137	0.0210	0.0400	3.3681
194.9376	1.8229	0.0261	0.0224	3.3628
195.0900	1.8163	0.0288	0.0396	3.3873
195.2424	1.8028	0.0309	0.0805	3.4233
195.3948	1.7856	0.0296	0.0986	3.3733
195.5472	1.7911	0.0291	0.0743	3.4238
195.6996	1.8075	0.0262	0.0137	3.3284
195.8520	1.8160	0.0173	0.0738	3.2772
196.0044	1.8145	0.0072	0.0997	3.0975
196.1568	1.8270	0.0174	0.0782	3.0349
196.3092	1.8242	0.0287	0.0886	3.2261
196.4616	1.8469	0.0552	0.0909	3.3656
196.6140	1.8372	0.0545	0.1172	3.4266
196.7664	1.8440	0.0589	0.1107	3.2874
196.9188	1.8215	0.0467	0.1259	2.9881
197.0712	1.8070	0.0406	0.1016	3.0114
197.2236	1.7972	0.0363	0.0706	3.0981
197.3760	1.7976	0.0320	0.0537	3.1749
197.5284	1.8013	0.0313	0.0679	3.3387
197.6808	1.8053	0.0301	0.0685	3.4869
197.8332	1.8124	0.0320	0.0510	3.7241
197.9856	1.8100	0.0273	0.0561	3.6235
198.1380	1.8128	0.0244	0.0553	3.5497
198.2904	1.8156	0.0231	0.0638	3.4935
198.4428	1.8166	0.0194	0.0735	3.4164
198.5952	1.8060	0.0139	0.0840	3.3716
198.7476	1.8013	0.0149	0.0814	3.3833
198.9000	1.7995	0.0167	0.0662	3.3317
199.0524	1.8069	0.0239	0.0183	3.3542
199.2048	1.8089	0.0180	0.0247	3.2955
199.3572	1.8149	0.0115	0.0756	3.3076
199.5096	1.8207	0.0088	0.0342	3.2848
199.6620	1.8200	0.0113	0.0414	3.4076
199.8144	1.8267	0.0164	0.0716	3.4924
199.9668	1.8264	0.0158	0.0646	3.4148
200.1192	1.8271	0.0149	0.0857	3.2712
200.2716	1.8263	0.0208	0.0794	3.2856
200.4240	1.8223	0.0293	0.0660	3.4602
200.5764	1.8338	0.0455	0.0509	3.5249
200.7288	1.8404	0.0563	0.0315	3.5048
200.8812	1.8511	0.0623	0.0430	3.3569
201.0336	1.8445	0.0550	0.0153	3.3097
201.1860	1.8377	0.0432	0.0362	3.3409
201.3384	1.8428	0.0439	0.0359	3.3903
201.4908	1.8498	0.0406	0.0366	3.2582
201.6432	1.8632	0.0453	0.0262	3.2397
201.7956	1.8695	0.0468	0.0400	3.2814
201.9480	1.8719	0.0547	0.0464	3.6728
202.1004	1.8699	0.0541	0.0442	3.7388
202.2528	1.8577	0.0458	0.0345	3.6475
202.4052	1.8602	0.0424	0.0430	3.4681
202.5576	1.8472	0.0400	0.0730	3.5037
202.7100	1.8357	0.0399	0.1046	3.4743
202.8624	1.8298	0.0387	0.1265	3.3815
203.0148	1.8298	0.0339	0.1131	3.3252
203.1672	1.8513	0.0455	0.0901	3.5310
203.3196	1.8627	0.0522	0.0511	3.6403
203.4720	1.8660	0.0552	0.0359	3.6783
203.6244	1.8571	0.0527	0.0498	3.5436
203.7768	1.8526	0.0513	0.0657	3.3212
203.9292	1.8612	0.0578	0.0493	3.1858
204.0816	1.8630	0.0586	0.0577	3.1012
204.2340	1.8544	0.0564	0.0417	3.2870
204.3864	1.8369	0.0458	0.0552	3.4335
204.5388	1.8275	0.0372	0.0581	3.5062
204.6912	1.8227	0.0297	0.0952	3.4997
204.8436	1.8300	0.0321	0.0834	3.4406
204.9960	1.8323	0.0343	0.0778	3.5229
205.1484	1.8283	0.0299	0.0700	3.3655
205.3008	1.8227	0.0314	0.0657	3.2814
205.4532	1.8366	0.0289	0.0945	3.0817
205.6056	1.8519	0.0492	0.1052	3.3226
205.7580	1.8618	0.0486	0.1315	3.2106
205.9104	1.8539	0.0436	0.1039	3.1981
206.0628	1.8539	0.0475	0.0897	3.2214
206.2152	1.8515	0.0497	0.0827	3.4034
206.3676	1.8392	0.0426	0.1017	3.2182
206.5200	1.8299	0.0337	0.1317	3.1638
206.6724	1.8237	0.0255	0.1063	3.1834
206.8248	1.8390	0.0262	0.0726	3.2113
206.9772	1.8346	0.0175	0.0372	3.1805
207.1296	1.8419	0.0097	0.0134	3.0873
207.2820	1.8402	0.0087	0.0353	3.3009
207.4344	1.8560	0.0221	0.0394	3.4007
207.5868	1.8620	0.0305	0.0615	3.4430
207.7392	1.8581	0.0204	0.0647	3.2448
207.8916	1.8508	0.0168	0.0567	3.2992
208.0440	1.8490	0.0179	0.0642	3.3291
208.1964	1.8476	0.0294	0.0824	3.5331
208.3488	1.8489	0.0358	0.1052	3.5558
208.5012	1.8447	0.0342	0.0890	3.5166
208.6536	1.8412	0.0292	0.0492	3.4269
208.8060	1.8393	0.0223	0.0424	3.3360
208.9584	1.8453	0.0214	0.0616	3.3548
209.1108	1.8623	0.0237	0.1027	3.2948
209.2632	1.8652	0.0218	0.1282	3.2963
209.4156	1.8645	0.0244	0.0940	3.3502
209.5680	1.8566	0.0231	0.0406	3.5165
209.7204	1.8436	0.0249	0.0317	3.5841
209.8728	1.8382	0.0239	0.0381	3.6123
210.0252	1.8296	0.0210	0.0496	3.6554
210.1776	1.8408	0.0224	0.0397	3.6611
210.3300	1.8528	0.0261	0.0317	3.5724
210.4824	1.8680	0.0300	0.0522	3.4826
210.6348	1.8708	0.0268	0.0561	3.4118
210.7872	1.8697	0.0235	0.0781	3.4608
210.9396	1.8631	0.0204	0.0829	3.4237
211.0920	1.8594	0.0181	0.1031	3.2943
211.2444	1.8713	0.0217	0.0670	3.1945
211.3968	1.8846	0.0264	0.0435	3.2286
211.5492	1.9079	0.0355	0.0391	3.3376
211.7016	1.8945	0.0311	0.0229	3.4628
211.8540	1.8879	0.0291	0.0637	3.4127
212.0064	1.8701	0.0267	0.0600	3.3135
212.1588	1.8591	0.0301	0.0762	3.2197
212.3112	1.8575	0.0384	0.1818	3.2485
212.4636	1.8571	0.0386	0.2172	3.2769
212.6160	1.8529	0.0345	0.1337	3.3640
212.7684	1.8424	0.0264	0.0456	3.4716
212.9208	1.8376	0.0263	0.0921	3.5235
213.0732	1.8510	0.0316	0.1070	3.3592
213.2256	1.8490	0.0290	0.0802	3.3090
213.3780	1.8583	0.0307	0.0857	3.3047
213.5304	1.8385	0.0155	0.0635	3.5110
213.6828	1.8311	0.0091	0.0413	3.5589
213.8352	1.8219	0.0059	0.0253	3.7459
213.9876	1.8321	0.0153	0.0331	3.6717
214.1400	1.8335	0.0154	0.0379	3.4620
214.2924	1.8468	0.0198	0.0578	3.2617
214.4448	1.8417	0.0155	0.0545	3.2719
214.5972	1.8452	0.0179	0.0337	3.3332
214.7496	1.8437	0.0190	0.0138	3.3785
214.9020	1.8476	0.0232	0.0345	3.5327
215.0544	1.8471	0.0269	0.0633	3.6260
215.2068	1.8250	0.0164	0.0704	3.5743
215.3592	1.8082	0.0097	0.0853	3.4268
215.5116	1.8095	0.0163	0.0990	3.3152
215.6640	1.8220	0.0242	0.0877	3.3582
215.8164	1.8428	0.0441	0.0701	3.3214
215.9688	1.7913	0.0419	0.0587	3.1757
216.1212	1.7460	0.0714	0.0626	2.9062
216.2736	1.6522	0.0666	0.1037	2.7320
216.4260	1.6463	0.0796	0.1842	2.7912
216.5784	1.5932	0.0450	0.2243	3.0629
216.7308	1.6342	0.0526	0.2204	2.9816
216.8832	1.6479	0.0321	0.2089	3.1013
217.0356	1.7553	0.0340	0.1903	3.0860
217.1880	1.8127	0.0179	0.0896	3.2568
217.3404	1.8653	0.0242	0.0937	3.1602
217.4928	1.8573	0.0234	0.1158	3.1043
217.6452	1.8700	0.0368	0.1372	3.2081
217.7976	1.8624	0.0282	0.1120	3.2263
217.9500	1.8614	0.0217	0.0746	3.2320
218.1024	1.8580	0.0148	0.1158	3.2694
218.2548	1.8615	0.0197	0.0772	3.4572
218.4072	1.8613	0.0175	0.0428	3.5849
218.5596	1.8629	0.0093	0.0124	3.6174
218.7120	1.8655	0.0081	0.0448	3.4411
218.8644	1.8584	0.0080	0.0596	3.3537
219.0168	1.8490	0.0112	0.0724	3.2954
219.1692	1.8353	0.0065	0.0819	3.4494
219.3216	1.8490	0.0113	0.1017	3.4542
219.4740	1.8586	0.0172	0.1475	3.4118
219.6264	1.8606	0.0252	0.1435	3.4216
219.7788	1.8434	0.0249	0.1300	3.3599
219.9312	1.8423	0.0258	0.1038	3.2472
220.0836	1.8346	0.0189	0.1093	3.0100
220.2360	1.8378	0.0195	0.0922	3.3068
220.3884	1.8406	0.0196	0.0602	3.6376
220.5408	1.8538	0.0228	0.0217	3.8927
220.6932	1.8572	0.0177	0.0267	3.8154
220.8456	1.8554	0.0171	0.0462	3.8529
220.9980	1.8541	0.0156	0.0466	3.8321
221.1504	1.8528	0.0153	0.0230	3.6593
221.3028	1.8539	0.0192	0.0383	3.6092
221.4552	1.8536	0.0212	0.0528	3.3752
221.6076	1.8575	0.0251	0.0704	3.2760
221.7600	1.8494	0.0182	0.0654	3.1182
221.9124	1.8443	0.0145	0.0302	3.1720
222.0648	1.8404	0.0093	0.0365	3.3450
222.2172	1.8468	0.0094	0.0474	3.5142
222.3696	1.8533	0.0166	0.0246	3.7576
222.5220	1.8509	0.0151	0.0562	3.4915
222.6744	1.8503	0.0201	0.0717	3.5264
222.8268	1.8466	0.0181	0.0873	3.6038
222.9792	1.8458	0.0213	0.0498	3.7858
223.1316	1.8368	0.0164	0.0574	3.6537
223.2840	1.8302	0.0115	0.0620	3.4514
223.4364	1.8350	0.0119	0.0279	3.3451
223.5888	1.8411	0.0158	0.0577	3.4136
223.7412	1.8544	0.0274	0.0799	3.6085
223.8936	1.8565	0.0310	0.0879	3.6189
224.0460	1.8589	0.0291	0.1019	3.4939
224.1984	1.8546	0.0222	0.0794	3.3119
224.3508	1.8575	0.0219	0.0726	3.4713
224.5032	1.8571	0.0335	0.0583	3.4943
224.6556	1.8577	0.0559	0.0443	3.4810
224.8080	1.8530	0.0714	0.0637	3.4170
224.9604	1.8568	0.0579	0.0887	3.2810
225.1128	1.8666	0.0650	0.1104	3.3010
225.2652	1.8774	0.0726	0.1065	3.3504
225.4176	1.8827	0.0764	0.1016	3.2716
225.5700	1.8624	0.0625	0.0899	3.0243
225.7224	1.8450	0.0554	0.0677	3.0975
225.8748	1.8265	0.0455	0.0718	3.1832
226.0272	1.8347	0.0512	0.0624	3.3697
226.1796	1.8420	0.0498	0.0974	3.2952
226.3320	1.8449	0.0463	0.0912	3.4907
226.4844	1.8433	0.0438	0.0440	3.5907
226.6368	1.8387	0.0399	0.0598	3.6280
226.7892	1.8450	0.0456	0.0550	3.4607
226.9416	1.8450	0.0450	0.0608	3.4492
227.0940	1.8227	0.0364	0.0871	3.4965
227.2464	1.7997	0.0251	0.0543	3.3654
227.3988	1.7843	0.0172	0.0686	3.3170
227.5512	1.8018	0.0193	0.0825	3.2744
227.7036	1.8056	0.0173	0.0948	3.3446
227.8560	1.8011	0.0108	0.0567	3.3840
228.0084	1.7918	0.0046	0.0236	3.3543
228.1608	1.8062	0.0095	0.0546	3.2678
228.3132	1.8307	0.0219	0.1035	3.2372
228.4656	1.8435	0.0293	0.0906	3.4083
228.6180	1.8420	0.0267	0.0706	3.4286
228.7704	1.8374	0.0225	0.0677	3.3902
228.9228	1.8269	0.0178	0.0718	3.1949
229.0752	1.8187	0.0152	0.0724	3.1561
229.2276	1.8095	0.0156	0.0449	3.3505
229.3800	1.8035	0.0151	0.0386	3.4231
229.5324	1.8012	0.0140	0.0643	3.4428
229.6848	1.8073	0.0128	0.0710	3.3536
229.8372	1.8164	0.0178	0.0556	3.4042
229.9896	1.8101	0.0216	0.0593	3.3832
230.1420	1.8038	0.0267	0.0610	3.1413
230.2944	1.7967	0.0290	0.0651	3.0880
230.4468	1.8002	0.0288	0.0467	3.0810
230.5992	1.8048	0.0284	0.0356	3.2508
230.7516	1.8104	0.0286	0.0454	3.2658
230.9040	1.8140	0.0323	0.0820	3.4709
231.0564	1.8004	0.0251	0.0925	3.5988
231.2088	1.7826	0.0139	0.0843	3.5694
231.3612	1.7814	0.0103	0.0532	3.3097
231.5136	1.7856	0.0101	0.0461	3.2545
231.6660	1.8136	0.0214	0.0377	3.3682
231.8184	1.8313	0.0302	0.0542	3.4169
231.9708	1.8381	0.0324	0.0656	3.4067
232.1232	1.8413	0.0377	0.0918	3.2968
232.2756	1.8290	0.0356	0.1136	3.3409
232.4280	1.8026	0.0298	0.1349	3.3176
232.5804	1.7880	0.0299	0.1482	3.3455
232.7328	1.7846	0.0316	0.1390	3.4057
232.8852	1.7999	0.0371	0.0876	3.5090
233.0376	1.8007	0.0291	0.0875	3.6155
233.1900	1.8179	0.0365	0.0703	3.6546
233.3424	1.8396	0.0471	0.0609	3.6836
233.4948	1.8557	0.0511	0.0804	3.7407
233.6472	1.8522	0.0361	0.0631	3.6196
233.7996	1.8506	0.0280	0.0345	3.4756
233.9520	1.8409	0.0199	0.0432	3.3399
234.1044	1.8444	0.0263	0.0604	3.4858
234.2568	1.8479	0.0275	0.0677	3.4823
234.4092	1.8488	0.0244	0.0936	3.4885
234.5616	1.8390	0.0133	0.1068	3.5172
234.7140	1.8508	0.0265	0.0881	3.4841
234.8664	1.8503	0.0351	0.0681	3.4021
235.0188	1.8713	0.0545	0.0605	3.3740
235.1712	1.8646	0.0520	0.0506	3.3508
235.3236	1.8759	0.0550	0.0470	3.3331
235.4760	1.8614	0.0506	0.0489	3.3235
235.6284	1.8439	0.0422	0.0640	3.4315
235.7808	1.8461	0.0414	0.0945	3.4737
235.9332	1.8619	0.0480	0.1125	3.3938
236.0856	1.8960	0.0642	0.1388	3.1529
236.2380	1.9088	0.0691	0.1455	2.9581
236.3904	1.9060	0.0616	0.1287	3.0307
236.5428	1.8883	0.0488	0.0977	3.2743
236.6952	1.8866	0.0426	0.0764	3.4193
236.8476	1.8993	0.0441	0.0344	3.3290
237.0000	1.9166	0.0463	0.0436	3.2877
237.1524	1.9252	0.0434	0.0607	3.3031
237.3048	1.9144	0.0351	0.0453	3.3646
237.4572	1.9199	0.0436	0.1079	3.3394
237.6096	1.9265	0.0488	0.1366	3.3415
237.7620	1.9085	0.0433	0.1308	3.3469
237.9144	1.8777	0.0322	0.0895	3.4715
238.0668	1.8498	0.0222	0.0908	3.5682
238.2192	1.8658	0.0333	0.1001	3.6083
238.3716	1.8679	0.0312	0.0859	3.4325
238.5240	1.8587	0.0239	0.0803	3.1460
238.6764	1.8495	0.0195	0.0758	3.0354
238.8288	1.8608	0.0278	0.0959	3.1186
238.9812	1.8962	0.0419	0.0987	3.2136
239.1336	1.9326	0.0473	0.0606	3.2220
239.2860	1.9628	0.0517	0.0579	3.1679
239.4384	1.9597	0.0494	0.0503	3.2727
239.5908	1.9292	0.0382	0.0662	3.4599
239.7432	1.8906	0.0248	0.0617	3.6550
239.8956	1.8775	0.0263	0.0754	3.7756
240.0480	1.8834	0.0383	0.0689	3.6944
240.2004	1.8852	0.0410	0.0779	3.5494
240.3528	1.8809	0.0341	0.0730	3.3615
240.5052	1.8798	0.0318	0.0580	3.3388
240.6576	1.8854	0.0327	0.0575	3.3915
240.8100	1.8898	0.0383	0.0597	3.5100
240.9624	1.8778	0.0327	0.0485	3.5282
241.1148	1.8697	0.0288	0.0933	3.5930
241.2672	1.8754	0.0405	0.0878	3.6584
241.4196	1.8881	0.0494	0.0704	3.6542
241.5720	1.8805	0.0472	0.0414	3.5347
241.7244	1.8668	0.0342	0.0601	3.4235
241.8768	1.8419	0.0187	0.0640	3.3037
242.0292	1.8425	0.0164	0.0685	3.1838
242.1816	1.8473	0.0216	0.0715	3.1785
242.3340	1.8482	0.0316	0.0747	3.2661
242.4864	1.8469	0.0326	0.0607	3.2390
242.6388	1.8328	0.0276	0.0548	3.2539
242.7912	1.8404	0.0286	0.0890	3.2443
242.9436	1.8568	0.0400	0.1137	3.4057
243.0960	1.8691	0.0460	0.1187	3.6168
243.2484	1.8875	0.0559	0.1185	3.5018
243.4008	1.8976	0.0609	0.1160	3.4225
243.5532	1.8962	0.0606	0.1300	3.3717
243.7056	1.8852	0.0477	0.1119	3.5563
243.8580	1.8792	0.0397	0.0804	3.4536
244.0104	1.8672	0.0319	0.0547	3.2984
244.1628	1.8581	0.0277	0.0656	3.2365
244.3152	1.8612	0.0306	0.0578	3.2074
244.4676	1.8838	0.0426	0.0890	3.4003
244.6200	1.8980	0.0527	0.0923	3.5528
244.7724	1.8961	0.0561	0.0359	3.6214
244.9248	1.8777	0.0482	0.0314	3.3723
245.0772	1.8661	0.0441	0.0619	3.2548
245.2296	1.8794	0.0480	0.0720	3.3251
245.3820	1.8914	0.0537	0.0711	3.5968
245.5344	1.9056	0.0591	0.0787	3.6424
245.6868	1.9028	0.0510	0.1057	3.5731
245.8392	1.9112	0.0509	0.1044	3.3732
245.9916	1.9140	0.0534	0.1006	3.2331
246.1440	1.9051	0.0506	0.0960	3.2692
246.2964	1.8657	0.0319	0.0935	3.5397
246.4488	1.8179	0.0236	0.0872	3.6629
246.6012	1.7612	0.0224	0.0522	3.6211
246.7536	1.7355	0.0378	0.0401	3.4845
246.9060	1.7188	0.0381	0.0373	3.4750
247.0584	1.7139	0.0315	0.0508	3.4172
247.2108	1.7113	0.0213	0.0420	3.2078
247.3632	1.7239	0.0282	0.0345	3.1989
247.5156	1.7337	0.0359	0.0409	3.2879
247.6680	1.7340	0.0410	0.0560	3.5066
247.8204	1.7183	0.0355	0.0639	3.4769
247.9728	1.7207	0.0431	0.0429	3.4981
248.1252	1.7387	0.0577	0.0395	3.5744
248.2776	1.7384	0.0603	0.0704	3.5326
248.4300	1.7249	0.0621	0.1040	3.4839
248.5824	1.6815	0.0562	0.1537	3.3600
248.7348	1.6652	0.0639	0.2291	3.3474
248.8872	1.6581	0.0657	0.2935	3.2731
249.0396	1.6503	0.0554	0.2946	3.2584
249.1920	1.6543	0.0530	0.2821	3.1356
249.3444	1.6425	0.0322	0.2628	2.9750
249.4968	1.6622	0.0268	0.2417	2.7865
249.6492	1.6696	0.0151	0.1963	2.8608
249.8016	1.6839	0.0238	0.1890	3.1726
249.9540	1.6880	0.0418	0.2010	3.4300
250.1064	1.6860	0.0497	0.1945	3.5553
250.2588	1.6983	0.0534	0.1550	3.5199
250.4112	1.7073	0.0493	0.1482	3.5117
250.5636	1.7076	0.0484	0.1765	3.4230
250.7160	1.7037	0.0565	0.2046	3.3388
250.8684	1.6828	0.0598	0.2159	3.3280
251.0208	1.6513	0.0550	0.2068	3.1124
251.1732	1.6234	0.0511	0.2280	2.8559
251.3256	1.6146	0.0450	0.2555	2.7331
251.4780	1.6265	0.0366	0.2010	2.9744
251.6304	1.6557	0.0482	0.1765	3.1083
251.7828	1.6631	0.0702	0.1608	3.1188
251.9352	1.6909	0.1147	0.1630	3.0651
252.0876	1.6922	0.1228	0.1680	3.0231
252.2400	1.7095	0.1176	0.1630	3.0181
252.3924	1.7105	0.0910	0.2589	2.8472
252.5448	1.7184	0.0608	0.1804	2.7706
252.6972	1.7344	0.0431	0.1187	2.6981
252.8496	1.7579	0.0480	0.0517	2.8871
253.0020	1.7694	0.0549	0.0516	3.1828
253.1544	1.7939	0.0745	0.0759	3.2515
253.3068	1.7716	0.0695	0.0904	3.1538
253.4592	1.7594	0.0712	0.1209	3.2213
253.6116	1.7424	0.0689	0.0900	3.2155
253.7640	1.7580	0.0811	0.0525	3.1722
253.9164	1.7550	0.0816	0.0427	2.9803
254.0688	1.7416	0.0697	0.1241	2.8703
254.2212	1.7402	0.0686	0.1756	2.9322
254.3736	1.7474	0.0788	0.1608	3.2503
254.5260	1.7352	0.0741	0.1694	3.3865
254.6784	1.7142	0.0691	0.1898	3.3970
254.8308	1.7060	0.0661	0.2551	3.1400
254.9832	1.7081	0.0646	0.2625	3.2263
255.1356	1.7268	0.0784	0.2416	3.2068
255.2880	1.7257	0.0802	0.1877	3.2298
255.4404	1.7319	0.0812	0.1627	3.1351
255.5928	1.7262	0.0722	0.1275	3.0943
255.7452	1.7307	0.0605	0.0797	3.0352
255.8976	1.7322	0.0508	0.0543	3.0501
256.0500	1.7370	0.0489	0.1250	3.1108
256.2024	1.7377	0.0545	0.1707	3.2388
256.3548	1.7388	0.0579	0.1833	3.1726
256.5072	1.7449	0.0694	0.1721	3.2062
256.6596	1.7363	0.0639	0.1574	3.1687
256.8120	1.7319	0.0586	0.1210	3.2722
256.9644	1.7393	0.0604	0.0779	3.2444
257.1168	1.7512	0.0723	0.1029	3.1368
257.2692	1.7190	0.0782	0.1482	3.1091
257.4216	1.6931	0.0731	0.2014	3.0214
257.5740	1.6857	0.0719	0.1688	2.8881
257.7264	1.7271	0.0804	0.0961	2.7068
257.8788	1.7323	0.0683	0.0322	2.6716
258.0312	1.7376	0.0582	0.0407	2.6848
258.1836	1.7416	0.0552	0.0496	2.7890
258.3360	1.7710	0.0688	0.0875	3.0801
258.4884	1.7763	0.0645	0.0684	3.2199
258.6408	1.7833	0.0676	0.0804	3.3360
258.7932	1.7835	0.0679	0.0848	3.2177
258.9456	1.7842	0.0753	0.1695	3.0633
259.0980	1.7685	0.0718	0.2371	2.9540
259.2504	1.7524	0.0712	0.2599	3.0288
259.4028	1.7277	0.0734	0.2298	3.3466
259.5552	1.7258	0.0772	0.1799	3.4945
259.7076	1.7401	0.0891	0.1531	3.6635
259.8600	1.7674	0.1066	0.1725	3.5240
260.0124	1.7544	0.0950	0.1740	3.5334
260.1648	1.7477	0.0695	0.1282	3.2696
260.3172	1.7149	0.0364	0.0852	3.2379
260.4696	1.7083	0.0509	0.0841	3.1440
260.6220	1.6480	0.0579	0.0966	3.0632
260.7744	1.6310	0.0770	0.1449	3.0098
260.9268	1.6248	0.0753	0.2500	2.9273
261.0792	1.6481	0.0797	0.2512	2.6710
261.2316	1.6603	0.0828	0.2086	2.6466
261.3840	1.6517	0.0869	0.1886	2.7002
261.5364	1.6187	0.0932	0.2617	3.0133
261.6888	1.5988	0.1237	0.1526	3.0893
261.8412	1.5594	0.1342	0.0602	3.0202
261.9936	1.5734	0.1334	0.1605	2.8299
262.1460	1.5652	0.0968	0.2185	2.8057
262.2984	1.6514	0.1063	0.2793	2.8191
262.4508	1.6606	0.0990	0.3176	2.8679
262.6032	1.6698	0.1083	0.2877	2.6991
262.7556	1.6313	0.0749	0.1983	2.9136
262.9080	1.6563	0.0734	0.1465	2.9717
263.0604	1.6729	0.0626	0.1211	3.1431
263.2128	1.7472	0.0906	0.1177	3.1744
263.3652	1.7505	0.0872	0.1543	3.5343
263.5176	1.7598	0.0965	0.1377	3.5333
263.6700	1.7563	0.0921	0.1433	3.3485
263.8224	1.7390	0.0792	0.1595	3.1195
263.9748	1.7261	0.0937	0.1817	2.8151
264.1272	1.6799	0.1001	0.2164	2.8246
264.2796	1.6484	0.1174	0.2351	2.7855
264.4320	1.6053	0.1106	0.2450	2.8749
264.5844	1.5953	0.1057	0.2305	2.8258
264.7368	1.5908	0.0858	0.1389	2.7666
264.8892	1.6149	0.0863	0.2130	2.7776
265.0416	1.6024	0.0829	0.3306	2.7138
265.1940	1.6028	0.0929	0.3682	2.7180
265.3464	1.6043	0.0988	0.3953	2.6903
265.4988	1.6160	0.0997	0.3849	2.7696
265.6512	1.6108	0.0929	0.3738	2.8512
265.8036	1.6276	0.1024	0.2126	2.8201
265.9560	1.6461	0.1053	0.1159	2.9357
266.1084	1.7062	0.1142	0.2216	3.0542
266.2608	1.7326	0.0973	0.2908	3.2588
266.4132	1.7516	0.0945	0.3185	3.1454
266.5656	1.6961	0.0838	0.2843	3.0111
266.7180	1.6491	0.0899	0.2076	2.9175
266.8704	1.6211	0.0952	0.1530	2.7490
267.0228	1.6162	0.0929	0.1422	2.9224
267.1752	1.6442	0.0866	0.1670	2.9166
267.3276	1.6887	0.0824	0.1863	3.1549
267.4800	1.7191	0.0768	0.1218	2.9693
267.6324	1.7230	0.0666	0.1070	2.9066
267.7848	1.7228	0.0678	0.2329	2.8859
267.9372	1.7213	0.0655	0.2788	2.9816
268.0896	1.7358	0.0701	0.2283	3.1817
268.2420	1.7482	0.0692	0.1715	3.3111
268.3944	1.7621	0.0691	0.1153	3.0923
268.5468	1.7615	0.0705	0.0828	3.0424
268.6992	1.7522	0.0653	0.1220	2.9597
268.8516	1.7481	0.0680	0.1612	3.0296
269.0040	1.7387	0.0668	0.1847	2.9497
269.1564	1.7408	0.0777	0.2183	3.0052
269.3088	1.7394	0.0816	0.2049	3.2083
269.4612	1.7323	0.0832	0.1648	3.1903
269.6136	1.7172	0.0768	0.1341	3.2081
269.7660	1.7231	0.0831	0.0981	3.1227
269.9184	1.7442	0.0901	0.0906	3.2407
270.0708	1.7636	0.0909	0.0786	3.3231
270.2232	1.7772	0.0897	0.0732	3.2291
270.3756	1.7613	0.0887	0.0947	3.1255
270.5280	1.7416	0.1068	0.1061	3.1693
270.6804	1.7420	0.1297	0.1056	3.3916
270.8328	1.7614	0.1317	0.1199	3.5576
270.9852	1.7678	0.1024	0.1030	3.2945
271.1376	1.7571	0.0748	0.1397	3.0751
271.2900	1.7394	0.0673	0.1314	2.8843
271.4424	1.7296	0.0717	0.1123	2.8846
271.5948	1.7202	0.0682	0.0800	2.7481
271.7472	1.7313	0.0732	0.1089	2.6402
271.8996	1.7437	0.0661	0.1039	2.6966
272.0520	1.7721	0.0664	0.1117	2.6998
272.2044	1.7786	0.0592	0.1709	2.6699
272.3568	1.8040	0.0730	0.2201	2.6386
272.5092	1.8120	0.0841	0.1668	2.8504
272.6616	1.8170	0.0879	0.1575	3.1229
272.8140	1.8209	0.0830	0.1907	3.2684
272.9664	1.8084	0.0637	0.1345	3.1897
273.1188	1.8032	0.0596	0.0897	3.1465
273.2712	1.7713	0.0579	0.0987	3.1142
273.4236	1.7343	0.0744	0.1773	3.0896
273.5760	1.6954	0.0925	0.2190	3.1133
273.7284	1.6639	0.1103	0.2220	2.8974
273.8808	1.6611	0.1201	0.2011	2.8294
274.0332	1.6881	0.1303	0.2223	2.7385
274.1856	1.7304	0.1389	0.2720	2.6858
274.3380	1.7483	0.1303	0.2772	2.8360
274.4904	1.7276	0.1225	0.2407	2.8912
274.6428	1.7017	0.1430	0.1409	2.9328
274.7952	1.6727	0.1374	0.0946	3.0398
274.9476	1.7041	0.1384	0.1105	3.0006
275.1000	1.7479	0.1124	0.1410	3.1527
275.2524	1.8094	0.1083	0.1678	3.0640
275.4048	1.8310	0.0930	0.2364	3.2614
275.5572	1.8472	0.0891	0.2664	3.3374
275.7096	1.7948	0.0735	0.2469	3.3600
275.8620	1.7711	0.0967	0.2134	3.1323
276.0144	1.7097	0.1022	0.2264	2.9942
276.1668	1.6982	0.1200	0.2907	2.9159
276.3192	1.6560	0.0927	0.2627	2.8595
276.4716	1.6579	0.0883	0.2504	2.7748
276.6240	1.6469	0.0817	0.2544	2.7854
276.7764	1.6471	0.0831	0.2335	3.0060
276.9288	1.6485	0.0860	0.1697	3.2296
277.0812	1.6760	0.0895	0.1247	3.2861
277.2336	1.6892	0.0772	0.1266	3.1140
277.3860	1.6978	0.0667	0.1298	3.0611
277.5384	1.7028	0.0714	0.0758	3.1780
277.6908	1.7094	0.0924	0.1021	3.2844
277.8432	1.7021	0.1033	0.2292	3.2452
277.9956	1.6639	0.0930	0.3191	3.1679
278.1480	1.6441	0.0915	0.3387	3.0139
278.3004	1.6217	0.0876	0.3395	2.9854
278.4528	1.6631	0.0999	0.3554	3.0333
278.6052	1.6941	0.0817	0.2734	3.0613
278.7576	1.7722	0.0825	0.1630	2.9578
278.9100	1.7944	0.0707	0.0669	2.8498
279.0624	1.7986	0.0647	0.0718	2.7956
279.2148	1.7862	0.0594	0.0792	2.9630
279.3672	1.7959	0.0610	0.0590	3.0905
279.5196	1.8239	0.0684	0.0572	3.2116
279.6720	1.8361	0.0694	0.0912	3.2830
279.8244	1.8333	0.0652	0.1022	3.2039
279.9768	1.8093	0.0524	0.1110	3.1477
280.1292	1.7793	0.0391	0.1340	2.9591
280.2816	1.7721	0.0378	0.1478	2.8607
280.4340	1.7705	0.0394	0.1551	2.8764
280.5864	1.7554	0.0287	0.1454	3.0779
280.7388	1.7240	0.0246	0.1386	3.1340
280.8912	1.6827	0.0285	0.2185	3.0407
281.0436	1.6787	0.0439	0.1791	2.8283
281.1960	1.6807	0.0412	0.1179	2.9180
281.3484	1.7168	0.0380	0.0749	3.0138
281.5008	1.7379	0.0315	0.0708	2.9157
281.6532	1.7359	0.0191	0.0876	2.6724
281.8056	1.7173	0.0086	0.1438	2.5171
281.9580	1.7094	0.0075	0.2321	2.5042
282.1104	1.7170	0.0235	0.2803	2.6364
282.2628	1.7179	0.0329	0.1904	2.8203
282.4152	1.7192	0.0345	0.0533	3.0484
282.5676	1.7065	0.0250	0.0452	3.2865
282.7200	1.7257	0.0433	0.0409	3.2859
282.8724	1.7129	0.0457	0.0382	3.3762
283.0248	1.7412	0.0754	0.1134	3.0955
283.1772	1.7334	0.0689	0.1288	3.1534
283.3296	1.7302	0.0678	0.0805	3.1510
283.4820	1.7061	0.0534	0.0892	3.2873
283.6344	1.7040	0.0498	0.0801	3.2777
283.7868	1.7257	0.0576	0.0786	3.2429
283.9392	1.7408	0.0509	0.0497	3.2353
284.0916	1.7657	0.0462	0.0620	3.2706
284.2440	1.7672	0.0336	0.1526	3.5153
284.3964	1.7837	0.0453	0.1657	3.6898
284.5488	1.7707	0.0509	0.1984	3.8496
284.7012	1.7294	0.0630	0.2265	3.7459
284.8536	1.6581	0.0713	0.2402	3.5436
285.0060	1.6290	0.1047	0.2686	3.1977
285.1584	1.5839	0.0807	0.2644	3.0317
285.3108	1.5838	0.0654	0.2631	2.9372
285.4632	1.5512	0.0370	0.2128	3.0739
285.6156	1.5608	0.0687	0.1642	2.9017
285.7680	1.5044	0.0763	0.1605	2.8142
285.9204	1.4614	0.0812	0.0693	2.6024
286.0728	1.4120	0.0631	0.0318	2.6732
286.2252	1.4149	0.0644	0.0946	2.6733
286.3776	1.4103	0.0549	0.1045	2.7895
286.5300	1.4581	0.0754	0.1503	2.8998
286.6824	1.4955	0.0825	0.1016	2.8526
286.8348	1.5361	0.0932	0.0689	2.8821
286.9872	1.5395	0.0995	0.0567	3.0048
287.1396	1.4874	0.0929	0.0418	2.9722
287.2920	1.4473	0.0897	0.0471	2.8367
287.4444	1.4296	0.0754	0.0699	2.5683
287.5968	1.4485	0.0714	0.0680	2.5227
287.7492	1.4445	0.0582	0.0703	2.4590
287.9016	1.4302	0.0444	0.0396	2.6465
288.0540	1.4133	0.0292	0.0311	2.8101
288.2064	1.4115	0.0223	0.0497	2.9750
288.3588	1.4385	0.0344	0.0534	2.9410
288.5112	1.4777	0.0519	0.0659	3.0356
288.6636	1.5449	0.0762	0.1015	2.9758
288.8160	1.6084	0.0857	0.1299	2.9108
288.9684	1.6644	0.0812	0.1494	2.8655
289.1208	1.6958	0.0750	0.1256	2.8951
289.2732	1.7168	0.0774	0.1373	2.7963
289.4256	1.7072	0.0655	0.1696	2.8121
289.5780	1.6883	0.0536	0.2971	2.9804
289.7304	1.6826	0.0530	0.4312	3.2338
289.8828	1.6908	0.0616	0.3939	3.1661
290.0352	1.7110	0.0807	0.2442	3.0667
290.1876	1.6983	0.0764	0.1707	2.9007
290.3400	1.6757	0.0822	0.2027	2.8777
290.4924	1.6357	0.0785	0.2923	3.0888
290.6448	1.6169	0.0863	0.2924	2.8716
290.7972	1.5909	0.0855	0.2632	2.8046
290.9496	1.5889	0.0893	0.2055	2.5269
291.1020	1.5866	0.0897	0.1674	2.7586
291.2544	1.6038	0.0993	0.2043	2.8069
291.4068	1.6057	0.0964	0.2539	2.7719
291.5592	1.5923	0.0891	0.2524	2.6826
291.7116	1.5493	0.0791	0.1900	2.6690
291.8640	1.5132	0.0773	0.1660	2.5884
292.0164	1.5036	0.0800	0.1335	2.4379
292.1688	1.5344	0.0946	0.1271	2.3896
292.3212	1.5949	0.1071	0.1088	2.5097
292.4736	1.6627	0.1130	0.1287	2.6712
292.6260	1.6923	0.1018	0.1684	2.7128
292.7784	1.6909	0.0948	0.1723	2.7692
292.9308	1.6746	0.0964	0.2271	2.9734
293.0832	1.7029	0.1148	0.2238	3.1413
293.2356	1.7621	0.1385	0.1587	3.0367
293.3880	1.6911	0.0737	0.0852	2.9542
293.5404	1.6938	0.0570	0.1033	3.3752
293.6928	1.6846	0.0498	0.1009	3.7709
293.8452	1.7227	0.0973	0.0958	3.6883
293.9976	1.5794	0.0905	0.0967	3.1420
294.1500	1.4107	0.0628	0.0851	2.7707
294.3024	1.3805	0.0654	0.0592	2.3944
294.4548	1.3736	0.0354	0.0330	2.4429
294.6072	1.4463	0.0322	0.0910	2.4606
294.7596	1.4376	0.0047	0.1434	2.7572
294.9120	1.4386	0.0227	0.0000	2.7434
295.0644	1.4187	0.0198	0.0000	2.8036
295.2168	1.4736	0.0159	0.0000	2.8259
295.3692	1.5391	0.0482	0.1807	2.4177
295.5216	1.5426	0.0315	0.2439	2.5348
295.6740	1.5535	0.0337	0.2815	2.7010
295.8264	1.5445	0.0326	0.3149	2.8911
295.9788	1.5311	0.0449	0.3250	2.8540
296.1312	1.4702	0.0532	0.2704	2.7257
296.2836	1.3855	0.0483	0.1694	2.4690
296.4360	1.3334	0.0306	0.0942	2.4169
296.5884	1.3332	0.0089	0.0750	2.4064
296.7408	1.3715	0.0067	0.0674	2.5475
296.8932	1.4059	0.0148	0.0392	2.5776
297.0456	1.4054	0.0166	0.0380	2.7236
297.1980	1.4074	0.0161	0.0787	2.7810
297.3504	1.4019	0.0125	0.0755	2.9907
297.5028	1.4482	0.0230	0.1462	3.2453
297.6552	1.4859	0.0153	0.3050	3.7530
297.8076	1.5344	0.0348	0.2487	3.5726
297.9600	1.4705	0.0269	0.1245	3.3943
298.1124	1.4559	0.0479	0.0893	3.0275
298.2648	1.4204	0.0289	0.0669	2.8112
298.4172	1.4137	0.0205	0.0534	2.6983
298.5696	1.4095	0.0141	0.0344	2.6249
298.7220	1.4154	0.0163	0.0646	2.7492
298.8744	1.4195	0.0154	0.0819	2.7720
299.0268	1.4307	0.0194	0.0573	2.8018
299.1792	1.4385	0.0176	0.0598	2.6946
299.3316	1.4435	0.0138	0.0957	2.5550
299.4840	1.4470	0.0168	0.0782	2.6607
299.6364	1.4476	0.0225	0.0474	2.7376
299.7888	1.4568	0.0315	0.0527	2.9277
299.9412	1.4777	0.0448	0.0972	3.0163
300.0936	1.4927	0.0553	0.1220	3.2358
300.2460	1.5072	0.0670	0.1056	2.9011
300.3984	1.4978	0.0633	0.0632	2.7368
300.5508	1.4802	0.0566	0.0749	2.7723
300.7032	1.4881	0.0587	0.1220	3.1463
300.8556	1.5352	0.0698	0.1211	3.0835
301.0080	1.5934	0.0832	0.0845	2.7893
301.1604	1.6407	0.0861	0.1658	2.6064
301.3128	1.6605	0.0743	0.2578	2.5683
301.4652	1.6838	0.0764	0.3038	2.5997
301.6176	1.7199	0.0938	0.2497	2.6247
301.7700	1.7495	0.0993	0.2285	2.6971
301.9224	1.8083	0.1072	0.2925	2.7260
302.0748	1.8551	0.1005	0.2960	2.7782
302.2272	1.9003	0.0959	0.1469	2.9878
302.3796	1.9399	0.0982	0.1084	3.0549
302.5320	1.9511	0.0871	0.0818	3.1134
302.6844	1.9738	0.0780	0.1556	3.0707
302.8368	1.9949	0.0737	0.1490	3.1565
302.9892	2.0049	0.0725	0.1812	3.2166
303.1416	2.0150	0.0765	0.2337	3.1677
303.2940	2.0208	0.0763	0.2310	2.9488
303.4464	2.0318	0.0811	0.2188	2.9477
303.5988	2.0510	0.0891	0.2128	3.0821
303.7512	2.0431	0.0810	0.2316	3.4294
303.9036	2.0434	0.0801	0.2256	3.2459
304.0560	2.0266	0.0652	0.1966	2.9439
304.2084	2.0454	0.0662	0.1691	2.6311
304.3608	2.0598	0.0719	0.1663	2.7946
304.5132	2.0824	0.0830	0.1165	3.0438
304.6656	2.0868	0.0921	0.0871	3.3949
304.8180	2.0753	0.0869	0.0649	3.5002
304.9704	2.0505	0.0762	0.0629	3.4833
305.1228	2.0132	0.0680	0.1423	3.4158
305.2752	1.9317	0.0624	0.2448	3.3146
305.4276	1.8333	0.0885	0.1315	3.0731
305.5800	1.6821	0.1007	0.1386	2.8310
305.7324	1.4507	0.0654	0.1830	2.9277
305.8848	1.3710	0.0488	0.0794	3.1976
306.0372	1.3789	0.0463	0.1377	3.2520
306.1896	1.5046	0.0813	0.2270	2.9934
306.3420	1.5538	0.0981	0.2647	2.6112
306.4944	1.5475	0.0896	0.2002	2.6201
306.6468	1.5706	0.0928	0.0919	2.6062
306.7992	1.5713	0.0840	0.0462	2.5716
306.9516	1.5606	0.0851	0.0885	2.4289
307.1040	1.5115	0.0745	0.1059	2.3599
307.2564	1.4495	0.0562	0.1004	2.8609
307.4088	1.4203	0.0407	0.0928	3.1672
307.5612	1.4185	0.0250	0.0935	3.2786
307.7136	1.4469	0.0307	0.0616	2.8506
307.8660	1.4512	0.0393	0.0753	2.7477
308.0184	1.4364	0.0428	0.0775	2.7690
308.1708	1.4256	0.0400	0.0630	2.9487
308.3232	1.4293	0.0371	0.0386	3.0776
308.4756	1.4629	0.0446	0.0713	3.0212
308.6280	1.4833	0.0399	0.1431	2.9325
308.7804	1.5167	0.0543	0.1750	2.9341
308.9328	1.5229	0.0558	0.1864	2.9349
309.0852	1.5461	0.0735	0.2173	2.9189
309.2376	1.5486	0.0729	0.2278	2.7651
309.3900	1.5574	0.0837	0.2539	2.7108
309.5424	1.5533	0.0901	0.2419	2.7625
309.6948	1.5691	0.0968	0.1871	2.8000
309.8472	1.6030	0.0974	0.1250	2.8485
309.9996	1.6380	0.0796	0.0506	2.9205
310.1520	1.6795	0.0639	0.0229	3.0017
310.3044	1.6866	0.0424	0.0613	2.9633
310.4568	1.7021	0.0473	0.0807	2.9815
310.6092	1.7123	0.0568	0.0882	3.1081
310.7616	1.7316	0.0750	0.0997	3.2373
310.9140	1.7505	0.0874	0.1107	3.2124
311.0664	1.7479	0.0765	0.0786	3.1967
311.2188	1.7488	0.0732	0.0898	3.1308
311.3712	1.7338	0.0756	0.0700	3.1772
311.5236	1.7353	0.0977	0.0437	3.3603
311.6760	1.7166	0.1010	0.0414	3.2586
311.8284	1.6305	0.0582	0.0482	3.5304
311.9808	1.6081	0.0340	0.1020	3.2644
312.1332	1.6036	0.0205	0.1807	3.3855
312.2856	1.6668	0.0408	0.1766	3.2589
312.4380	1.6881	0.0761	0.0877	3.1824
312.5904	1.6872	0.0929	0.0561	3.1352
312.7428	1.6650	0.0988	0.0945	3.1170
312.8952	1.6409	0.0932	0.1423	2.8740
313.0476	1.6164	0.0917	0.1756	2.7325
313.2000	1.6409	0.1084	0.1979	2.6122
313.3524	1.6416	0.0920	0.1999	2.8281
313.5048	1.6718	0.0934	0.1684	2.9930
313.6572	1.6729	0.0942	0.1297	3.0125
313.8096	1.6473	0.0917	0.1493	2.9341
313.9620	1.6454	0.0947	0.2664	2.8519
314.1144	1.6581	0.0902	0.2579	2.9993
314.2668	1.7093	0.0952	0.1913	3.0761
314.4192	1.7491	0.0928	0.1251	3.1064
314.5716	1.7776	0.0981	0.1346	3.0631
314.7240	1.7820	0.1019	0.1853	2.9058
314.8764	1.7342	0.0985	0.1885	2.8284
315.0288	1.7046	0.1061	0.1718	2.7587
315.1812	1.6473	0.1126	0.1449	2.8598
315.3336	1.5987	0.1229	0.1318	2.6930
315.4860	1.4007	0.0722	0.0717	2.6544
315.6384	1.3134	0.0478	0.0613	2.4979
315.7908	1.2739	0.0226	0.0126	2.7672
315.9432	1.4009	0.0483	0.0438	2.7255
316.0956	1.4988	0.0653	0.1061	2.8088
316.2480	1.5920	0.0907	0.0831	2.7979
316.4004	1.6378	0.0941	0.0915	3.0702
316.5528	1.6845	0.0961	0.1734	3.2923
316.7052	1.7081	0.0952	0.2459	3.2811
316.8576	1.6980	0.0917	0.2803	3.0958
317.0100	1.6638	0.0867	0.2904	2.8850
317.1624	1.6474	0.0861	0.2903	2.7042
317.3148	1.6417	0.0795	0.2291	2.6467
317.4672	1.6632	0.0791	0.1936	2.7079
317.6196	1.6842	0.0819	0.1652	2.9282
317.7720	1.6983	0.0925	0.1931	3.1191
317.9244	1.6737	0.0912	0.2714	3.0977
318.0768	1.6085	0.0748	0.3181	3.0348
318.2292	1.5374	0.0589	0.3575	3.0000
318.3816	1.5051	0.0546	0.3233	3.0432
318.5340	1.4907	0.0602	0.1927	3.0628
318.6864	1.4847	0.0598	0.0853	3.1357
318.8388	1.4768	0.0524	0.1003	3.0977
318.9912	1.4741	0.0443	0.0687	3.0957
319.1436	1.4885	0.0530	0.0203	2.7981
319.2960	1.5014	0.0712	0.0602	2.9779
319.4484	1.4823	0.0571	0.1038	2.8158
319.6008	1.4853	0.0514	0.1627	2.7460
319.7532	1.4966	0.0549	0.1755	2.6892
319.9056	1.5042	0.0613	0.1506	2.5908
320.0580	1.5366	0.0832	0.1302	2.6954
320.2104	1.5675	0.0949	0.1269	2.7428
320.3628	1.5567	0.0899	0.1549	2.7530
320.5152	1.5411	0.0988	0.1530	2.8153
320.6676	1.5007	0.0876	0.1486	2.8097
320.8200	1.5459	0.1060	0.1011	2.8363
320.9724	1.6002	0.1090	0.1185	2.8019
321.1248	1.6958	0.1307	0.1688	2.7859
321.2772	1.7310	0.1248	0.1987	2.7869
321.4296	1.7667	0.1119	0.1964	2.6771
321.5820	1.7983	0.0901	0.1415	2.7101
321.7344	1.8375	0.0841	0.1329	2.8780
321.8868	1.8796	0.1219	0.1041	2.8293
322.0392	1.7467	0.0847	0.0709	3.5823
322.1916	1.7553	0.0957	0.0613	3.2308
322.3440	1.6917	0.0546	0.0761	3.3797
322.4964	1.7616	0.0926	0.1755	3.1669
322.6488	1.7008	0.1006	0.2036	3.1046
322.8012	1.6082	0.0984	0.1079	2.9381
322.9536	1.5724	0.1039	0.1174	2.4281
323.1060	1.5722	0.1056	0.1771	2.3754
323.2584	1.6391	0.1174	0.1911	2.5932
323.4108	1.7023	0.1245	0.2286	2.8863
323.5632	1.7433	0.1319	0.2444	2.8673
323.7156	1.7761	0.1502	0.2514	2.9823
323.8680	1.7660	0.1441	0.2752	2.8909
324.0204	1.7556	0.1179	0.3264	3.0610
324.1728	1.7692	0.0972	0.3046	3.0552
324.3252	1.8081	0.0894	0.2895	3.2305
324.4776	1.8460	0.0899	0.2496	3.2046
324.6300	1.8450	0.0701	0.2257	3.1939
324.7824	1.8360	0.0663	0.2143	3.5093
324.9348	1.8322	0.0722	0.2034	3.4689
325.0872	1.8341	0.0808	0.1900	3.5159
325.2396	1.8434	0.0869	0.1620	3.3884
325.3920	1.8569	0.0927	0.1757	3.5803
325.5444	1.8927	0.1237	0.1430	3.5660
325.6968	1.8503	0.0950	0.1219	3.5305
325.8492	1.8260	0.1062	0.2359	3.2519
326.0016	1.7588	0.0916	0.3129	3.2087
326.1540	1.7612	0.1315	0.3480	3.0444
326.3064	1.7234	0.1371	0.2900	2.9918
326.4588	1.6940	0.1567	0.2371	2.6992
326.6112	1.6299	0.1559	0.1147	2.5422
326.7636	1.5842	0.1314	0.1334	2.3452
326.9160	1.5905	0.1066	0.2751	2.6495
327.0684	1.6359	0.1100	0.3529	2.7094
327.2208	1.6531	0.1178	0.3959	2.7238
327.3732	1.5898	0.1055	0.3586	2.5561
327.5256	1.4818	0.0754	0.1844	2.5439
327.6780	1.4028	0.0512	0.1935	2.6858
327.8304	1.3537	0.0297	0.2796	2.8075
327.9828	1.3633	0.0143	0.2035	2.8610
328.1352	1.4213	0.0248	0.0758	2.7424
328.2876	1.5184	0.0597	0.0690	2.6598
328.4400	1.5616	0.0841	0.1381	2.6855
328.5924	1.5845	0.0921	0.1787	2.6957
328.7448	1.5946	0.1101	0.1496	2.5724
328.8972	1.5285	0.0873	0.0968	2.5949
329.0496	1.4955	0.0682	0.0394	2.7613
329.2020	1.4507	0.0340	0.0545	3.2021
329.3544	1.5079	0.0476	0.1019	3.3441
329.5068	1.5426	0.0570	0.1289	3.2915
329.6592	1.5859	0.0682	0.0809	3.0344
329.8116	1.5759	0.0606	0.0567	3.0416
329.9640	1.5629	0.0600	0.0979	3.1195
330.1164	1.5802	0.0617	0.0870	3.1065
330.2688	1.6420	0.0753	0.0212	2.8368
330.4212	1.7188	0.0970	0.0661	2.6785
330.5736	1.7597	0.1116	0.1379	2.8433
330.7260	1.7430	0.0920	0.1875	3.1098
330.8784	1.7483	0.0870	0.2232	3.1457
331.0308	1.7467	0.0907	0.2218	3.0614
331.1832	1.7197	0.1091	0.1941	2.8568
331.3356	1.6666	0.1227	0.1089	2.8211
331.4880	1.5978	0.1224	0.0579	2.8005
331.6404	1.5459	0.1194	0.0309	2.7588
331.7928	1.4988	0.1063	0.0573	2.6201
331.9452	1.4825	0.1017	0.0791	2.7209
332.0976	1.4835	0.0986	0.0637	2.6056
332.2500	1.4773	0.0951	0.0395	2.5383
332.4024	1.4657	0.0870	0.0411	2.3728
332.5548	1.4538	0.0785	0.0810	2.5287
332.7072	1.4533	0.0661	0.0549	2.6042
332.8596	1.4420	0.0490	0.0264	2.5913
333.0120	1.4339	0.0367	0.0383	2.5474
333.1644	1.4282	0.0273	0.0364	2.6097
333.3168	1.4379	0.0250	0.0173	2.5738
333.4692	1.4514	0.0295	0.0393	2.4727
333.6216	1.4600	0.0361	0.0434	2.3998
333.7740	1.4616	0.0461	0.0838	2.6599
333.9264	1.4641	0.0519	0.1543	2.9129
334.0788	1.4802	0.0615	0.1849	3.0703
334.2312	1.4914	0.0689	0.1788	2.9830
334.3836	1.5023	0.0720	0.1327	2.8702
334.5360	1.5098	0.0780	0.1118	2.9513
334.6884	1.5144	0.0734	0.0846	3.0156
334.8408	1.5416	0.0824	0.0705	2.9914
334.9932	1.5512	0.0847	0.0888	2.8403
335.1456	1.5680	0.1034	0.1102	2.7374
335.2980	1.5531	0.1056	0.0895	2.6552
335.4504	1.5538	0.1111	0.1015	2.7112
335.6028	1.5546	0.1113	0.1022	2.6370
335.7552	1.5488	0.1077	0.1067	2.6034
335.9076	1.5796	0.1117	0.1264	2.5747
336.0600	1.6404	0.1176	0.1392	2.8054
336.2124	1.7171	0.1262	0.1430	2.9654
336.3648	1.7559	0.1329	0.1718	3.1318
336.5172	1.7514	0.1424	0.2541	3.1425
336.6696	1.7034	0.1349	0.2816	3.0793
336.8220	1.6565	0.1157	0.3023	2.8442
336.9744	1.6341	0.1009	0.2372	2.6788
337.1268	1.6576	0.1003	0.1680	2.5929
337.2792	1.6870	0.1023	0.1173	2.7363
337.4316	1.7123	0.1068	0.1101	2.8684
337.5840	1.7282	0.1145	0.1115	2.8014
337.7364	1.7216	0.1195	0.1138	2.5463
337.8888	1.7059	0.1123	0.1770	2.5365
338.0412	1.7008	0.1035	0.2056	2.7885
338.1936	1.7037	0.0975	0.1984	3.0687
338.3460	1.7085	0.1030	0.1581	2.9086
338.4984	1.7059	0.1156	0.1208	2.7671
338.6508	1.6821	0.1153	0.1485	2.7779
338.8032	1.6782	0.1153	0.1996	2.9686
338.9556	1.6805	0.1106	0.2350	3.0310
339.1080	1.7064	0.1102	0.1675	2.8460
339.2604	1.7192	0.0997	0.0859	2.9554
339.4128	1.7346	0.0909	0.0531	3.0399
339.5652	1.7526	0.0917	0.0906	3.2042
339.7176	1.7550	0.0885	0.1333	3.1981
339.8700	1.7525	0.0819	0.1438	3.0992
340.0224	1.7468	0.0751	0.1184	3.0607
340.1748	1.7427	0.0701	0.0885	2.9954
340.3272	1.7509	0.0755	0.0887	3.1207
340.4796	1.7011	0.0791	0.0941	3.0986
340.6320	1.6915	0.0818	0.1141	2.9899
340.7844	1.6815	0.0708	0.1225	2.9004
340.9368	1.7216	0.0690	0.1480	3.0510
341.0892	1.7229	0.0679	0.1306	3.1556
341.2416	1.7084	0.0574	0.1093	3.1379
341.3940	1.7100	0.0543	0.0701	3.1717
341.5464	1.7219	0.0577	0.0570	3.2505
341.6988	1.7381	0.0630	0.0404	3.0357
341.8512	1.7367	0.0625	0.0540	2.8440
342.0036	1.7373	0.0643	0.0511	2.7888
342.1560	1.7399	0.0700	0.0816	3.0013
342.3084	1.7439	0.0699	0.0689	2.9489
342.4608	1.7416	0.0660	0.1231	2.9348
342.6132	1.7242	0.0511	0.1326	2.8832
342.7656	1.7145	0.0423	0.0970	3.0400
342.9180	1.7034	0.0346	0.0492	3.2588
343.0704	1.6874	0.0260	0.0585	3.5274
343.2228	1.6631	0.0099	0.0473	3.5547
343.3752	1.6555	-0.0033	0.0531	3.2033
343.5276	1.6622	-0.0084	0.0507	2.8891
343.6800	1.6714	-0.0094	0.0918	2.8781
343.8324	1.6749	-0.0068	0.0769	3.2461
343.9848	1.6871	-0.0018	0.0570	3.5306
344.1372	1.6954	0.0023	0.0650	3.6009
344.2896	1.7025	0.0050	0.1003	3.3502
344.4420	1.7208	0.0179	0.0978	3.1254
344.5944	1.7433	0.0371	0.0834	2.9552
344.7468	1.7310	0.0336	0.0708	2.7651
344.8992	1.7041	0.0302	0.0938	2.7116
345.0516	1.6634	0.0219	0.0749	2.6173
345.2040	1.6553	0.0276	0.0857	2.6788
345.3564	1.6742	0.0249	0.2206	2.6932
345.5088	1.6965	0.0162	0.2559	2.8789
345.6612	1.7125	0.0128	0.1784	2.8523
345.8136	1.6976	-0.0024	0.0860	2.7481
345.9660	1.6902	-0.0073	0.0934	2.5901
346.1184	1.6819	-0.0142	0.1146	2.5312
346.2708	1.6994	-0.0100	0.1158	2.5956
346.4232	1.7186	-0.0069	0.1003	2.7372
346.5756	1.7291	-0.0035	0.0850	2.9381
346.7280	1.7203	-0.0004	0.1124	3.1402
346.8804	1.7063	0.0024	0.1685	3.2716
347.0328	1.7069	0.0015	0.2077	3.2411
347.1852	1.7254	0.0032	0.2033	3.1861
347.3376	1.7434	0.0026	0.1906	3.2089
347.4900	1.7350	-0.0046	0.2014	3.1774
347.6424	1.7209	-0.0084	0.2071	3.1929
347.7948	1.7121	-0.0039	0.1899	3.1812
347.9472	1.7239	0.0057	0.2109	3.1625
348.0996	1.7280	0.0008	0.2266	3.0075
348.2520	1.7280	-0.0107	0.2114	2.8990
348.4044	1.7171	-0.0253	0.1753	2.9445
348.5568	1.7067	-0.0349	0.0957	3.1356
348.7092	1.6954	-0.0432	0.0525	3.2110
348.8616	1.7009	-0.0395	0.0293	3.3004
349.0140	1.7028	-0.0376	0.0871	3.4199
349.1664	1.7081	-0.0366	0.1151	3.4632
349.3188	1.7048	-0.0404	0.1218	3.3387
349.4712	1.7022	-0.0343	0.1527	3.1532
349.6236	1.7001	-0.0341	0.1621	3.1637
349.7760	1.7045	-0.0346	0.1540	3.2546
349.9284	1.7083	-0.0396	0.1434	3.2840
350.0808	1.7150	-0.0336	0.1859	3.3578
350.2332	1.7141	-0.0243	0.2099	3.5331
350.3856	1.7183	-0.0194	0.1865	3.6462
350.5380	1.7360	-0.0138	0.1533	3.6155
350.6904	1.7522	-0.0074	0.1220	3.6001
350.8428	1.7544	-0.0018	0.1265	3.5288
350.9952	1.7416	0.0084	0.1144	3.5451
351.1476	1.7382	0.0215	0.1679	3.3917
351.3000	1.7366	0.0313	0.2056	3.2581
351.4524	1.7192	0.0254	0.2042	3.0534
351.6048	1.6901	0.0033	0.1598	2.8174
351.7572	1.6731	-0.0101	0.0996	2.7460