HOLE:	1244D
LEG:	204
TOP:	0.0180
BOTTOM:	376.9032
DEPTH_LSF	GR
m	gAPI
0.0180	3.0039
0.1704	5.1966
0.3228	8.7542
0.4752	12.4122
0.6276	13.8074
0.7800	15.7490
0.9324	17.3010
1.0848	21.7714
1.2372	26.6136
1.3896	31.2014
1.5420	31.4864
1.6944	29.0116
1.8468	28.1889
1.9992	27.1672
2.1516	27.9041
2.3040	26.8864
2.4564	27.4401
2.6088	27.3481
2.7612	29.3671
2.9136	31.1034
3.0660	33.4793
3.2184	31.2863
3.3708	29.8253
3.5232	28.9156
3.6756	29.8282
3.8280	32.3741
3.9804	32.8263
4.1328	33.1879
4.2852	35.6074
4.4376	35.9748
4.5900	41.4769
4.7424	41.0948
4.8948	41.9223
5.0472	41.2799
5.1996	41.4589
5.3520	42.3764
5.5044	42.9282
5.6568	45.3126
5.8092	45.5866
5.9616	45.8038
6.1140	43.0516
6.2664	44.7006
6.4188	44.6571
6.5712	45.3856
6.7236	43.4654
6.8760	43.5821
7.0284	45.4176
7.1808	46.7006
7.3332	42.1531
7.4856	40.4222
7.6380	38.1187
7.7904	40.9044
7.9428	41.2612
8.0952	42.8005
8.2476	43.2635
8.4000	42.1306
8.5524	43.8053
8.7048	44.1674
8.8572	46.7569
9.0096	47.5777
9.1620	46.4625
9.3144	46.1089
9.4668	45.7293
9.6192	47.7112
9.7716	48.2535
9.9240	46.9353
10.0764	47.9040
10.2288	48.0995
10.3812	48.4269
10.5336	46.6757
10.6860	46.1125
10.8384	48.2154
10.9908	47.8579
11.1432	46.9511
11.2956	43.9385
11.4480	43.2090
11.6004	42.1698
11.7528	43.2614
11.9052	44.2593
12.0576	46.1546
12.2100	47.0333
12.3624	49.7553
12.5148	48.2008
12.6672	47.0636
12.8196	45.0842
12.9720	45.8659
13.1244	45.7639
13.2768	44.2045
13.4292	43.6633
13.5816	45.6731
13.7340	46.4084
13.8864	47.9230
14.0388	48.1164
14.1912	51.6879
14.3436	51.5402
14.4960	50.6972
14.6484	48.3648
14.8008	47.8190
14.9532	43.6253
15.1056	42.6757
15.2580	43.7775
15.4104	45.4436
15.5628	44.6000
15.7152	42.5121
15.8676	43.2168
16.0200	43.5514
16.1724	45.5722
16.3248	49.0532
16.4772	50.2950
16.6296	50.4007
16.7820	48.1078
16.9344	48.4786
17.0868	47.1565
17.2392	47.0892
17.3916	47.5221
17.5440	47.9743
17.6964	46.7637
17.8488	46.3993
18.0012	45.9490
18.1536	45.3025
18.3060	47.6865
18.4584	49.0656
18.6108	52.4561
18.7632	49.9924
18.9156	48.8834
19.0680	46.3262
19.2204	46.5658
19.3728	47.8318
19.5252	48.4733
19.6776	46.4134
19.8300	43.6330
19.9824	43.4443
20.1348	44.9746
20.2872	44.9018
20.4396	45.6960
20.5920	44.1454
20.7444	46.9248
20.8968	45.3049
21.0492	44.2849
21.2016	44.5006
21.3540	41.9415
21.5064	43.0518
21.6588	42.1984
21.8112	44.3945
21.9636	43.1104
22.1160	41.3229
22.2684	41.2257
22.4208	42.3239
22.5732	45.4750
22.7256	48.4970
22.8780	48.8640
23.0304	49.5143
23.1828	49.1526
23.3352	49.7005
23.4876	47.7746
23.6400	49.5141
23.7924	52.1755
23.9448	54.4140
24.0972	54.5961
24.2496	55.0114
24.4020	55.5190
24.5544	55.6122
24.7068	54.6631
24.8592	50.8078
25.0116	53.3392
25.1640	53.6341
25.3164	55.8792
25.4688	54.6343
25.6212	54.5630
25.7736	53.6091
25.9260	52.9669
26.0784	55.1037
26.2308	59.0510
26.3832	59.7761
26.5356	58.3151
26.6880	57.2940
26.8404	54.7341
26.9928	55.6405
27.1452	53.8187
27.2976	55.1006
27.4500	54.5565
27.6024	56.0156
27.7548	55.3787
27.9072	54.3755
28.0596	52.8146
28.2120	50.0640
28.3644	51.4291
28.5168	52.3364
28.6692	54.0800
28.8216	53.3517
28.9740	53.0941
29.1264	52.7068
29.2788	51.9743
29.4312	50.5107
29.5836	51.6093
29.7360	48.3211
29.8884	49.1638
30.0408	46.5965
30.1932	47.8656
30.3456	45.1015
30.4980	46.4123
30.6504	49.3556
30.8028	52.6897
30.9552	52.6806
31.1076	50.1978
31.2600	50.6120
31.4124	51.7054
31.5648	52.1552
31.7172	50.1346
31.8696	49.4247
32.0220	51.0777
32.1744	50.0770
32.3268	50.4497
32.4792	47.7032
32.6316	47.4362
32.7840	46.2611
32.9364	46.4653
33.0888	49.3812
33.2412	50.6285
33.3936	48.5055
33.5460	45.1069
33.6984	42.4420
33.8508	46.0140
34.0032	46.2361
34.1556	46.0541
34.3080	44.7550
34.4604	43.8106
34.6128	44.3804
34.7652	44.8156
34.9176	46.1230
35.0700	46.2946
35.2224	47.2509
35.3748	48.6680
35.5272	49.8881
35.6796	47.9369
35.8320	49.0729
35.9844	50.3202
36.1368	53.1349
36.2892	56.2433
36.4416	56.7835
36.5940	57.5633
36.7464	53.3369
36.8988	51.7856
37.0512	54.2652
37.2036	53.4544
37.3560	55.1267
37.5084	52.7420
37.6608	55.8563
37.8132	56.0231
37.9656	53.6993
38.1180	53.3262
38.2704	52.9555
38.4228	53.8382
38.5752	52.6695
38.7276	51.0427
38.8800	52.9409
39.0324	51.9900
39.1848	52.0727
39.3372	50.6961
39.4896	50.0799
39.6420	48.0529
39.7944	44.6597
39.9468	44.6467
40.0992	48.7377
40.2516	51.3127
40.4040	53.3319
40.5564	52.1292
40.7088	53.5885
40.8612	52.2696
41.0136	50.5517
41.1660	50.9194
41.3184	50.8603
41.4708	51.4357
41.6232	50.7811
41.7756	50.6985
41.9280	53.2475
42.0804	53.3240
42.2328	56.1730
42.3852	55.3612
42.5376	55.6670
42.6900	55.7414
42.8424	55.8305
42.9948	57.3048
43.1472	56.1245
43.2996	56.7702
43.4520	56.5947
43.6044	53.9352
43.7568	53.1072
43.9092	49.3364
44.0616	53.8143
44.2140	54.0879
44.3664	55.9587
44.5188	55.5045
44.6712	54.3129
44.8236	53.4323
44.9760	51.2700
45.1284	51.1809
45.2808	51.2899
45.4332	51.6167
45.5856	50.9701
45.7380	50.5067
45.8904	50.0869
46.0428	52.6604
46.1952	54.6905
46.3476	58.4175
46.5000	59.9645
46.6524	62.9002
46.8048	60.4307
46.9572	59.1638
47.1096	55.4580
47.2620	55.1793
47.4144	56.7263
47.5668	56.9405
47.7192	59.5955
47.8716	57.5968
48.0240	60.3446
48.1764	58.6967
48.3288	57.5826
48.4812	54.5197
48.6336	52.1345
48.7860	53.5071
48.9384	53.5789
49.0908	55.1620
49.2432	54.0580
49.3956	52.5196
49.5480	50.4839
49.7004	49.5689
49.8528	51.0404
50.0052	52.6415
50.1576	56.1299
50.3100	58.1760
50.4624	60.5083
50.6148	59.2223
50.7672	58.2020
50.9196	57.5644
51.0720	57.0458
51.2244	58.0705
51.3768	56.1474
51.5292	58.1264
51.6816	58.4926
51.8340	62.3213
51.9864	62.2389
52.1388	62.3259
52.2912	58.0037
52.4436	55.6227
52.5960	53.9744
52.7484	55.3746
52.9008	54.5458
53.0532	55.0861
53.2056	53.7171
53.3580	56.3526
53.5104	55.9084
53.6628	55.4414
53.8152	51.4277
53.9676	47.3985
54.1200	48.5706
54.2724	47.7511
54.4248	49.1201
54.5772	47.5691
54.7296	50.3254
54.8820	51.2412
55.0344	51.9131
55.1868	52.3014
55.3392	52.9470
55.4916	54.4085
55.6440	52.2757
55.7964	50.8041
55.9488	48.2346
56.1012	48.2465
56.2536	50.9085
56.4060	53.2940
56.5584	53.3013
56.7108	51.8713
56.8632	51.0425
57.0156	52.2138
57.1680	50.8920
57.3204	50.8920
57.4728	52.0825
57.6252	53.1768
57.7776	54.9213
57.9300	53.3554
58.0824	53.4561
58.2348	52.9937
58.3872	53.5432
58.5396	57.2107
58.6920	55.0331
58.8444	57.2042
58.9968	54.9332
59.1492	55.6410
59.3016	54.4909
59.4540	53.5477
59.6064	53.4991
59.7588	51.9363
59.9112	52.5193
60.0636	52.2107
60.2160	55.0592
60.3684	53.2034
60.5208	54.3984
60.6732	52.2794
60.8256	53.9753
60.9780	53.8792
61.1304	53.4451
61.2828	53.5669
61.4352	53.3664
61.5876	53.7134
61.7400	53.4378
61.8924	53.4506
62.0448	53.9909
62.1972	55.0898
62.3496	56.0101
62.5020	54.0000
62.6544	54.5202
62.8068	54.0229
62.9592	54.1099
63.1116	52.4048
63.2640	51.0862
63.4164	52.7345
63.5688	51.0697
63.7212	49.2181
63.8736	51.3893
64.0260	52.0422
64.1784	54.6997
64.3308	52.9305
64.4832	55.8654
64.6356	55.3233
64.7880	54.4680
64.9404	52.3453
65.0928	54.9048
65.2452	54.5293
65.3976	58.9688
65.5500	58.9688
65.7024	60.3562
65.8548	59.5961
66.0072	62.3387
66.1596	65.8139
66.3120	62.2472
66.4644	61.3314
66.6168	60.1208
66.7692	61.1571
66.9216	63.2587
67.0740	65.2111
67.2264	66.7388
67.3788	63.3598
67.5312	60.4514
67.6836	58.1529
67.8360	58.9725
67.9884	60.5851
68.1408	63.4285
68.2932	61.8809
68.4456	60.2756
68.5980	59.6391
68.7504	58.9890
68.9028	58.4102
69.0552	57.2152
69.2076	60.5164
69.3600	60.9651
69.5124	59.4130
69.6648	57.6410
69.8172	60.4844
69.9696	61.3790
70.1220	58.4377
70.2744	54.5916
70.4268	54.9744
70.5792	54.4689
70.7316	53.7363
70.8840	52.0312
71.0364	53.0330
71.1888	53.7656
71.3412	54.4945
71.4936	53.9543
71.6460	54.5083
71.7984	55.0174
71.9508	59.5375
72.1032	60.0778
72.2556	61.6235
72.4080	56.4579
72.5604	52.8334
72.7128	51.3023
72.8652	53.1338
73.0176	54.1850
73.1700	55.5531
73.3224	57.4762
73.4748	59.6923
73.6272	58.5659
73.7796	56.6474
73.9320	55.7271
74.0844	53.8346
74.2368	51.6231
74.3892	51.4775
74.5416	52.2070
74.6940	52.2537
74.8464	52.1768
74.9988	54.4057
75.1512	55.3801
75.3036	52.0312
75.4560	50.9104
75.6084	50.8050
75.7608	53.0028
75.9132	52.4442
76.0656	51.8032
76.2180	53.8178
76.3704	53.5385
76.5228	52.5404
76.6752	50.0633
76.8276	50.6219
76.9800	51.8939
77.1324	54.2229
77.2848	54.1579
77.4372	55.6255
77.5896	53.5144
77.7420	53.2040
77.8944	51.1008
78.0468	52.7403
78.1992	52.1789
78.3516	53.9170
78.5040	53.4332
78.6564	58.7079
78.8088	57.3361
78.9612	57.6493
79.1136	52.2125
79.2660	52.1265
79.4184	52.8206
79.5708	56.2653
79.7232	56.3422
79.8756	57.1865
80.0280	53.4625
80.1804	58.5128
80.3328	57.6776
80.4852	60.6126
80.6376	57.7738
80.7900	56.1218
80.9424	55.2015
81.0948	54.8306
81.2472	55.4204
81.3996	55.3334
81.5520	55.8828
81.7044	59.4652
81.8568	62.0814
82.0092	63.0063
82.1616	60.6510
82.3140	58.5796
82.4664	58.3379
82.6188	59.7115
82.7712	58.0632
82.9236	59.1584
83.0760	60.7197
83.2284	63.7069
83.3808	62.4615
83.5332	61.1492
83.6856	60.7097
83.8380	60.3507
83.9904	59.2286
84.1428	59.2542
84.2952	58.4362
84.4476	56.4887
84.6000	57.3083
84.7524	57.7784
84.9048	59.0558
85.0572	56.8956
85.2096	55.0504
85.3620	55.7738
85.5144	57.6502
85.6668	62.3250
85.8192	64.0603
85.9716	63.8543
86.1240	60.9221
86.2764	58.6511
86.4288	58.3123
86.5812	58.1355
86.7336	56.1026
86.8860	56.3819
87.0384	56.4854
87.1908	57.9597
87.3432	55.0339
87.4956	55.7083
87.6480	52.9703
87.8004	54.4263
87.9528	54.2757
88.1052	57.7921
88.2576	56.0357
88.4100	53.1145
88.5624	52.5211
88.7148	51.5212
88.8672	52.9003
89.0196	50.9992
89.1720	53.0248
89.3244	53.3902
89.4768	55.9304
89.6292	57.8791
89.7816	56.2308
89.9340	56.1972
90.0864	54.7137
90.2388	55.9967
90.3912	51.1347
90.5436	50.0065
90.6960	51.1750
90.8484	52.6869
91.0008	52.2492
91.1532	50.2675
91.3056	52.2821
91.4580	50.2364
91.6104	54.2446
91.7628	55.6301
91.9152	57.8620
92.0676	56.9600
92.2200	54.8465
92.3724	56.9496
92.5248	54.4295
92.6772	53.0340
92.8296	52.6512
92.9820	53.0559
93.1344	54.9964
93.2868	55.2858
93.4392	58.3123
93.5916	60.1007
93.7440	60.0311
93.8964	57.1297
94.0488	55.3019
94.2012	53.7250
94.3536	55.9808
94.5060	56.5696
94.6584	56.6044
94.8108	54.5944
94.9632	52.2089
95.1156	53.9186
95.2680	55.1960
95.4204	56.0202
95.5728	55.4616
95.7252	52.5358
95.8776	54.1841
96.0300	54.1979
96.1824	55.6630
96.3348	53.7446
96.4872	50.9012
96.6396	49.5276
96.7920	49.6100
96.9444	52.9937
97.0968	54.6160
97.2492	57.0839
97.4016	55.7103
97.5540	55.7317
97.7064	54.0541
97.8588	55.3331
98.0112	57.2653
98.1636	59.2359
98.3160	59.7838
98.4684	57.3938
98.6208	57.4048
98.7732	53.9326
98.9256	54.6963
99.0780	56.5076
99.2304	59.6135
99.3828	57.7161
99.5352	55.4268
99.6876	55.4735
99.8400	57.6749
99.9924	56.9112
100.1448	56.8736
100.2972	57.1667
100.4496	59.4047
100.6020	58.3837
100.7544	58.9414
100.9068	57.2884
101.0592	56.5650
101.2116	55.6374
101.3640	55.1182
101.5164	55.6722
101.6688	56.7005
101.8212	54.7641
101.9736	54.3003
102.1260	53.9294
102.2784	56.7469
102.4308	56.3865
102.5832	54.3718
102.7356	54.2967
102.8880	54.8462
103.0404	57.8345
103.1928	58.9123
103.3452	57.4811
103.4976	53.6484
103.6500	49.9687
103.8024	51.2910
103.9548	51.3020
104.1072	52.3261
104.2596	51.8865
104.4120	56.9322
104.5644	56.3965
104.7168	58.1401
104.8692	54.4817
105.0216	58.4148
105.1740	59.3305
105.3264	58.7719
105.4788	56.4872
105.6312	52.5788
105.7836	54.1401
105.9360	56.0540
106.0884	60.0448
106.2408	61.8809
106.3932	57.9462
106.5456	55.0544
106.6980	48.7312
106.8504	50.7266
107.0028	51.7351
107.1552	53.7955
107.3076	52.3465
107.4600	51.1118
107.6124	54.2375
107.7648	58.4591
107.9172	59.1962
108.0696	59.0512
108.2220	56.0156
108.3744	58.1382
108.5268	55.7482
108.6792	56.4322
108.8316	54.6850
108.9840	52.3300
109.1364	50.5755
109.2888	51.3905
109.4412	54.9423
109.5936	56.2921
109.7460	56.1090
109.8984	53.0577
110.0508	51.9543
110.2032	50.7592
110.3556	54.3627
110.5080	56.0174
110.6604	56.2070
110.8128	54.1127
110.9652	54.4817
111.1176	55.2033
111.2700	54.6420
111.4224	53.3331
111.5748	51.1415
111.7272	51.1167
111.8796	50.6857
112.0320	50.4012
112.1844	52.9653
112.3368	54.1200
112.4892	56.7930
112.6416	55.8929
112.7940	56.6951
112.9464	55.8709
113.0988	55.4268
113.2512	56.0128
113.4036	57.3068
113.5560	56.0156
113.7084	54.9286
113.8608	58.5659
114.0132	62.9669
114.1656	61.5631
114.3180	58.9588
114.4704	55.5889
114.6228	56.8965
114.7752	53.3838
114.9276	52.9021
115.0800	52.1805
115.2324	54.9185
115.3848	58.5815
115.5372	58.6666
115.6896	57.6831
115.8420	55.5770
115.9944	55.9524
116.1468	56.0247
116.2992	57.3114
116.4516	58.8635
116.6040	59.1082
116.7564	59.0120
116.9088	56.9150
117.0612	61.0643
117.2136	62.3079
117.3660	61.8720
117.5184	59.5583
117.6708	57.1578
117.8232	56.4857
117.9756	55.6829
118.1280	55.0834
118.2804	61.0311
118.4328	60.5778
118.5852	61.9129
118.7376	59.3553
118.8900	59.4468
119.0424	60.2435
119.1948	58.4853
119.3472	59.2518
119.4996	59.1675
119.6520	61.6657
119.8044	64.0796
119.9568	64.4599
120.1092	63.2108
120.2616	59.9343
120.4140	59.2689
120.5664	58.7524
120.7188	56.8239
120.8712	54.5193
121.0236	54.1359
121.1760	55.5150
121.3284	56.5955
121.4808	57.2024
121.6332	55.6841
121.7856	58.3727
121.9380	59.8186
122.0904	60.4743
122.2428	59.4450
122.3952	56.5961
122.5476	56.5736
122.7000	56.5900
122.8524	56.6670
123.0048	57.9423
123.1572	56.2604
123.3096	59.3605
123.4620	59.8659
123.6144	60.5497
123.7668	59.4276
123.9192	59.3562
124.0716	59.6785
124.2240	59.8324
124.3764	59.7454
124.5288	62.1703
124.6812	62.5350
124.8336	62.1687
124.9860	58.4096
125.1384	57.5980
125.2908	56.5806
125.4432	58.8653
125.5956	56.5980
125.7480	57.3416
125.9004	58.0696
126.0528	62.1565
126.2052	62.4113
126.3576	61.3125
126.5100	58.7640
126.6624	59.8818
126.8148	58.6959
126.9672	59.8608
127.1196	61.0466
127.2720	63.6107
127.4244	63.6217
127.5768	61.4239
127.7292	58.0742
127.8816	55.5101
128.0340	56.9753
128.1864	58.3635
128.3388	60.0109
128.4912	58.3016
128.6436	56.8749
128.7960	56.0461
128.9484	55.1933
129.1008	54.7690
129.2532	55.1224
129.4056	57.2469
129.5580	58.4423
129.7104	59.4670
129.8628	59.6346
130.0152	59.4221
130.1676	59.7124
130.3200	57.9331
130.4724	59.4762
130.6248	58.5275
130.7772	59.4826
130.9296	60.5906
131.0820	60.6675
131.2344	60.4752
131.3868	59.3516
131.5392	59.2005
131.6916	60.8580
131.8440	59.9020
131.9964	62.1703
132.1488	64.1757
132.3012	64.6189
132.4536	60.6108
132.6060	56.4075
132.7584	55.9912
132.9108	59.6541
133.0632	60.8446
133.2156	62.3479
133.3680	61.3406
133.5204	63.0778
133.6728	66.1867
133.8252	67.1024
133.9776	68.0117
134.1300	63.6559
134.2824	64.2969
134.4348	62.9279
134.5872	65.9803
134.7396	63.2240
134.8920	61.5802
135.0444	59.5000
135.1968	60.9697
135.3492	64.6079
135.5016	65.8900
135.6540	65.1528
135.8064	62.5069
135.9588	59.3888
136.1112	60.5022
136.2636	59.8748
136.4160	59.8796
136.5684	61.3441
136.7208	61.2602
136.8732	62.2836
137.0256	60.5327
137.1780	59.4216
137.3304	59.2184
137.4828	59.4738
137.6352	60.2131
137.7876	60.5578
137.9400	59.0706
138.0924	59.2851
138.2448	57.9701
138.3972	59.9451
138.5496	61.5549
138.7020	63.3865
138.8544	60.5565
139.0068	58.9103
139.1592	58.4412
139.3116	60.6413
139.4640	60.9514
139.6164	61.4738
139.7688	61.1140
139.9212	62.6019
140.0736	64.1681
140.2260	63.8722
140.3784	62.2480
140.5308	62.0191
140.6832	63.1174
140.8356	63.9530
140.9880	61.9764
141.1404	61.3621
141.2928	62.1524
141.4452	64.2464
141.5976	62.7154
141.7500	63.2189
141.9024	60.9057
142.0548	59.8511
142.2072	57.4390
142.3596	58.3025
142.5120	59.0051
142.6644	59.1514
142.8168	60.3389
142.9692	60.9980
143.1216	61.3311
143.2740	58.8410
143.4264	59.4371
143.5788	59.1740
143.7312	59.6511
143.8836	58.9118
144.0360	59.2707
144.1884	59.3096
144.3408	61.1395
144.4932	61.1308
144.6456	61.6422
144.7980	60.9702
144.9504	62.8953
145.1028	64.5440
145.2552	63.9014
145.4076	65.1439
145.5600	63.4837
145.7124	67.1397
145.8648	64.4324
146.0172	61.9469
146.1696	57.4354
146.3220	58.6032
146.4744	63.8828
146.6268	66.4827
146.7792	64.3001
146.9316	63.7084
147.0840	64.3090
147.2364	64.7396
147.3888	62.9097
147.5412	61.0047
147.6936	60.8538
147.8460	59.8525
147.9984	60.5107
148.1508	60.1356
148.3032	59.3047
148.4556	59.3702
148.6080	61.5812
148.7604	65.3372
148.9128	66.4689
149.0652	65.0756
149.2176	62.5073
149.3700	62.0447
149.5224	60.8021
149.6748	59.3417
149.8272	57.6010
149.9796	59.2765
150.1320	60.4665
150.2844	61.1814
150.4368	60.8534
150.5892	62.4561
150.7416	62.0140
150.8940	64.7575
151.0464	61.5066
151.1988	61.9306
151.3512	59.4523
151.5036	60.5523
151.6560	59.1819
151.8084	59.3795
151.9608	62.3149
152.1132	61.9219
152.2656	60.0563
152.4180	59.8718
152.5704	61.7643
152.7228	63.0777
152.8752	62.8208
153.0276	59.3357
153.1800	56.3158
153.3324	52.7225
153.4848	54.4036
153.6372	54.9435
153.7896	56.7741
153.9420	56.4372
154.0944	57.7269
154.2468	57.7201
154.3992	57.7237
154.5516	57.7261
154.7040	55.1718
154.8564	54.7957
155.0088	56.1347
155.1612	56.7727
155.3136	55.5246
155.4660	55.2876
155.6184	55.7459
155.7708	60.1989
155.9232	59.9170
156.0756	60.2131
156.2280	60.5276
156.3804	60.0729
156.5328	59.8693
156.6852	56.7564
156.8376	54.0099
156.9900	54.2861
157.1424	52.6377
157.2948	54.5630
157.4472	53.6141
157.5996	54.8910
157.7520	52.7786
157.9044	53.2715
158.0568	52.8142
158.2092	54.4328
158.3616	51.8069
158.5140	49.3546
158.6664	44.9319
158.8188	46.3622
158.9712	49.0761
159.1236	52.8882
159.2760	51.9737
159.4284	50.1502
159.5808	49.5917
159.7332	50.6935
159.8856	55.1864
160.0380	57.3967
160.1904	56.6511
160.3428	52.8047
160.4952	50.0564
160.6476	52.0820
160.8000	54.1825
160.9524	57.7137
161.1048	59.5051
161.2572	60.2574
161.4096	59.5322
161.5620	58.5875
161.7144	57.1222
161.8668	54.9176
162.0192	53.1566
162.1716	52.0384
162.3240	53.8819
162.4764	54.2458
162.6288	54.1504
162.7812	50.8401
162.9336	50.6574
163.0860	49.8450
163.2384	52.7191
163.3908	52.9065
163.5432	54.3683
163.6956	54.2832
163.8480	55.1979
164.0004	56.0748
164.1528	57.1662
164.3052	56.0059
164.4576	56.8658
164.6100	55.6527
164.7624	57.9776
164.9148	60.1870
165.0672	62.5068
165.2196	61.8871
165.3720	61.1414
165.5244	58.4621
165.6768	57.9121
165.8292	54.8902
165.9816	55.7289
166.1340	57.7472
166.2864	57.8355
166.4388	59.0589
166.5912	54.6649
166.7436	54.1221
166.8960	47.7834
167.0484	45.4587
167.2008	48.2986
167.3532	54.5183
167.5056	62.3399
167.6580	61.8015
167.8104	58.7883
167.9628	55.1244
168.1152	55.6396
168.2676	57.4638
168.4200	58.7443
168.5724	57.2185
168.7248	61.3522
168.8772	60.2912
169.0296	61.0212
169.1820	59.4240
169.3344	61.3938
169.4868	62.3624
169.6392	59.7952
169.7916	58.8774
169.9440	58.2782
170.0964	58.0296
170.2488	58.6773
170.4012	56.4831
170.5536	55.8477
170.7060	55.6286
170.8584	57.1505
171.0108	57.8905
171.1632	54.1604
171.3156	53.2893
171.4680	53.7437
171.6204	56.7519
171.7728	55.7350
171.9252	56.8244
172.0776	58.1590
172.2300	61.0732
172.3824	62.1187
172.5348	60.1725
172.6872	60.4493
172.8396	55.3244
172.9920	57.1449
173.1444	55.0476
173.2968	59.2028
173.4492	55.7916
173.6016	53.3165
173.7540	52.0532
173.9064	55.4684
174.0588	60.2848
174.2112	61.0775
174.3636	60.0632
174.5160	60.2028
174.6684	57.8551
174.8208	56.5780
174.9732	54.7584
175.1256	54.9464
175.2780	56.5934
175.4304	56.7767
175.5828	57.8772
175.7352	57.2406
175.8876	58.4952
176.0400	59.2836
176.1924	60.6839
176.3448	61.6332
176.4972	63.0303
176.6496	62.7664
176.8020	62.7205
176.9544	61.8106
177.1068	61.2231
177.2592	60.2257
177.4116	57.6687
177.5640	54.7414
177.7164	54.4936
177.8688	55.2092
178.0212	57.4130
178.1736	57.5509
178.3260	58.0185
178.4784	56.7864
178.6308	55.4355
178.7832	57.3065
178.9356	61.2188
179.0880	61.8825
179.2404	61.2647
179.3928	58.5755
179.5452	58.0219
179.6976	56.4034
179.8500	61.4423
180.0024	63.7154
180.1548	64.6346
180.3072	60.3263
180.4596	60.2150
180.6120	62.7720
180.7644	62.5039
180.9168	59.5919
181.0692	57.4861
181.2216	58.7686
181.3740	59.5808
181.5264	59.2128
181.6788	56.7353
181.8312	55.8376
181.9836	54.9897
182.1360	58.0007
182.2884	61.8461
182.4408	63.7974
182.5932	62.1867
182.7456	58.8824
182.8980	58.3413
183.0504	60.8823
183.2028	63.5370
183.3552	63.2195
183.5076	62.0210
183.6600	61.5678
183.8124	61.5189
183.9648	58.9732
184.1172	56.9543
184.2696	56.3889
184.4220	58.0203
184.5744	58.2144
184.7268	58.8287
184.8792	57.9266
185.0316	60.4828
185.1840	62.0693
185.3364	62.9851
185.4888	62.9055
185.6412	60.2029
185.7936	59.7384
185.9460	56.6390
186.0984	58.3381
186.2508	60.7103
186.4032	62.4955
186.5556	63.4962
186.7080	60.8417
186.8604	59.9679
187.0128	60.4660
187.1652	64.1259
187.3176	62.3639
187.4700	63.4308
187.6224	61.9813
187.7748	65.8198
187.9272	62.9803
188.0796	62.7063
188.2320	59.6024
188.3844	59.6977
188.5368	59.5100
188.6892	61.9386
188.8416	59.8274
188.9940	58.2654
189.1464	53.4567
189.2988	55.2889
189.4512	54.9201
189.6036	61.0523
189.7560	60.2147
189.9084	61.7851
190.0608	58.1201
190.2132	60.0509
190.3656	60.6857
190.5180	60.3145
190.6704	59.0954
190.8228	58.8149
190.9752	62.3010
191.1276	61.7031
191.2800	60.0641
191.4324	58.5971
191.5848	57.9732
191.7372	56.3211
191.8896	56.1336
192.0420	58.1959
192.1944	58.0478
192.3468	58.8722
192.4992	58.2832
192.6516	64.8703
192.8040	63.5935
192.9564	64.7453
193.1088	61.6868
193.2612	64.5369
193.4136	63.4078
193.5660	63.8690
193.7184	61.4972
193.8708	63.0924
194.0232	60.2595
194.1756	59.5106
194.3280	59.2320
194.4804	60.6978
194.6328	60.9641
194.7852	59.2339
194.9376	59.7840
195.0900	60.4473
195.2424	63.2763
195.3948	65.1040
195.5472	63.4874
195.6996	62.0295
195.8520	62.9457
196.0044	66.2198
196.1568	64.2021
196.3092	63.1867
196.4616	62.1203
196.6140	63.7645
196.7664	60.1914
196.9188	59.5756
197.0712	57.9273
197.2236	57.7955
197.3760	62.4770
197.5284	63.9427
197.6808	64.3511
197.8332	57.1335
197.9856	58.2364
198.1380	58.2334
198.2904	61.1432
198.4428	59.8594
198.5952	62.8878
198.7476	61.5157
198.9000	58.8217
199.0524	56.6268
199.2048	56.8069
199.3572	59.6171
199.5096	59.4387
199.6620	59.5301
199.8144	59.4133
199.9668	58.4144
200.1192	59.1471
200.2716	59.3711
200.4240	61.4667
200.5764	59.7315
200.7288	60.5132
200.8812	60.8710
201.0336	63.2181
201.1860	63.4975
201.3384	64.2335
201.4908	61.7952
201.6432	59.4044
201.7956	60.8682
201.9480	63.6148
202.1004	70.9462
202.2528	68.4806
202.4052	66.0035
202.5576	61.4946
202.7100	61.2155
202.8624	65.5228
203.0148	65.1249
203.1672	63.9332
203.3196	63.2937
203.4720	61.3314
203.6244	61.3566
203.7768	59.2757
203.9292	60.3786
204.0816	62.5458
204.2340	62.2441
204.3864	63.3686
204.5388	61.6310
204.6912	60.0752
204.8436	59.0439
204.9960	60.5882
205.1484	63.6016
205.3008	62.8669
205.4532	58.4680
205.6056	57.7446
205.7580	59.3934
205.9104	63.5730
206.0628	65.2563
206.2152	62.3214
206.3676	59.9017
206.5200	61.0252
206.6724	62.9283
206.8248	68.6656
206.9772	65.6191
207.1296	66.7429
207.2820	62.5679
207.4344	63.8057
207.5868	60.6230
207.7392	59.9128
207.8916	58.6440
208.0440	61.6413
208.1964	63.2440
208.3488	63.8748
208.5012	62.4580
208.6536	61.0400
208.8060	61.9638
208.9584	63.7116
209.1108	64.5144
209.2632	65.7941
209.4156	66.2943
209.5680	65.5723
209.7204	66.3876
209.8728	64.7603
210.0252	66.2122
210.1776	64.7913
210.3300	63.9211
210.4824	62.8736
210.6348	60.0653
210.7872	60.2875
210.9396	61.1965
211.0920	61.6789
211.2444	62.2349
211.3968	63.2828
211.5492	62.6436
211.7016	62.4023
211.8540	61.8585
212.0064	66.1622
212.1588	66.9406
212.3112	65.3245
212.4636	62.8318
212.6160	64.4651
212.7684	64.8278
212.9208	63.5631
213.0732	61.7525
213.2256	58.8580
213.3780	61.0131
213.5304	62.3725
213.6828	66.3993
213.8352	61.7731
213.9876	59.1293
214.1400	55.7291
214.2924	59.1380
214.4448	64.2148
214.5972	66.8191
214.7496	68.8030
214.9020	69.0674
215.0544	73.5440
215.2068	76.7223
215.3592	72.7049
215.5116	74.3671
215.6640	76.4125
215.8164	78.2422
215.9688	77.2910
216.1212	77.7798
216.2736	83.9516
216.4260	83.4572
216.5784	82.0651
216.7308	75.1875
216.8832	67.8297
217.0356	61.6894
217.1880	60.4116
217.3404	62.5294
217.4928	62.1587
217.6452	62.0714
217.7976	61.7074
217.9500	60.3290
218.1024	62.1233
218.2548	61.1400
218.4072	62.1494
218.5596	58.3361
218.7120	60.5033
218.8644	59.3796
219.0168	61.4229
219.1692	58.5172
219.3216	60.4664
219.4740	60.8922
219.6264	64.0709
219.7788	64.2987
219.9312	63.4441
220.0836	63.3545
220.2360	61.2052
220.3884	60.2421
220.5408	61.4263
220.6932	60.5983
220.8456	59.7672
220.9980	60.2617
221.1504	60.6312
221.3028	63.0428
221.4552	60.1124
221.6076	61.0203
221.7600	60.5292
221.9124	61.0243
222.0648	61.0355
222.2172	59.9413
222.3696	59.2323
222.5220	59.0502
222.6744	59.0353
222.8268	59.1120
222.9792	59.0279
223.1316	62.0865
223.2840	62.0177
223.4364	63.2601
223.5888	59.4735
223.7412	59.9301
223.8936	60.5434
224.0460	63.9362
224.1984	62.3442
224.3508	60.0220
224.5032	57.6136
224.6556	59.7414
224.8080	59.9221
224.9604	61.9699
225.1128	60.5669
225.2652	62.3933
225.4176	61.3171
225.5700	61.4408
225.7224	61.1661
225.8748	61.9668
226.0272	61.8451
226.1796	61.5764
226.3320	62.2460
226.4844	60.9111
226.6368	58.8904
226.7892	57.3901
226.9416	59.0359
227.0940	61.8747
227.2464	60.9657
227.3988	60.8794
227.5512	57.3706
227.7036	56.9046
227.8560	56.7157
228.0084	58.0356
228.1608	58.8231
228.3132	56.9880
228.4656	60.0725
228.6180	60.0908
228.7704	63.2082
228.9228	63.4554
229.0752	64.1178
229.2276	60.7297
229.3800	59.1420
229.5324	57.9535
229.6848	58.3182
229.8372	56.2087
229.9896	58.3174
230.1420	60.0222
230.2944	60.8460
230.4468	59.2491
230.5992	59.0106
230.7516	58.8320
230.9040	58.4120
231.0564	59.3327
231.2088	60.2892
231.3612	59.3720
231.5136	59.3668
231.6660	59.1992
231.8184	61.5845
231.9708	60.9059
232.1232	60.8423
232.2756	60.2157
232.4280	60.7898
232.5804	60.8588
232.7328	58.7332
232.8852	59.5096
233.0376	57.7102
233.1900	60.6476
233.3424	57.1329
233.4948	59.9696
233.6472	57.8910
233.7996	60.6425
233.9520	58.2568
234.1044	60.8823
234.2568	61.5120
234.4092	61.7735
234.5616	59.1105
234.7140	58.4851
234.8664	62.1905
235.0188	61.7304
235.1712	64.0219
235.3236	63.5362
235.4760	66.6243
235.6284	67.5278
235.7808	65.9378
235.9332	65.9714
236.0856	64.0861
236.2380	64.8838
236.3904	62.8690
236.5428	65.1241
236.6952	61.7598
236.8476	63.2949
237.0000	60.9470
237.1524	67.5196
237.3048	67.7240
237.4572	68.4064
237.6096	68.2895
237.7620	67.2833
237.9144	67.0322
238.0668	63.8099
238.2192	66.8392
238.3716	66.1033
238.5240	67.6613
238.6764	66.7070
238.8288	67.5264
238.9812	71.4047
239.1336	76.1665
239.2860	81.4800
239.4384	83.3209
239.5908	83.8031
239.7432	83.2459
239.8956	82.7508
240.0480	84.8601
240.2004	89.4910
240.3528	88.2011
240.5052	84.2665
240.6576	78.0877
240.8100	74.0033
240.9624	71.1636
241.1148	68.5682
241.2672	70.7338
241.4196	73.2069
241.5720	71.5906
241.7244	69.6615
241.8768	65.7258
242.0292	67.5896
242.1816	68.8707
242.3340	69.3889
242.4864	72.9305
242.6388	70.6540
242.7912	71.1477
242.9436	70.1592
243.0960	72.4499
243.2484	75.9825
243.4008	75.8632
243.5532	72.3756
243.7056	68.1130
243.8580	66.1716
244.0104	70.6569
244.1628	71.7463
244.3152	73.5657
244.4676	71.1684
244.6200	74.4674
244.7724	71.7576
244.9248	73.5816
245.0772	72.1215
245.2296	75.6963
245.3820	77.8335
245.5344	79.2956
245.6868	81.1268
245.8392	81.8563
245.9916	86.6098
246.1440	87.5206
246.2964	84.4041
246.4488	77.5745
246.6012	71.0694
246.7536	69.7062
246.9060	68.3890
247.0584	68.0176
247.2108	72.2244
247.3632	73.7726
247.5156	74.1498
247.6680	69.7216
247.8204	68.8173
247.9728	66.5242
248.1252	63.4401
248.2776	62.1657
248.4300	63.5742
248.5824	65.1328
248.7348	63.1032
248.8872	63.5252
249.0396	61.5989
249.1920	61.7867
249.3444	61.0108
249.4968	65.8598
249.6492	67.8665
249.8016	70.5388
249.9540	65.2382
250.1064	63.3230
250.2588	61.4204
250.4112	61.6469
250.5636	62.3679
250.7160	62.9259
250.8684	65.0163
251.0208	63.5375
251.1732	61.9806
251.3256	60.3956
251.4780	61.9176
251.6304	62.5588
251.7828	63.7762
251.9352	62.9239
252.0876	60.2936
252.2400	60.6359
252.3924	60.3528
252.5448	62.5791
252.6972	65.5303
252.8496	66.5363
253.0020	68.7094
253.1544	65.1692
253.3068	64.2598
253.4592	63.7696
253.6116	62.5203
253.7640	64.6345
253.9164	61.5241
254.0688	61.2120
254.2212	59.1894
254.3736	62.1830
254.5260	66.5313
254.6784	71.5092
254.8308	68.5180
254.9832	66.4892
255.1356	65.1493
255.2880	70.3653
255.4404	72.3053
255.5928	72.7867
255.7452	69.9406
255.8976	69.3447
256.0500	66.8746
256.2024	64.8643
256.3548	63.8913
256.5072	66.2214
256.6596	66.0432
256.8120	67.8898
256.9644	65.8270
257.1168	69.0373
257.2692	69.3911
257.4216	67.0816
257.5740	69.5452
257.7264	67.9028
257.8788	69.3958
258.0312	65.8026
258.1836	64.3352
258.3360	65.0280
258.4884	64.8935
258.6408	66.9029
258.7932	67.4078
258.9456	67.6469
259.0980	69.2118
259.2504	68.7413
259.4028	66.3077
259.5552	65.6639
259.7076	65.5401
259.8600	67.9839
260.0124	64.5860
260.1648	64.6792
260.3172	65.0438
260.4696	63.7720
260.6220	66.6318
260.7744	67.9724
260.9268	68.7060
261.0792	65.9656
261.2316	62.5228
261.3840	60.5053
261.5364	57.1018
261.6888	58.1043
261.8412	59.8431
261.9936	58.4855
262.1460	54.7034
262.2984	54.4230
262.4508	57.7313
262.6032	63.5399
262.7556	65.5634
262.9080	69.2169
263.0604	69.3047
263.2128	71.2238
263.3652	72.4221
263.5176	72.5009
263.6700	72.5926
263.8224	70.6742
263.9748	70.7705
264.1272	69.3025
264.2796	69.9397
264.4320	68.2032
264.5844	70.9855
264.7368	70.3453
264.8892	72.8218
265.0416	70.6545
265.1940	72.3811
265.3464	70.3098
265.4988	71.0302
265.6512	68.4976
265.8036	68.9134
265.9560	67.4966
266.1084	68.8442
266.2608	67.6483
266.4132	65.0794
266.5656	63.0736
266.7180	62.9871
266.8704	64.5409
267.0228	65.5129
267.1752	65.7895
267.3276	68.2384
267.4800	66.6454
267.6324	66.1661
267.7848	64.7152
267.9372	64.5051
268.0896	65.8484
268.2420	64.8493
268.3944	61.2764
268.5468	59.2225
268.6992	59.2229
268.8516	62.3388
269.0040	62.1919
269.1564	62.6360
269.3088	64.2729
269.4612	66.0599
269.6136	63.7796
269.7660	59.3961
269.9184	58.8310
270.0708	61.4020
270.2232	66.1664
270.3756	65.8256
270.5280	66.2840
270.6804	67.3777
270.8328	68.1994
270.9852	66.6313
271.1376	65.9902
271.2900	63.2406
271.4424	63.1475
271.5948	59.4903
271.7472	60.6872
271.8996	61.5215
272.0520	63.1700
272.2044	65.4565
272.3568	68.5752
272.5092	69.8830
272.6616	70.4621
272.8140	69.5431
272.9664	70.9778
273.1188	70.6932
273.2712	67.3965
273.4236	65.0959
273.5760	63.3388
273.7284	66.1738
273.8808	70.4929
274.0332	70.4884
274.1856	70.3959
274.3380	67.7376
274.4904	70.0347
274.6428	70.1368
274.7952	69.4031
274.9476	67.7529
275.1000	68.7014
275.2524	70.4966
275.4048	73.3240
275.5572	77.0802
275.7096	75.3755
275.8620	74.9719
276.0144	69.1586
276.1668	71.3565
276.3192	70.7607
276.4716	72.5000
276.6240	68.5643
276.7764	63.6178
276.9288	60.8645
277.0812	62.1842
277.2336	64.4051
277.3860	67.8915
277.5384	72.6979
277.6908	77.1610
277.8432	76.6195
277.9956	69.6768
278.1480	66.2913
278.3004	64.5465
278.4528	68.5415
278.6052	68.0804
278.7576	65.0637
278.9100	60.1743
279.0624	59.5683
279.2148	61.6334
279.3672	63.6140
279.5196	62.6343
279.6720	59.8342
279.8244	60.3858
279.9768	57.8247
280.1292	59.4184
280.2816	57.1312
280.4340	61.4060
280.5864	62.0887
280.7388	63.0656
280.8912	64.1636
281.0436	64.2588
281.1960	63.5516
281.3484	61.8767
281.5008	63.2534
281.6532	64.6310
281.8056	63.0606
281.9580	61.8826
282.1104	62.8942
282.2628	65.0983
282.4152	64.1165
282.5676	59.9896
282.7200	59.5639
282.8724	61.0828
283.0248	61.5767
283.1772	59.6262
283.3296	58.0644
283.4820	61.8731
283.6344	64.2122
283.7868	65.4072
283.9392	62.8667
284.0916	62.4540
284.2440	63.6513
284.3964	65.7437
284.5488	68.3441
284.7012	67.5214
284.8536	68.9784
285.0060	70.3062
285.1584	71.9462
285.3108	71.9486
285.4632	72.9255
285.6156	71.4706
285.7680	71.1955
285.9204	66.7460
286.0728	66.6203
286.2252	65.0630
286.3776	64.8791
286.5300	63.8098
286.6824	62.9855
286.8348	62.8543
286.9872	61.0205
287.1396	61.1763
287.2920	61.8392
287.4444	64.6764
287.5968	67.5960
287.7492	65.6882
287.9016	64.6516
288.0540	62.3489
288.2064	66.4667
288.3588	66.1765
288.5112	65.8757
288.6636	62.4033
288.8160	64.8933
288.9684	60.5802
289.1208	61.6703
289.2732	59.5867
289.4256	61.0075
289.5780	57.1631
289.7304	55.0426
289.8828	56.6378
290.0352	60.2029
290.1876	61.9654
290.3400	60.4959
290.4924	56.1089
290.6448	53.9147
290.7972	51.3545
290.9496	54.7457
291.1020	58.0423
291.2544	63.4416
291.4068	64.7123
291.5592	62.3727
291.7116	63.1069
291.8640	58.6266
292.0164	59.8665
292.1688	58.4001
292.3212	61.0489
292.4736	61.3250
292.6260	60.5505
292.7784	62.3863
292.9308	66.4083
293.0832	65.0854
293.2356	62.7926
293.3880	57.0307
293.5404	56.1116
293.6928	56.8542
293.8452	59.6856
293.9976	61.4236
294.1500	60.7072
294.3024	58.8766
294.4548	57.9595
294.6072	60.1354
294.7596	62.0651
294.9120	62.6143
295.0644	62.3412
295.2168	61.8957
295.3692	62.2634
295.5216	59.8675
295.6740	59.3903
295.8264	59.9417
295.9788	62.8221
296.1312	63.4457
296.2836	61.7075
296.4360	57.1975
296.5884	54.9261
296.7408	54.4133
296.8932	51.9623
297.0456	50.8644
297.1980	51.3780
297.3504	53.4577
297.5028	54.9234
297.6552	53.6040
297.8076	55.9218
297.9600	53.0741
298.1124	55.6209
298.2648	56.0519
298.4172	59.3519
298.5696	58.4002
298.7220	56.2555
298.8744	53.4159
299.0268	50.9456
299.1792	52.1786
299.3316	54.5551
299.4840	54.9099
299.6364	52.9830
299.7888	50.2471
299.9412	53.4573
300.0936	52.9055
300.2460	53.4470
300.3984	49.9756
300.5508	49.6039
300.7032	49.8535
300.8556	51.6705
301.0080	53.4154
301.1604	54.7667
301.3128	58.5274
301.4652	62.5603
301.6176	67.0032
301.7700	66.3270
301.9224	66.6892
302.0748	64.3156
302.2272	67.5243
302.3796	69.2725
302.5320	70.5450
302.6844	71.8672
302.8368	75.1566
302.9892	76.4491
303.1416	78.4008
303.2940	74.8263
303.4464	74.0807
303.5988	68.4578
303.7512	69.4767
303.9036	75.2648
304.0560	75.9972
304.2084	77.2675
304.3608	73.9598
304.5132	76.4384
304.6656	72.1440
304.8180	70.3188
304.9704	64.8217
305.1228	60.3151
305.2752	54.3568
305.4276	54.8141
305.5800	55.2820
305.7324	58.8881
305.8848	59.7129
306.0372	63.5730
306.1896	63.9021
306.3420	63.5603
306.4944	63.2738
306.6468	61.9052
306.7992	64.8310
306.9516	64.3792
307.1040	63.1892
307.2564	60.5110
307.4088	59.1610
307.5612	58.3396
307.7136	59.6562
307.8660	59.7615
308.0184	59.7450
308.1708	58.8050
308.3232	58.2075
308.4756	56.3772
308.6280	52.5228
308.7804	50.7120
308.9328	52.9295
309.0852	54.3281
309.2376	55.2159
309.3900	57.4003
309.5424	59.1140
309.6948	61.1446
309.8472	59.3197
309.9996	58.8277
310.1520	54.0544
310.3044	52.6839
310.4568	49.5105
310.6092	50.8760
310.7616	53.2492
310.9140	56.7952
311.0664	58.8689
311.2188	60.3330
311.3712	57.1617
311.5236	58.5037
311.6760	57.4984
311.8284	63.2606
311.9808	63.2496
312.1332	63.3536
312.2856	62.7992
312.4380	63.7137
312.5904	63.3401
312.7428	63.8938
312.8952	65.3627
313.0476	66.7355
313.2000	62.5253
313.3524	59.9990
313.5048	62.7472
313.6572	65.4610
313.8096	64.7837
313.9620	64.6883
314.1144	64.5357
314.2668	67.1151
314.4192	65.3735
314.5716	65.3748
314.7240	63.0753
314.8764	62.5253
315.0288	62.6549
315.1812	63.9288
315.3336	64.4850
315.4860	62.3554
315.6384	65.8473
315.7908	62.7379
315.9432	63.3667
316.0956	59.6791
316.2480	61.1446
316.4004	64.4378
316.5528	64.8150
316.7052	66.5319
316.8576	63.2934
317.0100	63.3848
317.1624	62.0213
317.3148	60.7725
317.4672	61.8722
317.6196	61.6936
317.7720	63.6193
317.9244	62.5187
318.0768	60.4112
318.2292	61.0497
318.3816	60.6311
318.5340	62.3743
318.6864	58.4377
318.8388	57.1158
318.9912	55.6134
319.1436	59.5839
319.2960	56.5343
319.4484	56.0238
319.6008	56.3840
319.7532	59.0715
319.9056	62.6468
320.0580	60.3299
320.2104	58.5831
320.3628	55.1905
320.5152	55.5532
320.6676	57.4849
320.8200	59.9611
320.9724	58.9972
321.1248	59.6407
321.2772	60.3605
321.4296	62.7937
321.5820	63.7250
321.7344	61.1873
321.8868	59.6322
322.0392	59.2447
322.1916	60.6875
322.3440	58.9523
322.4964	57.6709
322.6488	57.0291
322.8012	59.5893
322.9536	62.7968
323.1060	62.2539
323.2584	62.8017
323.4108	61.1548
323.5632	61.1571
323.7156	60.6079
323.8680	60.8827
324.0204	62.8284
324.1728	64.9001
324.3252	60.6438
324.4776	58.5732
324.6300	56.0176
324.7824	59.3523
324.9348	59.2870
325.0872	58.8506
325.2396	53.8178
325.3920	51.1627
325.5444	51.0776
325.6968	52.1739
325.8492	52.6250
326.0016	49.5990
326.1540	49.1429
326.3064	48.7777
326.4588	52.1684
326.6112	54.5422
326.7636	54.2438
326.9160	51.6853
327.0684	51.9662
327.2208	53.1058
327.3732	53.6248
327.5256	51.5182
327.6780	52.0893
327.8304	51.5629
327.9828	54.2832
328.1352	55.0736
328.2876	59.0212
328.4400	61.5149
328.5924	64.7198
328.7448	63.7426
328.8972	61.3746
329.0496	61.6567
329.2020	61.2567
329.3544	65.1553
329.5068	65.1496
329.6592	66.8833
329.8116	66.6385
329.9640	64.4398
330.1164	63.9835
330.2688	63.4845
330.4212	64.8561
330.5736	62.5125
330.7260	61.1867
330.8784	60.2723
331.0308	65.7664
331.1832	64.3913
331.3356	64.2171
331.4880	60.9730
331.6404	64.4241
331.7928	65.1540
331.9452	63.1363
332.0976	59.0456
332.2500	59.8670
332.4024	62.8922
332.5548	66.4672
332.7072	67.1936
332.8596	68.5743
333.0120	67.3863
333.1644	67.3872
333.3168	65.0030
333.4692	65.3563
333.6216	64.6969
333.7740	64.6520
333.9264	64.2813
334.0788	66.7073
334.2312	69.3760
334.3836	68.9275
334.5360	68.6351
334.6884	68.1211
334.8408	73.7981
334.9932	74.2894
335.1456	72.4519
335.2980	66.7424
335.4504	65.0446
335.6028	67.3998
335.7552	71.8183
335.9076	68.9859
336.0600	69.3520
336.2124	69.7192
336.3648	70.4470
336.5172	68.7295
336.6696	67.7234
336.8220	70.9720
336.9744	67.6852
337.1268	65.4819
337.2792	66.6452
337.4316	66.6508
337.5840	66.6570
337.7364	62.6280
337.8888	64.9371
338.0412	63.9670
338.1936	61.8539
338.3460	60.0237
338.4984	58.8692
338.6508	61.5243
338.8032	64.8110
338.9556	69.0414
339.1080	67.4763
339.2604	65.4316
339.4128	60.5244
339.5652	62.3688
339.7176	64.6648
339.8700	65.0013
340.0224	68.0885
340.1748	68.7328
340.3272	67.7210
340.4796	62.2150
340.6320	58.7415
340.7844	59.7506
340.9368	62.8121
341.0892	64.0847
341.2416	64.2660
341.3940	61.1086
341.5464	60.0926
341.6988	61.0078
341.8512	63.4238
342.0036	61.8853
342.1560	62.2803
342.3084	59.8100
342.4608	61.9047
342.6132	61.2924
342.7656	63.2059
342.9180	61.7434
343.0704	63.0687
343.2228	61.6128
343.3752	60.9729
343.5276	59.5902
343.6800	59.1307
343.8324	60.4631
343.9848	62.2067
344.1372	62.7035
344.2896	62.5659
344.4420	62.1094
344.5944	65.7353
344.7468	67.3878
344.8992	66.6558
345.0516	62.3443
345.2040	62.3351
345.3564	61.1369
345.5088	62.4576
345.6612	62.5514
345.8136	62.1845
345.9660	61.5061
346.1184	61.3156
346.2708	63.9671
346.4232	64.7073
346.5756	63.5263
346.7280	60.2370
346.8804	60.0428
347.0328	62.5974
347.1852	63.5548
347.3376	64.0392
347.4900	62.6696
347.6424	65.0143
347.7948	64.9037
347.9472	62.0276
348.0996	61.3842
348.2520	61.9928
348.4044	61.9372
348.5568	59.0374
348.7092	56.1500
348.8616	59.2089
349.0140	62.0087
349.1664	64.0717
349.3188	61.2873
349.4712	57.0762
349.6236	54.6368
349.7760	55.4660
349.9284	56.0219
350.0808	55.0213
350.2332	53.1004
350.3856	58.0811
350.5380	60.3651
350.6904	61.3918
350.8428	58.8279
350.9952	61.4801
351.1476	61.0850
351.3000	59.3998
351.4524	54.8963
351.6048	54.3442
351.7572	56.4695
351.9096	57.2060
352.0620	61.4580
352.2144	59.4563
352.3668	62.0397
352.5192	60.0775
352.6716	62.6467
352.8240	64.0108
352.9764	62.1355
353.1288	60.9798
353.2812	57.9355
353.4336	59.4451
353.5860	60.4655
353.7384	60.9598
353.8908	61.0589
354.0432	60.1526
354.1956	61.8750
354.3480	60.5700
354.5004	61.1120
354.6528	60.3001
354.8052	60.0456
354.9576	57.7627
355.1100	56.8468
355.2624	55.7169
355.4148	56.3364
355.5672	54.7466
355.7196	54.2392
355.8720	55.3602
356.0244	56.9343
356.1768	59.3025
356.3292	58.1319
356.4816	58.6048
356.6340	57.5067
356.7864	55.2028
356.9388	53.8369
357.0912	54.5177
357.2436	58.1669
357.3960	61.3677
357.5484	65.4480
357.7008	66.7412
357.8532	64.2646
358.0056	59.9586
358.1580	58.0665
358.3104	60.2683
358.4628	63.1165
358.6152	66.1042
358.7676	66.8318
358.9200	66.7554
359.0724	66.2090
359.2248	65.9322
359.3772	67.8385
359.5296	67.4751
359.6820	65.5503
359.8344	65.9129
359.9868	66.0881
360.1392	67.2310
360.2916	66.1309
360.4440	64.1103
360.5964	66.5486
360.7488	66.3675
360.9012	67.8387
361.0536	64.1499
361.2060	62.1342
361.3584	60.7606
361.5108	64.0726
361.6632	63.1560
361.8156	62.6249
361.9680	58.6854
362.1204	61.9830
362.2728	64.2469
362.4252	71.3025
362.5776	72.5030
362.7300	77.9057
362.8824	76.2571
363.0348	73.6877
363.1872	70.8558
363.3396	67.1956
363.4920	68.9237
363.6444	71.1276
363.7968	70.8634
363.9492	68.4968
364.1016	64.2866
364.2540	64.6434
364.4064	67.2982
364.5588	64.8182
364.7112	62.0591
364.8636	57.8526
365.0160	56.6088
365.1684	56.8045
365.3208	58.4646
365.4732	60.7128
365.6256	63.9499
365.7780	65.3716
365.9304	69.5958
366.0828	69.1025
366.2352	68.6013
366.3876	67.7370
366.5400	68.9883
366.6924	69.2234
366.8448	67.0722
366.9972	65.0898
367.1496	66.0857
367.3020	68.8734
367.4544	69.9623
367.6068	71.1759
367.7592	73.0500
367.9116	74.3960
368.0640	75.7605
368.2164	74.1010
368.3688	77.8148
368.5212	80.5860
368.6736	80.4116
368.8260	79.6570
368.9784	74.2433
369.1308	75.8869
369.2832	77.5826
369.4356	82.1545
369.5880	83.7120
369.7404	83.0401
369.8928	86.0462
370.0452	90.6251
370.1976	92.6353
370.3500	94.7712
370.5024	91.7481
370.6548	91.4781
370.8072	91.2901
370.9596	92.6521
371.1120	96.3140
371.2644	96.0328
371.4168	96.9581
371.5692	94.7452
371.7216	86.6851
371.8740	79.0011
372.0264	75.0736
372.1788	77.6374
372.3312	79.7368
372.4836	78.9970
372.6360	79.3729
372.7884	81.4733
372.9408	80.6526
373.0932	79.9163
373.2456	74.7052
373.3980	79.0960
373.5504	77.3272
373.7028	76.9538
373.8552	76.0083
374.0076	76.0447
374.1600	80.2579
374.3124	72.2400
374.4648	76.1783
374.6172	79.3666
374.7696	86.6815
374.9220	90.0515
375.0744	88.1504
375.2268	87.6504
375.3792	80.2114
375.5316	78.8649
375.6840	79.8297
375.8364	84.2556
375.9888	86.8870
376.1412	88.4768
376.2936	90.7669
376.4460	92.7789
376.5984	92.8442
376.7508	90.4060
376.9032	86.8330