HOLE:	1244D
LEG:	204
TOP:	0.0180
BOTTOM:	350.6904
DEPTH_LSF	TNPH
m	%
0.0180	85.9747
0.1704	79.2583
0.3228	77.5102
0.4752	70.5351
0.6276	75.2691
0.7800	71.7213
0.9324	70.9113
1.0848	63.7879
1.2372	66.1796
1.3896	71.1565
1.5420	76.3868
1.6944	81.3423
1.8468	79.2556
1.9992	79.8814
2.1516	81.6311
2.3040	77.2324
2.4564	72.5567
2.6088	69.1852
2.7612	69.5624
2.9136	68.5565
3.0660	63.5040
3.2184	68.4403
3.3708	79.1315
3.5232	79.5933
3.6756	71.3065
3.8280	65.1144
3.9804	72.3550
4.1328	77.3838
4.2852	74.0824
4.4376	71.7305
4.5900	65.8997
4.7424	69.7425
4.8948	63.9986
5.0472	65.7022
5.1996	65.8003
5.3520	70.4342
5.5044	72.1955
5.6568	75.4776
5.8092	73.6290
5.9616	69.4368
6.1140	65.5184
6.2664	65.7802
6.4188	72.3880
6.5712	74.2010
6.7236	75.6617
6.8760	73.7347
7.0284	69.9372
7.1808	67.7421
7.3332	64.2663
7.4856	70.2862
7.6380	63.2156
7.7904	61.4253
7.9428	58.3609
8.0952	62.0405
8.2476	65.8736
8.4000	65.8563
8.5524	64.9727
8.7048	58.1656
8.8572	56.0173
9.0096	57.2225
9.1620	61.8735
9.3144	63.7728
9.4668	63.6079
9.6192	64.0959
9.7716	69.5153
9.9240	67.1728
10.0764	69.3271
10.2288	68.2368
10.3812	70.6552
10.5336	68.9801
10.6860	66.5889
10.8384	64.4711
10.9908	63.8829
11.1432	60.3453
11.2956	63.4302
11.4480	69.4684
11.6004	79.5179
11.7528	80.8034
11.9052	73.3338
12.0576	61.6188
12.2100	59.7185
12.3624	54.7200
12.5148	60.3822
12.6672	60.6648
12.8196	71.2548
12.9720	66.5415
13.1244	67.4820
13.2768	65.6497
13.4292	68.1832
13.5816	67.9701
13.7340	67.4906
13.8864	70.5008
14.0388	69.4651
14.1912	70.8652
14.3436	66.3705
14.4960	73.6680
14.6484	66.9905
14.8008	67.9751
14.9532	63.0148
15.1056	70.4179
15.2580	68.8579
15.4104	75.0181
15.5628	69.3545
15.7152	71.0094
15.8676	66.0603
16.0200	67.0427
16.1724	70.7858
16.3248	72.0361
16.4772	76.6699
16.6296	71.5512
16.7820	62.7136
16.9344	62.9534
17.0868	68.4262
17.2392	71.3931
17.3916	66.3633
17.5440	64.5504
17.6964	68.1730
17.8488	71.2290
18.0012	67.8240
18.1536	71.3035
18.3060	69.3108
18.4584	66.8940
18.6108	65.4549
18.7632	59.7469
18.9156	57.7368
19.0680	56.6352
19.2204	57.8724
19.3728	62.4610
19.5252	64.5024
19.6776	71.9052
19.8300	76.0230
19.9824	72.4104
20.1348	72.4450
20.2872	67.7864
20.4396	70.3596
20.5920	69.7354
20.7444	69.1253
20.8968	68.3129
21.0492	66.5813
21.2016	68.0670
21.3540	67.9276
21.5064	67.1128
21.6588	63.4898
21.8112	64.5389
21.9636	70.4641
22.1160	73.5040
22.2684	68.9042
22.4208	64.2362
22.5732	63.0116
22.7256	63.1544
22.8780	65.0850
23.0304	71.8807
23.1828	82.8247
23.3352	89.1154
23.4876	86.4348
23.6400	79.9970
23.7924	70.6662
23.9448	67.2157
24.0972	66.5890
24.2496	69.5342
24.4020	68.6752
24.5544	63.3758
24.7068	65.4019
24.8592	65.1734
25.0116	66.4458
25.1640	61.2740
25.3164	63.1777
25.4688	62.5607
25.6212	67.7990
25.7736	63.7670
25.9260	71.0832
26.0784	65.8688
26.2308	68.3542
26.3832	64.6918
26.5356	69.9694
26.6880	69.5912
26.8404	68.3091
26.9928	65.2383
27.1452	66.3408
27.2976	70.4474
27.4500	68.3725
27.6024	66.8542
27.7548	62.4416
27.9072	62.0637
28.0596	59.9165
28.2120	59.6727
28.3644	56.7848
28.5168	56.8487
28.6692	58.4531
28.8216	61.7536
28.9740	63.1470
29.1264	61.2488
29.2788	64.7194
29.4312	65.9716
29.5836	73.3319
29.7360	69.7915
29.8884	67.5957
30.0408	61.4177
30.1932	61.2569
30.3456	61.0321
30.4980	61.6900
30.6504	60.6511
30.8028	63.0415
30.9552	67.5352
31.1076	69.8142
31.2600	71.0545
31.4124	68.1422
31.5648	66.6555
31.7172	64.7907
31.8696	62.7200
32.0220	59.7018
32.1744	60.5491
32.3268	60.0991
32.4792	64.8391
32.6316	67.7132
32.7840	73.8824
32.9364	71.6430
33.0888	68.6735
33.2412	63.2559
33.3936	62.4695
33.5460	65.0772
33.6984	65.2122
33.8508	66.7895
34.0032	62.8937
34.1556	61.5920
34.3080	59.6815
34.4604	61.3521
34.6128	63.2696
34.7652	64.1093
34.9176	60.9422
35.0700	60.4411
35.2224	63.1716
35.3748	65.9510
35.5272	72.5146
35.6796	73.8720
35.8320	75.2238
35.9844	69.1467
36.1368	64.0799
36.2892	61.9377
36.4416	60.4585
36.5940	58.6940
36.7464	59.2333
36.8988	59.9870
37.0512	62.1525
37.2036	65.1360
37.3560	65.3823
37.5084	71.9572
37.6608	65.1288
37.8132	69.4353
37.9656	67.8879
38.1180	71.6184
38.2704	68.6181
38.4228	64.6719
38.5752	69.5056
38.7276	71.5172
38.8800	71.6581
39.0324	65.0885
39.1848	68.8288
39.3372	66.7104
39.4896	66.7203
39.6420	61.9056
39.7944	64.9195
39.9468	61.2546
40.0992	62.6977
40.2516	60.5707
40.4040	69.4763
40.5564	71.6852
40.7088	77.2377
40.8612	77.3440
41.0136	77.7455
41.1660	69.7963
41.3184	66.2243
41.4708	67.9571
41.6232	73.7528
41.7756	67.4684
41.9280	61.6718
42.0804	57.3395
42.2328	60.4563
42.3852	57.9031
42.5376	58.2526
42.6900	57.6038
42.8424	64.0171
42.9948	64.3361
43.1472	62.5864
43.2996	63.2912
43.4520	69.8855
43.6044	71.5274
43.7568	61.8669
43.9092	58.9808
44.0616	57.8614
44.2140	61.1571
44.3664	64.9285
44.5188	68.9161
44.6712	70.8125
44.8236	72.7017
44.9760	67.6405
45.1284	63.1683
45.2808	60.2199
45.4332	62.3446
45.5856	62.4884
45.7380	62.7063
45.8904	59.0297
46.0428	61.7350
46.1952	58.2226
46.3476	57.5659
46.5000	54.2856
46.6524	56.9989
46.8048	63.6954
46.9572	68.4393
47.1096	64.5766
47.2620	62.8872
47.4144	64.7247
47.5668	70.8171
47.7192	68.3463
47.8716	65.5780
48.0240	62.2017
48.1764	63.9959
48.3288	61.3868
48.4812	57.2149
48.6336	54.1205
48.7860	55.9069
48.9384	59.2098
49.0908	65.1625
49.2432	67.9723
49.3956	70.4464
49.5480	62.8875
49.7004	59.9495
49.8528	60.4217
50.0052	59.1579
50.1576	61.6660
50.3100	61.5809
50.4624	71.3705
50.6148	74.6731
50.7672	75.3122
50.9196	74.0594
51.0720	68.5831
51.2244	67.8860
51.3768	62.5560
51.5292	65.4386
51.6816	64.5736
51.8340	64.3865
51.9864	63.6949
52.1388	61.2824
52.2912	63.4025
52.4436	62.9019
52.5960	62.7580
52.7484	61.8041
52.9008	60.6050
53.0532	64.6040
53.2056	66.8278
53.3580	61.7620
53.5104	59.8058
53.6628	57.4183
53.8152	60.9822
53.9676	59.5493
54.1200	59.6186
54.2724	61.2714
54.4248	65.1947
54.5772	64.6605
54.7296	62.3413
54.8820	61.2829
55.0344	59.8061
55.1868	62.3015
55.3392	65.9951
55.4916	70.1605
55.6440	65.2677
55.7964	59.9479
55.9488	61.3151
56.1012	60.8225
56.2536	62.6881
56.4060	59.0869
56.5584	62.5454
56.7108	60.7775
56.8632	62.2794
57.0156	62.0755
57.1680	63.7174
57.3204	65.1777
57.4728	61.5778
57.6252	62.2453
57.7776	62.0417
57.9300	64.2520
58.0824	59.4913
58.2348	55.6545
58.3872	55.8747
58.5396	60.7859
58.6920	68.0557
58.8444	71.8447
58.9968	73.0261
59.1492	72.4973
59.3016	66.5829
59.4540	65.2042
59.6064	61.9259
59.7588	62.0229
59.9112	60.7467
60.0636	60.8080
60.2160	61.3811
60.3684	65.6207
60.5208	69.1092
60.6732	71.8569
60.8256	63.6228
60.9780	66.1204
61.1304	66.9001
61.2828	66.9147
61.4352	60.9856
61.5876	59.5701
61.7400	63.8640
61.8924	63.6066
62.0448	61.1500
62.1972	59.9462
62.3496	62.8266
62.5020	64.8425
62.6544	64.6221
62.8068	64.8286
62.9592	65.2506
63.1116	65.0869
63.2640	62.7425
63.4164	61.6609
63.5688	61.4187
63.7212	64.8119
63.8736	66.7129
64.0260	65.4946
64.1784	63.5944
64.3308	64.2149
64.4832	63.3642
64.6356	61.2636
64.7880	53.1169
64.9404	53.5830
65.0928	56.7365
65.2452	62.1344
65.3976	59.9161
65.5500	56.6395
65.7024	61.5812
65.8548	65.9218
66.0072	72.9866
66.1596	68.7501
66.3120	64.5472
66.4644	60.5278
66.6168	60.5961
66.7692	59.8283
66.9216	61.0666
67.0740	60.9091
67.2264	64.3721
67.3788	67.1207
67.5312	63.5534
67.6836	63.9593
67.8360	63.7950
67.9884	70.7612
68.1408	70.6735
68.2932	65.1909
68.4456	66.2735
68.5980	65.8685
68.7504	68.1176
68.9028	67.8264
69.0552	72.3733
69.2076	71.6363
69.3600	67.6838
69.5124	59.0507
69.6648	54.6687
69.8172	53.2555
69.9696	54.9616
70.1220	58.9457
70.2744	61.8779
70.4268	65.0152
70.5792	67.9838
70.7316	63.9895
70.8840	62.4344
71.0364	59.7003
71.1888	65.6723
71.3412	63.7704
71.4936	64.1361
71.6460	60.2123
71.7984	63.2230
71.9508	60.6979
72.1032	60.4727
72.2556	59.6922
72.4080	62.8266
72.5604	64.2016
72.7128	62.7834
72.8652	62.2273
73.0176	61.8858
73.1700	63.8097
73.3224	61.2108
73.4748	59.1948
73.6272	57.8221
73.7796	60.8161
73.9320	59.3102
74.0844	56.6283
74.2368	57.4786
74.3892	57.6642
74.5416	61.2297
74.6940	58.5755
74.8464	62.0832
74.9988	59.5384
75.1512	58.8963
75.3036	57.8157
75.4560	61.2021
75.6084	61.3135
75.7608	58.0313
75.9132	54.0064
76.0656	58.7840
76.2180	62.5980
76.3704	66.6033
76.5228	64.6175
76.6752	63.0320
76.8276	66.8445
76.9800	62.4180
77.1324	64.1212
77.2848	60.8562
77.4372	59.6287
77.5896	59.8820
77.7420	59.5828
77.8944	63.1802
78.0468	61.7580
78.1992	63.0182
78.3516	61.0581
78.5040	63.2473
78.6564	63.5704
78.8088	66.3378
78.9612	64.8048
79.1136	63.7598
79.2660	62.9216
79.4184	62.0596
79.5708	66.9172
79.7232	62.6328
79.8756	61.6426
80.0280	61.8317
80.1804	67.7836
80.3328	68.9870
80.4852	67.2361
80.6376	64.7389
80.7900	65.8811
80.9424	62.8176
81.0948	62.9819
81.2472	64.0518
81.3996	64.2915
81.5520	62.8618
81.7044	61.9239
81.8568	60.5613
82.0092	57.6347
82.1616	55.2814
82.3140	53.7482
82.4664	60.1200
82.6188	63.5122
82.7712	68.4993
82.9236	59.7076
83.0760	60.9998
83.2284	59.3082
83.3808	61.6317
83.5332	61.1911
83.6856	62.1877
83.8380	64.2574
83.9904	58.4573
84.1428	58.2138
84.2952	55.9342
84.4476	57.8782
84.6000	57.3954
84.7524	60.6880
84.9048	58.4156
85.0572	58.8279
85.2096	57.6936
85.3620	61.9821
85.5144	63.8734
85.6668	60.9468
85.8192	60.5472
85.9716	58.7460
86.1240	57.5910
86.2764	56.2863
86.4288	56.7263
86.5812	65.0133
86.7336	66.9237
86.8860	66.9934
87.0384	61.4686
87.1908	63.2415
87.3432	61.9303
87.4956	59.6063
87.6480	59.6466
87.8004	58.4724
87.9528	60.1376
88.1052	58.4744
88.2576	65.0393
88.4100	66.3481
88.5624	63.5700
88.7148	59.4567
88.8672	58.2157
89.0196	62.2855
89.1720	59.6721
89.3244	56.2643
89.4768	53.3466
89.6292	57.8303
89.7816	62.3648
89.9340	67.0124
90.0864	64.7630
90.2388	66.8183
90.3912	67.7754
90.5436	67.0312
90.6960	68.3383
90.8484	65.6790
91.0008	65.1684
91.1532	59.8289
91.3056	60.2673
91.4580	57.2924
91.6104	57.6640
91.7628	58.5356
91.9152	63.1368
92.0676	67.6340
92.2200	69.1840
92.3724	67.6632
92.5248	64.7003
92.6772	61.3727
92.8296	63.6777
92.9820	67.6149
93.1344	64.5094
93.2868	60.1879
93.4392	57.8251
93.5916	58.3390
93.7440	61.0196
93.8964	62.1597
94.0488	64.4723
94.2012	62.6296
94.3536	61.4898
94.5060	63.2899
94.6584	62.4090
94.8108	62.9975
94.9632	62.1273
95.1156	62.7432
95.2680	62.7043
95.4204	61.5069
95.5728	60.8324
95.7252	62.0725
95.8776	60.4450
96.0300	63.7730
96.1824	63.0666
96.3348	64.9837
96.4872	62.2810
96.6396	59.0003
96.7920	60.7706
96.9444	58.8424
97.0968	59.7836
97.2492	58.4893
97.4016	61.1429
97.5540	63.2716
97.7064	63.4160
97.8588	60.3122
98.0112	56.6654
98.1636	61.0917
98.3160	61.9057
98.4684	64.1473
98.6208	56.3323
98.7732	55.6348
98.9256	57.6696
99.0780	57.8738
99.2304	61.2354
99.3828	60.9851
99.5352	61.7901
99.6876	61.5952
99.8400	58.1200
99.9924	57.6008
100.1448	56.6774
100.2972	59.9097
100.4496	61.3171
100.6020	63.0987
100.7544	60.5044
100.9068	61.4564
101.0592	57.6141
101.2116	59.7586
101.3640	61.0695
101.5164	63.2646
101.6688	59.2109
101.8212	57.2707
101.9736	60.7631
102.1260	62.5761
102.2784	63.9085
102.4308	60.2421
102.5832	62.5449
102.7356	60.8880
102.8880	60.4913
103.0404	61.9968
103.1928	63.2867
103.3452	62.7214
103.4976	58.3146
103.6500	60.7721
103.8024	59.1732
103.9548	66.6264
104.1072	67.4802
104.2596	71.5704
104.4120	67.1457
104.5644	66.8494
104.7168	66.1270
104.8692	66.7395
105.0216	65.3556
105.1740	67.5692
105.3264	62.3014
105.4788	59.8079
105.6312	60.4748
105.7836	59.0605
105.9360	56.8290
106.0884	54.4513
106.2408	55.8567
106.3932	59.8598
106.5456	62.4115
106.6980	71.6335
106.8504	70.3271
107.0028	69.8108
107.1552	62.6497
107.3076	68.4471
107.4600	70.2637
107.6124	71.0540
107.7648	62.5821
107.9172	59.7237
108.0696	59.7945
108.2220	60.9910
108.3744	61.9954
108.5268	62.1367
108.6792	60.9604
108.8316	60.5523
108.9840	62.5901
109.1364	62.1274
109.2888	65.5770
109.4412	60.6370
109.5936	63.3405
109.7460	64.3746
109.8984	68.6282
110.0508	64.8323
110.2032	60.5307
110.3556	59.0090
110.5080	61.7742
110.6604	63.1925
110.8128	63.1077
110.9652	63.7196
111.1176	62.7825
111.2700	63.8046
111.4224	61.9257
111.5748	64.0230
111.7272	63.7190
111.8796	62.2885
112.0320	63.4048
112.1844	60.8852
112.3368	61.5175
112.4892	59.4763
112.6416	59.6336
112.7940	63.7914
112.9464	62.1912
113.0988	60.1274
113.2512	57.2697
113.4036	58.1131
113.5560	60.1116
113.7084	56.0371
113.8608	55.1861
114.0132	56.2753
114.1656	60.1194
114.3180	62.0670
114.4704	65.0166
114.6228	64.1925
114.7752	62.7725
114.9276	59.4376
115.0800	58.7117
115.2324	55.7270
115.3848	56.9556
115.5372	59.8270
115.6896	65.2419
115.8420	65.0234
115.9944	61.1376
116.1468	58.8992
116.2992	56.7731
116.4516	58.7493
116.6040	57.6343
116.7564	58.5302
116.9088	57.9461
117.0612	60.7735
117.2136	64.3078
117.3660	68.1767
117.5184	61.1567
117.6708	59.9008
117.8232	57.9638
117.9756	64.8230
118.1280	68.8955
118.2804	69.6584
118.4328	64.3717
118.5852	59.3132
118.7376	56.9824
118.8900	56.3171
119.0424	57.3550
119.1948	59.6932
119.3472	61.2829
119.4996	59.9989
119.6520	62.2040
119.8044	63.1519
119.9568	61.4437
120.1092	60.2705
120.2616	60.9052
120.4140	60.0163
120.5664	57.3632
120.7188	59.5437
120.8712	64.3229
121.0236	65.3629
121.1760	62.1734
121.3284	59.9544
121.4808	63.2155
121.6332	65.4492
121.7856	65.0725
121.9380	62.3440
122.0904	57.9509
122.2428	57.7171
122.3952	55.1736
122.5476	55.0098
122.7000	53.9934
122.8524	55.3050
123.0048	55.1285
123.1572	54.2764
123.3096	53.8463
123.4620	57.8652
123.6144	58.0475
123.7668	58.4044
123.9192	57.6310
124.0716	58.4087
124.2240	57.7153
124.3764	54.1404
124.5288	54.1459
124.6812	55.5774
124.8336	58.3822
124.9860	59.8087
125.1384	61.9602
125.2908	61.4860
125.4432	65.4109
125.5956	65.6455
125.7480	68.5950
125.9004	62.6136
126.0528	59.2451
126.2052	57.5043
126.3576	65.2835
126.5100	65.4504
126.6624	63.3647
126.8148	60.0610
126.9672	62.1044
127.1196	66.8405
127.2720	65.4158
127.4244	64.0930
127.5768	64.0115
127.7292	64.0688
127.8816	64.9731
128.0340	58.6084
128.1864	60.9932
128.3388	57.5040
128.4912	60.3031
128.6436	57.3025
128.7960	60.4906
128.9484	59.9664
129.1008	62.5825
129.2532	58.4792
129.4056	59.5110
129.5580	58.9608
129.7104	65.8113
129.8628	64.6546
130.0152	66.5149
130.1676	60.1618
130.3200	62.7739
130.4724	58.2409
130.6248	60.1953
130.7772	58.8643
130.9296	59.6521
131.0820	58.6232
131.2344	58.0140
131.3868	56.8147
131.5392	57.6850
131.6916	60.9007
131.8440	60.5390
131.9964	60.8714
132.1488	59.8063
132.3012	60.3110
132.4536	60.7595
132.6060	57.6214
132.7584	59.3298
132.9108	57.5360
133.0632	58.0891
133.2156	60.4090
133.3680	61.5632
133.5204	60.5927
133.6728	55.7626
133.8252	55.8587
133.9776	57.2245
134.1300	61.5618
134.2824	68.7201
134.4348	67.8958
134.5872	65.3374
134.7396	61.4083
134.8920	62.1700
135.0444	61.8497
135.1968	57.2094
135.3492	55.7221
135.5016	57.6575
135.6540	59.4524
135.8064	62.5270
135.9588	59.1384
136.1112	61.6876
136.2636	61.5147
136.4160	59.6124
136.5684	59.7799
136.7208	57.0641
136.8732	60.6987
137.0256	61.4172
137.1780	66.5482
137.3304	66.8747
137.4828	61.7340
137.6352	60.4829
137.7876	59.9819
137.9400	63.6105
138.0924	61.4072
138.2448	58.3875
138.3972	59.8830
138.5496	58.8717
138.7020	64.1251
138.8544	61.3355
139.0068	67.4308
139.1592	72.2806
139.3116	73.4353
139.4640	67.1801
139.6164	62.4455
139.7688	59.0931
139.9212	60.3175
140.0736	56.3825
140.2260	59.2216
140.3784	64.5534
140.5308	67.7036
140.6832	66.2924
140.8356	60.6077
140.9880	59.8472
141.1404	58.9286
141.2928	58.5537
141.4452	60.7420
141.5976	58.7073
141.7500	55.6893
141.9024	53.3713
142.0548	54.3839
142.2072	58.9490
142.3596	61.1239
142.5120	67.5966
142.6644	62.4684
142.8168	63.6321
142.9692	58.6809
143.1216	62.8580
143.2740	65.3234
143.4264	66.9098
143.5788	65.2369
143.7312	61.7404
143.8836	62.1353
144.0360	64.4195
144.1884	64.6038
144.3408	62.5998
144.4932	65.9798
144.6456	67.1807
144.7980	62.4789
144.9504	55.0624
145.1028	55.3498
145.2552	58.3783
145.4076	60.9756
145.5600	60.7161
145.7124	60.3846
145.8648	57.6319
146.0172	51.8320
146.1696	51.1675
146.3220	54.0927
146.4744	60.0501
146.6268	61.7591
146.7792	61.9602
146.9316	63.5853
147.0840	63.6560
147.2364	63.5765
147.3888	61.2318
147.5412	58.2114
147.6936	56.9523
147.8460	55.6789
147.9984	59.7684
148.1508	59.8139
148.3032	63.1154
148.4556	60.1856
148.6080	59.4200
148.7604	58.7033
148.9128	60.0201
149.0652	62.6103
149.2176	62.6944
149.3700	62.6227
149.5224	60.4110
149.6748	57.6778
149.8272	56.3198
149.9796	58.5433
150.1320	62.3597
150.2844	66.1091
150.4368	59.3956
150.5892	58.4877
150.7416	59.6440
150.8940	65.0258
151.0464	65.2363
151.1988	62.7899
151.3512	59.0625
151.5036	57.3348
151.6560	59.1250
151.8084	61.1783
151.9608	60.4098
152.1132	58.9720
152.2656	59.1148
152.4180	59.4377
152.5704	58.3763
152.7228	57.1150
152.8752	56.9212
153.0276	60.2903
153.1800	63.9686
153.3324	62.2535
153.4848	58.8740
153.6372	55.3355
153.7896	58.3108
153.9420	60.1859
154.0944	62.9846
154.2468	63.5322
154.3992	59.4601
154.5516	56.0299
154.7040	51.6847
154.8564	52.7259
155.0088	56.7775
155.1612	59.7971
155.3136	58.4516
155.4660	56.0708
155.6184	54.6253
155.7708	53.3202
155.9232	55.7179
156.0756	57.6571
156.2280	60.2337
156.3804	57.6240
156.5328	56.9384
156.6852	58.1516
156.8376	56.0032
156.9900	55.2700
157.1424	52.0019
157.2948	53.6790
157.4472	54.1583
157.5996	57.4273
157.7520	54.4891
157.9044	54.1234
158.0568	54.6322
158.2092	54.7513
158.3616	55.4305
158.5140	52.1200
158.6664	51.8232
158.8188	50.6932
158.9712	51.1849
159.1236	50.6286
159.2760	51.4076
159.4284	52.4475
159.5808	57.6266
159.7332	60.2087
159.8856	63.0614
160.0380	58.5814
160.1904	58.4522
160.3428	52.3405
160.4952	52.9348
160.6476	52.6309
160.8000	56.1364
160.9524	56.8200
161.1048	54.7407
161.2572	55.9283
161.4096	57.6528
161.5620	57.8974
161.7144	56.8679
161.8668	54.4924
162.0192	53.1848
162.1716	51.4270
162.3240	52.4615
162.4764	51.5411
162.6288	55.4078
162.7812	53.1348
162.9336	57.5909
163.0860	58.8252
163.2384	65.6409
163.3908	62.9655
163.5432	57.5232
163.6956	55.4669
163.8480	58.3121
164.0004	59.7119
164.1528	60.6797
164.3052	57.7192
164.4576	57.1883
164.6100	54.8237
164.7624	55.4508
164.9148	55.5427
165.0672	55.4851
165.2196	53.6857
165.3720	55.1448
165.5244	57.7921
165.6768	60.1986
165.8292	58.4158
165.9816	57.5133
166.1340	56.0002
166.2864	58.2045
166.4388	57.1297
166.5912	57.4648
166.7436	54.2728
166.8960	54.9225
167.0484	54.9388
167.2008	55.1618
167.3532	53.8848
167.5056	56.6656
167.6580	58.6464
167.8104	60.0355
167.9628	61.6033
168.1152	59.9798
168.2676	59.5240
168.4200	56.4533
168.5724	59.8502
168.7248	58.0418
168.8772	58.5234
169.0296	55.9470
169.1820	56.9016
169.3344	60.1669
169.4868	62.7172
169.6392	64.9957
169.7916	60.2706
169.9440	58.3500
170.0964	58.5056
170.2488	60.2655
170.4012	62.1079
170.5536	58.8076
170.7060	60.5863
170.8584	60.8209
171.0108	63.6332
171.1632	61.1275
171.3156	58.0756
171.4680	59.6921
171.6204	59.5997
171.7728	60.5871
171.9252	57.6054
172.0776	55.9639
172.2300	55.2879
172.3824	57.0903
172.5348	57.2830
172.6872	59.6934
172.8396	58.8894
172.9920	60.5935
173.1444	60.4582
173.2968	60.9031
173.4492	59.2397
173.6016	57.1588
173.7540	54.0396
173.9064	55.0676
174.0588	55.3441
174.2112	56.8205
174.3636	56.2319
174.5160	58.7135
174.6684	61.9880
174.8208	61.4833
174.9732	58.0198
175.1256	59.7469
175.2780	59.8400
175.4304	60.2671
175.5828	57.2967
175.7352	56.0695
175.8876	56.7978
176.0400	58.8573
176.1924	60.9364
176.3448	62.0958
176.4972	64.2196
176.6496	69.2542
176.8020	67.2433
176.9544	62.8114
177.1068	59.8701
177.2592	61.1413
177.4116	61.3402
177.5640	58.4203
177.7164	58.3247
177.8688	56.1597
178.0212	58.7811
178.1736	56.8509
178.3260	60.2826
178.4784	59.6122
178.6308	58.9925
178.7832	56.1568
178.9356	55.9247
179.0880	55.2871
179.2404	57.3597
179.3928	58.6049
179.5452	61.9431
179.6976	59.5777
179.8500	56.0417
180.0024	55.5079
180.1548	58.9031
180.3072	64.6539
180.4596	67.3284
180.6120	59.7954
180.7644	58.3763
180.9168	59.6309
181.0692	62.7605
181.2216	62.9045
181.3740	58.3763
181.5264	58.3795
181.6788	57.3151
181.8312	58.4043
181.9836	57.8498
182.1360	58.0676
182.2884	55.8677
182.4408	52.6319
182.5932	52.5046
182.7456	55.2848
182.8980	58.6073
183.0504	57.7507
183.2028	58.0557
183.3552	56.7738
183.5076	58.2602
183.6600	56.8752
183.8124	58.9610
183.9648	61.3275
184.1172	61.8092
184.2696	61.1258
184.4220	58.3621
184.5744	57.2639
184.7268	58.2018
184.8792	59.1842
185.0316	60.8628
185.1840	60.3828
185.3364	62.3294
185.4888	61.3878
185.6412	60.5110
185.7936	56.9342
185.9460	60.9204
186.0984	63.3059
186.2508	61.2442
186.4032	58.6281
186.5556	59.0237
186.7080	60.1843
186.8604	58.0348
187.0128	53.9031
187.1652	55.6371
187.3176	56.4098
187.4700	60.0188
187.6224	59.4057
187.7748	59.5928
187.9272	57.4957
188.0796	60.3352
188.2320	62.0734
188.3844	65.9989
188.5368	61.4844
188.6892	61.1099
188.8416	59.3120
188.9940	58.2671
189.1464	58.2248
189.2988	60.7661
189.4512	61.0689
189.6036	59.1132
189.7560	58.2806
189.9084	61.6265
190.0608	59.7364
190.2132	58.2273
190.3656	55.1964
190.5180	55.4077
190.6704	56.7578
190.8228	57.0429
190.9752	58.5345
191.1276	59.5230
191.2800	62.0861
191.4324	64.6933
191.5848	65.6984
191.7372	61.7881
191.8896	57.4086
192.0420	53.2146
192.1944	53.7090
192.3468	56.2229
192.4992	58.4757
192.6516	62.5322
192.8040	62.1852
192.9564	61.0317
193.1088	58.9037
193.2612	59.2394
193.4136	58.6670
193.5660	55.9150
193.7184	54.8535
193.8708	54.9088
194.0232	58.5128
194.1756	60.1472
194.3280	60.3376
194.4804	63.0783
194.6328	68.2402
194.7852	76.0251
194.9376	71.8659
195.0900	66.3767
195.2424	61.8186
195.3948	58.1340
195.5472	53.4829
195.6996	54.4051
195.8520	52.2754
196.0044	53.6802
196.1568	52.8974
196.3092	55.0793
196.4616	57.8873
196.6140	59.4204
196.7664	58.5955
196.9188	62.7452
197.0712	64.2408
197.2236	65.2232
197.3760	58.8178
197.5284	56.2153
197.6808	56.1350
197.8332	55.5918
197.9856	59.0507
198.1380	62.4027
198.2904	66.7203
198.4428	64.4937
198.5952	61.0711
198.7476	59.2769
198.9000	59.8326
199.0524	63.0114
199.2048	66.0166
199.3572	63.5391
199.5096	62.2711
199.6620	61.2010
199.8144	62.6997
199.9668	65.7190
200.1192	62.5753
200.2716	58.1668
200.4240	52.7567
200.5764	52.5717
200.7288	54.7023
200.8812	57.6433
201.0336	54.8433
201.1860	53.3673
201.3384	55.0334
201.4908	58.0414
201.6432	58.7364
201.7956	56.9088
201.9480	60.6810
202.1004	57.5185
202.2528	55.4172
202.4052	51.1680
202.5576	51.8690
202.7100	53.5580
202.8624	53.9883
203.0148	58.9300
203.1672	58.7307
203.3196	63.9518
203.4720	62.1253
203.6244	62.8169
203.7768	61.2230
203.9292	62.4241
204.0816	63.5387
204.2340	62.7207
204.3864	53.9826
204.5388	55.3572
204.6912	57.5158
204.8436	63.0087
204.9960	62.1508
205.1484	59.8305
205.3008	62.9663
205.4532	57.7799
205.6056	57.0903
205.7580	58.5866
205.9104	65.0866
206.0628	66.6974
206.2152	60.1767
206.3676	56.9690
206.5200	55.5135
206.6724	59.0313
206.8248	58.5787
206.9772	57.0341
207.1296	52.6456
207.2820	53.0042
207.4344	56.9601
207.5868	62.3063
207.7392	58.8528
207.8916	53.6285
208.0440	51.7368
208.1964	51.3094
208.3488	53.0222
208.5012	53.6422
208.6536	52.2246
208.8060	54.1486
208.9584	57.8660
209.1108	63.1318
209.2632	61.7658
209.4156	60.3792
209.5680	61.2223
209.7204	58.4350
209.8728	59.3056
210.0252	58.4169
210.1776	60.5828
210.3300	55.3567
210.4824	58.6819
210.6348	59.0382
210.7872	61.1593
210.9396	59.9226
211.0920	57.5298
211.2444	61.1825
211.3968	57.6717
211.5492	59.2695
211.7016	55.0053
211.8540	53.4490
212.0064	52.4722
212.1588	54.1693
212.3112	60.1500
212.4636	56.1358
212.6160	53.2978
212.7684	51.4454
212.9208	56.6364
213.0732	58.1897
213.2256	59.6137
213.3780	55.0777
213.5304	56.1205
213.6828	54.3446
213.8352	58.0162
213.9876	55.8953
214.1400	57.2859
214.2924	54.4625
214.4448	51.9134
214.5972	52.0960
214.7496	53.3833
214.9020	56.9281
215.0544	53.5623
215.2068	50.8004
215.3592	49.0770
215.5116	52.0916
215.6640	57.5173
215.8164	63.5834
215.9688	54.5944
216.1212	51.2399
216.2736	49.0241
216.4260	54.2441
216.5784	55.5426
216.7308	60.0540
216.8832	61.7369
217.0356	59.9823
217.1880	58.1345
217.3404	58.0223
217.4928	60.0262
217.6452	56.2924
217.7976	53.6523
217.9500	52.8473
218.1024	53.4119
218.2548	55.9401
218.4072	64.2267
218.5596	64.2802
218.7120	67.1725
218.8644	60.1440
219.0168	59.1936
219.1692	57.0212
219.3216	55.9956
219.4740	56.8761
219.6264	56.0711
219.7788	58.9519
219.9312	60.6988
220.0836	65.2746
220.2360	65.8058
220.3884	64.9585
220.5408	59.9413
220.6932	59.1009
220.8456	58.8616
220.9980	58.1203
221.1504	53.9628
221.3028	53.9343
221.4552	53.8020
221.6076	57.1206
221.7600	57.8988
221.9124	60.5406
222.0648	59.5809
222.2172	66.3916
222.3696	64.8971
222.5220	61.5200
222.6744	54.4807
222.8268	51.8913
222.9792	53.1220
223.1316	58.4866
223.2840	63.8910
223.4364	64.8631
223.5888	58.9802
223.7412	58.6494
223.8936	59.0479
224.0460	57.3620
224.1984	58.9110
224.3508	59.9147
224.5032	60.1798
224.6556	60.0952
224.8080	61.5302
224.9604	63.5739
225.1128	59.2110
225.2652	54.1098
225.4176	52.4935
225.5700	52.6771
225.7224	53.6779
225.8748	58.7907
226.0272	64.8151
226.1796	63.9135
226.3320	58.2566
226.4844	54.2011
226.6368	57.1638
226.7892	57.7787
226.9416	57.8803
227.0940	55.7702
227.2464	55.8707
227.3988	54.1679
227.5512	57.2639
227.7036	56.2946
227.8560	63.0651
228.0084	59.3556
228.1608	57.3885
228.3132	52.9592
228.4656	51.9449
228.6180	51.0988
228.7704	56.2630
228.9228	53.4302
229.0752	56.3963
229.2276	54.5689
229.3800	59.7812
229.5324	61.5835
229.6848	57.7644
229.8372	56.8821
229.9896	56.7788
230.1420	61.8893
230.2944	62.9867
230.4468	62.6257
230.5992	58.6588
230.7516	59.7199
230.9040	56.9799
231.0564	55.1855
231.2088	54.5530
231.3612	53.9492
231.5136	52.9917
231.6660	55.4735
231.8184	58.9026
231.9708	61.0712
232.1232	61.0538
232.2756	60.0565
232.4280	60.2673
232.5804	56.5789
232.7328	56.0607
232.8852	54.6985
233.0376	56.8442
233.1900	59.8787
233.3424	63.4998
233.4948	60.7663
233.6472	59.2786
233.7996	57.9351
233.9520	60.4027
234.1044	59.9597
234.2568	56.6172
234.4092	55.2480
234.5616	55.8961
234.7140	62.8905
234.8664	59.9856
235.0188	54.9928
235.1712	54.8071
235.3236	56.1613
235.4760	60.6081
235.6284	61.2950
235.7808	57.5606
235.9332	55.3531
236.0856	52.7817
236.2380	54.1422
236.3904	56.4690
236.5428	54.4014
236.6952	55.8492
236.8476	57.8033
237.0000	59.7846
237.1524	59.5028
237.3048	55.1769
237.4572	52.7004
237.6096	53.5543
237.7620	56.0989
237.9144	61.0837
238.0668	56.8497
238.2192	57.4541
238.3716	59.1862
238.5240	60.7785
238.6764	56.4724
238.8288	54.8464
238.9812	56.3959
239.1336	56.0041
239.2860	54.2983
239.4384	56.4098
239.5908	59.4813
239.7432	62.4320
239.8956	61.5339
240.0480	64.6034
240.2004	59.8963
240.3528	58.6942
240.5052	55.9727
240.6576	57.9062
240.8100	57.9273
240.9624	54.5053
241.1148	53.7266
241.2672	54.1534
241.4196	58.4797
241.5720	59.3866
241.7244	55.2250
241.8768	52.7355
242.0292	53.0693
242.1816	56.6756
242.3340	58.0862
242.4864	55.9543
242.6388	53.8265
242.7912	54.2754
242.9436	56.9472
243.0960	56.5358
243.2484	58.5255
243.4008	59.8790
243.5532	59.0271
243.7056	60.0705
243.8580	58.0449
244.0104	57.0947
244.1628	54.9100
244.3152	54.7152
244.4676	59.0210
244.6200	61.2251
244.7724	64.8907
244.9248	64.3319
245.0772	59.2156
245.2296	59.4922
245.3820	58.6347
245.5344	58.3399
245.6868	54.4246
245.8392	54.8344
245.9916	55.4830
246.1440	54.2623
246.2964	54.7217
246.4488	54.7031
246.6012	55.0226
246.7536	54.8561
246.9060	56.6232
247.0584	63.7835
247.2108	60.1833
247.3632	63.7375
247.5156	61.8651
247.6680	69.2690
247.8204	66.6036
247.9728	66.4127
248.1252	62.0834
248.2776	60.3856
248.4300	56.6597
248.5824	57.7340
248.7348	55.1685
248.8872	57.8444
249.0396	57.0221
249.1920	57.5545
249.3444	53.5409
249.4968	53.0469
249.6492	53.9923
249.8016	58.7543
249.9540	58.9379
250.1064	61.7435
250.2588	57.4795
250.4112	59.5031
250.5636	58.5021
250.7160	62.0653
250.8684	59.3366
251.0208	59.5237
251.1732	58.8642
251.3256	62.0207
251.4780	65.2995
251.6304	70.7587
251.7828	73.4821
251.9352	67.8080
252.0876	63.7893
252.2400	60.5195
252.3924	61.0717
252.5448	62.9761
252.6972	63.3900
252.8496	62.7537
253.0020	61.5881
253.1544	56.0995
253.3068	54.3656
253.4592	53.6533
253.6116	57.6349
253.7640	56.1214
253.9164	56.4988
254.0688	55.4363
254.2212	59.6088
254.3736	59.9941
254.5260	64.3497
254.6784	62.0649
254.8308	63.1794
254.9832	63.9120
255.1356	70.4670
255.2880	67.3195
255.4404	64.8573
255.5928	62.9498
255.7452	62.6011
255.8976	57.7267
256.0500	56.8480
256.2024	56.6641
256.3548	61.4514
256.5072	59.5848
256.6596	60.7061
256.8120	60.7657
256.9644	65.0408
257.1168	64.5118
257.2692	61.7596
257.4216	62.2143
257.5740	64.1854
257.7264	66.7844
257.8788	68.6632
258.0312	68.9122
258.1836	65.2797
258.3360	60.5186
258.4884	57.7126
258.6408	61.5349
258.7932	64.3130
258.9456	66.5755
259.0980	68.1134
259.2504	66.1669
259.4028	67.2540
259.5552	65.7351
259.7076	68.5461
259.8600	67.8795
260.0124	61.3410
260.1648	58.3195
260.3172	60.9747
260.4696	62.8509
260.6220	62.3814
260.7744	58.2072
260.9268	59.3968
261.0792	57.8729
261.2316	56.7525
261.3840	61.8914
261.5364	68.3603
261.6888	67.7450
261.8412	61.3422
261.9936	55.9484
262.1460	58.6363
262.2984	60.2797
262.4508	64.4683
262.6032	66.3307
262.7556	62.0353
262.9080	63.0057
263.0604	61.3196
263.2128	61.5563
263.3652	62.3527
263.5176	64.6181
263.6700	65.3025
263.8224	63.3483
263.9748	58.8862
264.1272	59.3921
264.2796	59.4662
264.4320	69.2990
264.5844	71.4827
264.7368	69.3101
264.8892	59.2724
265.0416	55.7651
265.1940	58.1160
265.3464	58.4655
265.4988	65.7725
265.6512	69.8922
265.8036	74.2396
265.9560	65.9103
266.1084	64.4821
266.2608	64.2080
266.4132	67.1866
266.5656	61.9995
266.7180	57.1493
266.8704	62.5207
267.0228	62.1836
267.1752	64.9806
267.3276	57.3018
267.4800	58.2826
267.6324	61.3689
267.7848	66.7284
267.9372	66.3737
268.0896	65.2737
268.2420	61.2640
268.3944	58.9236
268.5468	58.9504
268.6992	60.9248
268.8516	67.6502
269.0040	64.6876
269.1564	57.5237
269.3088	55.2487
269.4612	54.5815
269.6136	58.5778
269.7660	56.3955
269.9184	57.7371
270.0708	61.5139
270.2232	65.4734
270.3756	66.7697
270.5280	63.7113
270.6804	65.4775
270.8328	63.1161
270.9852	60.8234
271.1376	57.9689
271.2900	59.8766
271.4424	59.4953
271.5948	62.6462
271.7472	62.8696
271.8996	69.8207
272.0520	65.5132
272.2044	58.8788
272.3568	56.9019
272.5092	53.9863
272.6616	57.5565
272.8140	56.0286
272.9664	56.5069
273.1188	55.4951
273.2712	55.3942
273.4236	60.7363
273.5760	64.9875
273.7284	73.9204
273.8808	65.0590
274.0332	66.3520
274.1856	60.6383
274.3380	63.8238
274.4904	63.7477
274.6428	64.5603
274.7952	59.6010
274.9476	57.7008
275.1000	57.0554
275.2524	58.0913
275.4048	55.6549
275.5572	57.7932
275.7096	58.7515
275.8620	60.4214
276.0144	57.5054
276.1668	61.7222
276.3192	61.6859
276.4716	60.8842
276.6240	55.9433
276.7764	58.2105
276.9288	58.9512
277.0812	61.0879
277.2336	63.6836
277.3860	67.5791
277.5384	65.2878
277.6908	61.3682
277.8432	61.2471
277.9956	64.0507
278.1480	63.0354
278.3004	63.1910
278.4528	65.4847
278.6052	67.1734
278.7576	63.6769
278.9100	61.7936
279.0624	60.7710
279.2148	62.4647
279.3672	71.0107
279.5196	74.5424
279.6720	64.8705
279.8244	57.7025
279.9768	57.8728
280.1292	63.2260
280.2816	62.9905
280.4340	58.5534
280.5864	59.4642
280.7388	60.9562
280.8912	68.8718
281.0436	64.1275
281.1960	64.8512
281.3484	59.7463
281.5008	65.5283
281.6532	64.8387
281.8056	64.0996
281.9580	62.0713
282.1104	60.4143
282.2628	60.9648
282.4152	58.0954
282.5676	58.1910
282.7200	60.7957
282.8724	61.5182
283.0248	66.9902
283.1772	61.6590
283.3296	59.5037
283.4820	55.5520
283.6344	58.8861
283.7868	62.9410
283.9392	65.2562
284.0916	66.9589
284.2440	69.3823
284.3964	66.4833
284.5488	59.3056
284.7012	58.5590
284.8536	61.7912
285.0060	63.2753
285.1584	62.5859
285.3108	61.6140
285.4632	67.3628
285.6156	69.3982
285.7680	70.3544
285.9204	65.5527
286.0728	63.6026
286.2252	58.8651
286.3776	61.2920
286.5300	62.9748
286.6824	69.6856
286.8348	68.8618
286.9872	64.6252
287.1396	62.3321
287.2920	62.9556
287.4444	68.6385
287.5968	66.9743
287.7492	70.1060
287.9016	67.5987
288.0540	72.7385
288.2064	66.0549
288.3588	62.7374
288.5112	60.3025
288.6636	61.4098
288.8160	61.3191
288.9684	60.8511
289.1208	64.4621
289.2732	64.9636
289.4256	68.0373
289.5780	60.0710
289.7304	58.5404
289.8828	58.8916
290.0352	64.3967
290.1876	71.2987
290.3400	71.3361
290.4924	67.0319
290.6448	66.6903
290.7972	62.6595
290.9496	63.1821
291.1020	58.7197
291.2544	61.3022
291.4068	62.6270
291.5592	71.1176
291.7116	74.0126
291.8640	67.9987
292.0164	62.0025
292.1688	58.7139
292.3212	61.3585
292.4736	63.6414
292.6260	63.0794
292.7784	64.3288
292.9308	59.1420
293.0832	63.4169
293.2356	59.3213
293.3880	56.0195
293.5404	54.1516
293.6928	59.9661
293.8452	71.2804
293.9976	76.7789
294.1500	74.5788
294.3024	72.4977
294.4548	71.6735
294.6072	67.4081
294.7596	66.7654
294.9120	65.7152
295.0644	68.7897
295.2168	69.1383
295.3692	66.6678
295.5216	63.2374
295.6740	62.1966
295.8264	64.1515
295.9788	65.6982
296.1312	64.1496
296.2836	62.7004
296.4360	62.0066
296.5884	65.0134
296.7408	67.9730
296.8932	69.0607
297.0456	72.2624
297.1980	70.2406
297.3504	70.3522
297.5028	72.6123
297.6552	72.4602
297.8076	70.2867
297.9600	63.7465
298.1124	66.4297
298.2648	67.5625
298.4172	69.2341
298.5696	63.4295
298.7220	63.1707
298.8744	65.7203
299.0268	67.7629
299.1792	67.4103
299.3316	69.8755
299.4840	69.2109
299.6364	72.2232
299.7888	67.1080
299.9412	61.7016
300.0936	58.4733
300.2460	60.9399
300.3984	64.5033
300.5508	65.5918
300.7032	60.9021
300.8556	56.3141
301.0080	52.5671
301.1604	52.4060
301.3128	55.1110
301.4652	56.3491
301.6176	57.4329
301.7700	59.1252
301.9224	60.6407
302.0748	54.6380
302.2272	52.9175
302.3796	52.2773
302.5320	51.5442
302.6844	48.8362
302.8368	49.1910
302.9892	51.0148
303.1416	54.1907
303.2940	53.9856
303.4464	52.3469
303.5988	52.6157
303.7512	50.7228
303.9036	52.6684
304.0560	50.9505
304.2084	50.1823
304.3608	50.4962
304.5132	47.2987
304.6656	48.9836
304.8180	50.1965
304.9704	53.8903
305.1228	55.2495
305.2752	56.3108
305.4276	58.0891
305.5800	64.3985
305.7324	66.7370
305.8848	70.8689
306.0372	66.5205
306.1896	65.6564
306.3420	65.2847
306.4944	64.2363
306.6468	66.1078
306.7992	64.3369
306.9516	60.4556
307.1040	60.1699
307.2564	61.3335
307.4088	69.3051
307.5612	70.1619
307.7136	68.3920
307.8660	65.0218
308.0184	70.6897
308.1708	71.4802
308.3232	75.8419
308.4756	65.1162
308.6280	66.9203
308.7804	64.6819
308.9328	69.0277
309.0852	69.6432
309.2376	69.6673
309.3900	74.6909
309.5424	68.8894
309.6948	63.0552
309.8472	57.1200
309.9996	54.9090
310.1520	54.3129
310.3044	53.3911
310.4568	54.4342
310.6092	61.7834
310.7616	64.4040
310.9140	60.5294
311.0664	59.2893
311.2188	61.5647
311.3712	69.9844
311.5236	69.3298
311.6760	65.3659
311.8284	63.8734
311.9808	64.9778
312.1332	65.6938
312.2856	61.8879
312.4380	57.9601
312.5904	56.4037
312.7428	57.8429
312.8952	59.0895
313.0476	63.3006
313.2000	65.0230
313.3524	69.0479
313.5048	67.5412
313.6572	63.1662
313.8096	59.3057
313.9620	60.2533
314.1144	61.6377
314.2668	60.8709
314.4192	57.0178
314.5716	57.2096
314.7240	59.8506
314.8764	63.4276
315.0288	61.4068
315.1812	58.7628
315.3336	58.8147
315.4860	64.8111
315.6384	71.9072
315.7908	76.9193
315.9432	69.4580
316.0956	67.7806
316.2480	63.2847
316.4004	60.1775
316.5528	53.8311
316.7052	52.4786
316.8576	56.0483
317.0100	63.1430
317.1624	64.5863
317.3148	61.4541
317.4672	63.5366
317.6196	65.5473
317.7720	72.4258
317.9244	65.6564
318.0768	62.2404
318.2292	61.1819
318.3816	63.8797
318.5340	64.4820
318.6864	61.0144
318.8388	61.6706
318.9912	65.7586
319.1436	72.8294
319.2960	65.1406
319.4484	59.3934
319.6008	59.5904
319.7532	63.2119
319.9056	66.4096
320.0580	66.0645
320.2104	66.9600
320.3628	69.6009
320.5152	63.7505
320.6676	61.2256
320.8200	56.3507
320.9724	57.9712
321.1248	54.7084
321.2772	55.0028
321.4296	55.0144
321.5820	59.0762
321.7344	65.0077
321.8868	67.2735
322.0392	61.9881
322.1916	57.8465
322.3440	55.9372
322.4964	61.1107
322.6488	67.3207
322.8012	69.7510
322.9536	68.1366
323.1060	66.5126
323.2584	70.4718
323.4108	70.3764
323.5632	64.2849
323.7156	58.5312
323.8680	57.4080
324.0204	58.8813
324.1728	59.3091
324.3252	62.5435
324.4776	62.6261
324.6300	60.6352
324.7824	56.6494
324.9348	55.2477
325.0872	56.9935
325.2396	56.9307
325.3920	57.9916
325.5444	59.8916
325.6968	62.9533
325.8492	62.7432
326.0016	58.9852
326.1540	60.6556
326.3064	63.8467
326.4588	67.6984
326.6112	64.6636
326.7636	60.0215
326.9160	59.1187
327.0684	58.3744
327.2208	60.9705
327.3732	63.5654
327.5256	65.5555
327.6780	66.0121
327.8304	69.9239
327.9828	75.5540
328.1352	74.2267
328.2876	65.8363
328.4400	61.1354
328.5924	57.1406
328.7448	61.2810
328.8972	60.9353
329.0496	67.9264
329.2020	64.9059
329.3544	67.5216
329.5068	69.9359
329.6592	69.2982
329.8116	65.6837
329.9640	58.9619
330.1164	59.5130
330.2688	58.3130
330.4212	63.3106
330.5736	58.9555
330.7260	60.5729
330.8784	60.8014
331.0308	61.0169
331.1832	64.5825
331.3356	62.8431
331.4880	69.9458
331.6404	66.1695
331.7928	66.5344
331.9452	62.0064
332.0976	60.7801
332.2500	63.5420
332.4024	66.1980
332.5548	71.4571
332.7072	70.9458
332.8596	69.3730
333.0120	69.7511
333.1644	67.1567
333.3168	66.7276
333.4692	61.2555
333.6216	56.2387
333.7740	54.4912
333.9264	54.8511
334.0788	59.0867
334.2312	60.7590
334.3836	62.2376
334.5360	61.4976
334.6884	61.2108
334.8408	58.7850
334.9932	58.1169
335.1456	60.6214
335.2980	63.0566
335.4504	63.3941
335.6028	62.8375
335.7552	62.9417
335.9076	61.9885
336.0600	61.0866
336.2124	63.1270
336.3648	58.5106
336.5172	56.4538
336.6696	56.0523
336.8220	59.5451
336.9744	64.2981
337.1268	58.6104
337.2792	60.2660
337.4316	60.3090
337.5840	66.3104
337.7364	72.3243
337.8888	70.8951
338.0412	69.9160
338.1936	62.6120
338.3460	61.6697
338.4984	61.1784
338.6508	62.4404
338.8032	61.0277
338.9556	61.3879
339.1080	61.1921
339.2604	56.8725
339.4128	55.9165
339.5652	59.1871
339.7176	64.7556
339.8700	64.2121
340.0224	61.3779
340.1748	63.0268
340.3272	62.2629
340.4796	58.9208
340.6320	54.5321
340.7844	55.0316
340.9368	57.8761
341.0892	61.7705
341.2416	59.1763
341.3940	58.2941
341.5464	55.4280
341.6988	57.5224
341.8512	56.7104
342.0036	56.4874
342.1560	57.6916
342.3084	58.2180
342.4608	59.3680
342.6132	60.5051
342.7656	57.8253
342.9180	60.5714
343.0704	58.2347
343.2228	60.7137
343.3752	59.0667
343.5276	60.5807
343.6800	70.5965
343.8324	71.3349
343.9848	74.2538
344.1372	63.3876
344.2896	62.9236
344.4420	61.6610
344.5944	60.2979
344.7468	60.9253
344.8992	57.6849
345.0516	61.8843
345.2040	61.3385
345.3564	61.1860
345.5088	58.7404
345.6612	59.1273
345.8136	61.7558
345.9660	63.0567
346.1184	63.1962
346.2708	61.5211
346.4232	60.6130
346.5756	58.0612
346.7280	60.8144
346.8804	57.2128
347.0328	61.4730
347.1852	60.3454
347.3376	63.0479
347.4900	61.6666
347.6424	58.2198
347.7948	58.9262
347.9472	55.0313
348.0996	55.3542
348.2520	53.3351
348.4044	54.8257
348.5568	57.2128
348.7092	57.2540
348.8616	59.5914
349.0140	59.3006
349.1664	60.8207
349.3188	64.0466
349.4712	59.9501
349.6236	64.4785
349.7760	61.8675
349.9284	63.5189
350.0808	61.3113
350.2332	60.6281
350.3856	62.6882
350.5380	62.3189
350.6904	63.9360